fixIdx,legIdx,zoneIdx,tickLead,tickRace,time,lat,lng,alt,togo
1,1,1,-2719.32131546824,-5227.228619080435,,,,879.0,94.583
3,1,3,-2717.32131546824,-5225.228619080435,,,,873.0,94.581
4,1,4,-2716.32131546824,-5224.228619080435,,,,873.0,94.58
7,1,7,-2713.32131546824,-5221.228619080435,,,,874.0,94.578
8,1,8,-2712.32131546824,-5220.228619080435,,,,875.0,94.574
9,1,9,-2711.32131546824,-5219.228619080435,,,,874.0,94.571
10,1,10,-2710.32131546824,-5218.228619080435,,,,872.0,94.568
11,1,11,-2709.32131546824,-5217.228619080435,,,,873.0,94.564
12,1,12,-2708.32131546824,-5216.228619080435,,,,874.0,94.562
13,1,13,-2707.32131546824,-5215.228619080435,,,,874.0,94.559
14,1,14,-2706.32131546824,-5214.228619080435,,,,874.0,94.556
15,1,15,-2705.32131546824,-5213.228619080435,,,,873.0,94.551
16,1,16,-2704.32131546824,-5212.228619080435,,,,870.0,94.546
17,1,17,-2703.32131546824,-5211.228619080435,,,,868.0,94.538
18,1,18,-2702.32131546824,-5210.228619080435,,,,865.0,94.528
19,1,19,-2701.32131546824,-5209.228619080435,,,,862.0,94.514
20,1,20,-2700.32131546824,-5208.228619080435,,,,863.0,94.501
21,1,21,-2699.32131546824,-5207.228619080435,,,,865.0,94.487
22,1,22,-2698.32131546824,-5206.228619080435,,,,868.0,94.474
23,1,23,-2697.32131546824,-5205.228619080435,,,,868.0,94.459
24,1,24,-2696.32131546824,-5204.228619080435,,,,866.0,94.446
25,1,25,-2695.32131546824,-5203.228619080435,,,,871.0,94.431
26,1,26,-2694.32131546824,-5202.228619080435,,,,870.0,94.419
27,1,27,-2693.32131546824,-5201.228619080435,,,,871.0,94.407
28,1,28,-2692.32131546824,-5200.228619080435,,,,873.0,94.396
29,1,29,-2691.32131546824,-5199.228619080435,,,,875.0,94.387
30,1,30,-2690.32131546824,-5198.228619080435,,,,878.0,94.378
31,1,31,-2689.32131546824,-5197.228619080435,,,,881.0,94.37
32,1,32,-2688.32131546824,-5196.228619080435,,,,883.0,94.361
33,1,33,-2687.32131546824,-5195.228619080435,,,,885.0,94.351
34,1,34,-2686.32131546824,-5194.228619080435,,,,888.0,94.337
35,1,35,-2685.32131546824,-5193.228619080435,,,,889.0,94.322
36,1,36,-2684.32131546824,-5192.228619080435,,,,894.0,94.31
37,1,37,-2683.32131546824,-5191.228619080435,,,,897.0,94.304
56,1,56,-2664.32131546824,-5172.228619080435,,,,939.0,94.299
259,1,259,-2461.32131546824,-4969.228619080435,,,,1103.0,94.294
260,1,260,-2460.32131546824,-4968.228619080435,,,,1101.0,94.281
261,1,261,-2459.32131546824,-4967.228619080435,,,,1099.0,94.27
262,1,262,-2458.32131546824,-4966.228619080435,,,,1100.0,94.26
263,1,263,-2457.32131546824,-4965.228619080435,,,,1098.0,94.25
264,1,264,-2456.32131546824,-4964.228619080435,,,,1097.0,94.24
265,1,265,-2455.32131546824,-4963.228619080435,,,,1097.0,94.23
266,1,266,-2454.32131546824,-4962.228619080435,,,,1093.0,94.22
267,1,267,-2453.32131546824,-4961.228619080435,,,,1095.0,94.209
268,1,268,-2452.32131546824,-4960.228619080435,,,,1092.0,94.198
269,1,269,-2451.32131546824,-4959.228619080435,,,,1093.0,94.189
270,1,270,-2450.32131546824,-4958.228619080435,,,,1094.0,94.181
271,1,271,-2449.32131546824,-4957.228619080435,,,,1090.0,94.174
272,1,272,-2448.32131546824,-4956.228619080435,,,,1086.0,94.167
273,1,273,-2447.32131546824,-4955.228619080435,,,,1085.0,94.159
274,1,274,-2446.32131546824,-4954.228619080435,,,,1083.0,94.148
275,1,275,-2445.32131546824,-4953.228619080435,,,,1082.0,94.138
276,1,276,-2444.32131546824,-4952.228619080435,,,,1083.0,94.127
277,1,277,-2443.32131546824,-4951.228619080435,,,,1083.0,94.118
278,1,278,-2442.32131546824,-4950.228619080435,,,,1082.0,94.109
279,1,279,-2441.32131546824,-4949.228619080435,,,,1080.0,94.099
280,1,280,-2440.32131546824,-4948.228619080435,,,,1077.0,94.09
281,1,281,-2439.32131546824,-4947.228619080435,,,,1073.0,94.078
282,1,282,-2438.32131546824,-4946.228619080435,,,,1074.0,94.069
283,1,283,-2437.32131546824,-4945.228619080435,,,,1074.0,94.06
284,1,284,-2436.32131546824,-4944.228619080435,,,,1072.0,94.05
285,1,285,-2435.32131546824,-4943.228619080435,,,,1068.0,94.039
286,1,286,-2434.32131546824,-4942.228619080435,,,,1063.0,94.025
287,1,287,-2433.32131546824,-4941.228619080435,,,,1059.0,94.013
288,1,288,-2432.32131546824,-4940.228619080435,,,,1055.0,93.999
289,1,289,-2431.32131546824,-4939.228619080435,,,,1054.0,93.988
290,1,290,-2430.32131546824,-4938.228619080435,,,,1055.0,93.978
291,1,291,-2429.32131546824,-4937.228619080435,,,,1057.0,93.968
292,1,292,-2428.32131546824,-4936.228619080435,,,,1054.0,93.959
293,1,293,-2427.32131546824,-4935.228619080435,,,,1052.0,93.949
294,1,294,-2426.32131546824,-4934.228619080435,,,,1050.0,93.939
295,1,295,-2425.32131546824,-4933.228619080435,,,,1048.0,93.929
296,1,296,-2424.32131546824,-4932.228619080435,,,,1048.0,93.921
297,1,297,-2423.32131546824,-4931.228619080435,,,,1048.0,93.912
298,1,298,-2422.32131546824,-4930.228619080435,,,,1045.0,93.904
299,1,299,-2421.32131546824,-4929.228619080435,,,,1045.0,93.897
300,1,300,-2420.32131546824,-4928.228619080435,,,,1042.0,93.89
301,1,301,-2419.32131546824,-4927.228619080435,,,,1041.0,93.883
302,1,302,-2418.32131546824,-4926.228619080435,,,,1040.0,93.877
303,1,303,-2417.32131546824,-4925.228619080435,,,,1038.0,93.872
304,1,304,-2416.32131546824,-4924.228619080435,,,,1038.0,93.867
305,1,305,-2415.32131546824,-4923.228619080435,,,,1033.0,93.862
306,1,306,-2414.32131546824,-4922.228619080435,,,,1031.0,93.858
307,1,307,-2413.32131546824,-4921.228619080435,,,,1032.0,93.853
308,1,308,-2412.32131546824,-4920.228619080435,,,,1032.0,93.847
309,1,309,-2411.32131546824,-4919.228619080435,,,,1033.0,93.841
310,1,310,-2410.32131546824,-4918.228619080435,,,,1031.0,93.836
311,1,311,-2409.32131546824,-4917.228619080435,,,,1028.0,93.831
312,1,312,-2408.32131546824,-4916.228619080435,,,,1024.0,93.826
313,1,313,-2407.32131546824,-4915.228619080435,,,,1025.0,93.82
314,1,314,-2406.32131546824,-4914.228619080435,,,,1024.0,93.812
315,1,315,-2405.32131546824,-4913.228619080435,,,,1022.0,93.804
316,1,316,-2404.32131546824,-4912.228619080435,,,,1018.0,93.798
317,1,317,-2403.32131546824,-4911.228619080435,,,,1013.0,93.792
318,1,318,-2402.32131546824,-4910.228619080435,,,,1011.0,93.785
319,1,319,-2401.32131546824,-4909.228619080435,,,,1009.0,93.78
320,1,320,-2400.32131546824,-4908.228619080435,,,,1009.0,93.774
321,1,321,-2399.32131546824,-4907.228619080435,,,,1010.0,93.766
322,1,322,-2398.32131546824,-4906.228619080435,,,,1009.0,93.758
323,1,323,-2397.32131546824,-4905.228619080435,,,,1008.0,93.747
324,1,324,-2396.32131546824,-4904.228619080435,,,,1007.0,93.736
325,1,325,-2395.32131546824,-4903.228619080435,,,,1009.0,93.72
326,1,326,-2394.32131546824,-4902.228619080435,,,,1010.0,93.705
327,1,327,-2393.32131546824,-4901.228619080435,,,,1014.0,93.69
328,1,328,-2392.32131546824,-4900.228619080435,,,,1017.0,93.676
329,1,329,-2391.32131546824,-4899.228619080435,,,,1021.0,93.661
330,1,330,-2390.32131546824,-4898.228619080435,,,,1024.0,93.648
331,1,331,-2389.32131546824,-4897.228619080435,,,,1026.0,93.636
332,1,332,-2388.32131546824,-4896.228619080435,,,,1030.0,93.623
333,1,333,-2387.32131546824,-4895.228619080435,,,,1027.0,93.611
334,1,334,-2386.32131546824,-4894.228619080435,,,,1030.0,93.597
335,1,335,-2385.32131546824,-4893.228619080435,,,,1031.0,93.581
336,1,336,-2384.32131546824,-4892.228619080435,,,,1033.0,93.568
337,1,337,-2383.32131546824,-4891.228619080435,,,,1032.0,93.554
338,1,338,-2382.32131546824,-4890.228619080435,,,,1032.0,93.541
339,1,339,-2381.32131546824,-4889.228619080435,,,,1034.0,93.529
340,1,340,-2380.32131546824,-4888.228619080435,,,,1036.0,93.519
341,1,341,-2379.32131546824,-4887.228619080435,,,,1035.0,93.509
342,1,342,-2378.32131546824,-4886.228619080435,,,,1035.0,93.499
343,1,343,-2377.32131546824,-4885.228619080435,,,,1030.0,93.489
344,1,344,-2376.32131546824,-4884.228619080435,,,,1031.0,93.479
345,1,345,-2375.32131546824,-4883.228619080435,,,,1031.0,93.468
346,1,346,-2374.32131546824,-4882.228619080435,,,,1029.0,93.455
347,1,347,-2373.32131546824,-4881.228619080435,,,,1026.0,93.442
348,1,348,-2372.32131546824,-4880.228619080435,,,,1025.0,93.427
349,1,349,-2371.32131546824,-4879.228619080435,,,,1022.0,93.412
350,1,350,-2370.32131546824,-4878.228619080435,,,,1021.0,93.397
351,1,351,-2369.32131546824,-4877.228619080435,,,,1018.0,93.384
352,1,352,-2368.32131546824,-4876.228619080435,,,,1017.0,93.37
353,1,353,-2367.32131546824,-4875.228619080435,,,,1017.0,93.356
354,1,354,-2366.32131546824,-4874.228619080435,,,,1013.0,93.342
355,1,355,-2365.32131546824,-4873.228619080435,,,,1010.0,93.327
356,1,356,-2364.32131546824,-4872.228619080435,,,,1008.0,93.316
357,1,357,-2363.32131546824,-4871.228619080435,,,,1002.0,93.306
358,1,358,-2362.32131546824,-4870.228619080435,,,,1001.0,93.295
359,1,359,-2361.32131546824,-4869.228619080435,,,,1001.0,93.282
360,1,360,-2360.32131546824,-4868.228619080435,,,,1001.0,93.27
361,1,361,-2359.32131546824,-4867.228619080435,,,,1001.0,93.258
362,1,362,-2358.32131546824,-4866.228619080435,,,,1001.0,93.246
363,1,363,-2357.32131546824,-4865.228619080435,,,,1003.0,93.235
364,1,364,-2356.32131546824,-4864.228619080435,,,,1002.0,93.222
365,1,365,-2355.32131546824,-4863.228619080435,,,,1003.0,93.211
366,1,366,-2354.32131546824,-4862.228619080435,,,,1004.0,93.2
367,1,367,-2353.32131546824,-4861.228619080435,,,,1005.0,93.189
368,1,368,-2352.32131546824,-4860.228619080435,,,,1004.0,93.178
369,1,369,-2351.32131546824,-4859.228619080435,,,,1004.0,93.168
370,1,370,-2350.32131546824,-4858.228619080435,,,,1004.0,93.158
371,1,371,-2349.32131546824,-4857.228619080435,,,,1001.0,93.146
372,1,372,-2348.32131546824,-4856.228619080435,,,,999.0,93.136
373,1,373,-2347.32131546824,-4855.228619080435,,,,995.0,93.127
374,1,374,-2346.32131546824,-4854.228619080435,,,,993.0,93.117
375,1,375,-2345.32131546824,-4853.228619080435,,,,991.0,93.108
376,1,376,-2344.32131546824,-4852.228619080435,,,,990.0,93.099
377,1,377,-2343.32131546824,-4851.228619080435,,,,990.0,93.091
378,1,378,-2342.32131546824,-4850.228619080435,,,,988.0,93.082
379,1,379,-2341.32131546824,-4849.228619080435,,,,985.0,93.073
380,1,380,-2340.32131546824,-4848.228619080435,,,,986.0,93.066
381,1,381,-2339.32131546824,-4847.228619080435,,,,984.0,93.06
382,1,382,-2338.32131546824,-4846.228619080435,,,,981.0,93.053
383,1,383,-2337.32131546824,-4845.228619080435,,,,977.0,93.047
384,1,384,-2336.32131546824,-4844.228619080435,,,,976.0,93.041
385,1,385,-2335.32131546824,-4843.228619080435,,,,974.0,93.034
386,1,386,-2334.32131546824,-4842.228619080435,,,,973.0,93.024
387,1,387,-2333.32131546824,-4841.228619080435,,,,972.0,93.014
388,1,388,-2332.32131546824,-4840.228619080435,,,,968.0,93.001
389,1,389,-2331.32131546824,-4839.228619080435,,,,967.0,92.987
390,1,390,-2330.32131546824,-4838.228619080435,,,,968.0,92.976
391,1,391,-2329.32131546824,-4837.228619080435,,,,967.0,92.965
392,1,392,-2328.32131546824,-4836.228619080435,,,,968.0,92.957
393,1,393,-2327.32131546824,-4835.228619080435,,,,967.0,92.947
394,1,394,-2326.32131546824,-4834.228619080435,,,,969.0,92.939
395,1,395,-2325.32131546824,-4833.228619080435,,,,972.0,92.932
396,1,396,-2324.32131546824,-4832.228619080435,,,,973.0,92.924
397,1,397,-2323.32131546824,-4831.228619080435,,,,977.0,92.919
398,1,398,-2322.32131546824,-4830.228619080435,,,,978.0,92.913
399,1,399,-2321.32131546824,-4829.228619080435,,,,980.0,92.907
400,1,400,-2320.32131546824,-4828.228619080435,,,,981.0,92.899
401,1,401,-2319.32131546824,-4827.228619080435,,,,983.0,92.89
402,1,402,-2318.32131546824,-4826.228619080435,,,,983.0,92.877
403,1,403,-2317.32131546824,-4825.228619080435,,,,986.0,92.862
404,1,404,-2316.32131546824,-4824.228619080435,,,,988.0,92.847
405,1,405,-2315.32131546824,-4823.228619080435,,,,989.0,92.832
406,1,406,-2314.32131546824,-4822.228619080435,,,,987.0,92.822
407,1,407,-2313.32131546824,-4821.228619080435,,,,990.0,92.814
408,1,408,-2312.32131546824,-4820.228619080435,,,,993.0,92.811
422,1,422,-2298.32131546824,-4806.228619080435,,,,1024.0,92.808
423,1,423,-2297.32131546824,-4805.228619080435,,,,1025.0,92.797
424,1,424,-2296.32131546824,-4804.228619080435,,,,1028.0,92.787
425,1,425,-2295.32131546824,-4803.228619080435,,,,1032.0,92.782
442,1,442,-2278.32131546824,-4786.228619080435,,,,1079.0,92.775
443,1,443,-2277.32131546824,-4785.228619080435,,,,1083.0,92.769
444,1,444,-2276.32131546824,-4784.228619080435,,,,1085.0,92.766
568,1,568,-2152.32131546824,-4660.228619080435,,,,1303.0,92.754
569,1,569,-2151.32131546824,-4659.228619080435,,,,1304.0,92.74
570,1,570,-2150.32131546824,-4658.228619080435,,,,1304.0,92.727
571,1,571,-2149.32131546824,-4657.228619080435,,,,1303.0,92.713
572,1,572,-2148.32131546824,-4656.228619080435,,,,1306.0,92.701
573,1,573,-2147.32131546824,-4655.228619080435,,,,1305.0,92.691
574,1,574,-2146.32131546824,-4654.228619080435,,,,1306.0,92.682
575,1,575,-2145.32131546824,-4653.228619080435,,,,1306.0,92.674
576,1,576,-2144.32131546824,-4652.228619080435,,,,1306.0,92.667
577,1,577,-2143.32131546824,-4651.228619080435,,,,1307.0,92.661
578,1,578,-2142.32131546824,-4650.228619080435,,,,1306.0,92.655
579,1,579,-2141.32131546824,-4649.228619080435,,,,1305.0,92.65
580,1,580,-2140.32131546824,-4648.228619080435,,,,1305.0,92.644
581,1,581,-2139.32131546824,-4647.228619080435,,,,1304.0,92.639
582,1,582,-2138.32131546824,-4646.228619080435,,,,1306.0,92.636
583,1,583,-2137.32131546824,-4645.228619080435,,,,1308.0,92.631
584,1,584,-2136.32131546824,-4644.228619080435,,,,1309.0,92.626
585,1,585,-2135.32131546824,-4643.228619080435,,,,1310.0,92.621
586,1,586,-2134.32131546824,-4642.228619080435,,,,1309.0,92.616
587,1,587,-2133.32131546824,-4641.228619080435,,,,1311.0,92.613
588,1,588,-2132.32131546824,-4640.228619080435,,,,1311.0,92.61
589,1,589,-2131.32131546824,-4639.228619080435,,,,1312.0,92.608
608,1,608,-2112.32131546824,-4620.228619080435,,,,1306.0,92.603
609,1,609,-2111.32131546824,-4619.228619080435,,,,1308.0,92.588
610,1,610,-2110.32131546824,-4618.228619080435,,,,1312.0,92.575
611,1,611,-2109.32131546824,-4617.228619080435,,,,1313.0,92.562
612,1,612,-2108.32131546824,-4616.228619080435,,,,1311.0,92.552
613,1,613,-2107.32131546824,-4615.228619080435,,,,1311.0,92.541
614,1,614,-2106.32131546824,-4614.228619080435,,,,1310.0,92.531
615,1,615,-2105.32131546824,-4613.228619080435,,,,1310.0,92.524
616,1,616,-2104.32131546824,-4612.228619080435,,,,1310.0,92.519
617,1,617,-2103.32131546824,-4611.228619080435,,,,1310.0,92.518
618,1,618,-2102.32131546824,-4610.228619080435,,,,1310.0,92.517
1100,1,1100,-1620.32131546824,-4128.228619080435,,,,1474.0,92.504
1101,1,1101,-1619.32131546824,-4127.228619080435,,,,1471.0,92.49
1102,1,1102,-1618.32131546824,-4126.228619080435,,,,1470.0,92.474
1103,1,1103,-1617.32131546824,-4125.228619080435,,,,1469.0,92.46
1104,1,1104,-1616.32131546824,-4124.228619080435,,,,1469.0,92.443
1105,1,1105,-1615.32131546824,-4123.228619080435,,,,1471.0,92.429
1106,1,1106,-1614.32131546824,-4122.228619080435,,,,1473.0,92.414
1107,1,1107,-1613.32131546824,-4121.228619080435,,,,1474.0,92.4
1108,1,1108,-1612.32131546824,-4120.228619080435,,,,1474.0,92.387
1109,1,1109,-1611.32131546824,-4119.228619080435,,,,1474.0,92.372
1110,1,1110,-1610.32131546824,-4118.228619080435,,,,1471.0,92.359
1111,1,1111,-1609.32131546824,-4117.228619080435,,,,1470.0,92.345
1112,1,1112,-1608.32131546824,-4116.228619080435,,,,1465.0,92.333
1113,1,1113,-1607.32131546824,-4115.228619080435,,,,1462.0,92.319
1114,1,1114,-1606.32131546824,-4114.228619080435,,,,1457.0,92.304
1115,1,1115,-1605.32131546824,-4113.228619080435,,,,1458.0,92.291
1116,1,1116,-1604.32131546824,-4112.228619080435,,,,1455.0,92.277
1117,1,1117,-1603.32131546824,-4111.228619080435,,,,1456.0,92.262
1118,1,1118,-1602.32131546824,-4110.228619080435,,,,1454.0,92.248
1119,1,1119,-1601.32131546824,-4109.228619080435,,,,1452.0,92.235
1120,1,1120,-1600.32131546824,-4108.228619080435,,,,1448.0,92.22
1121,1,1121,-1599.32131546824,-4107.228619080435,,,,1449.0,92.205
1122,1,1122,-1598.32131546824,-4106.228619080435,,,,1446.0,92.191
1123,1,1123,-1597.32131546824,-4105.228619080435,,,,1447.0,92.177
1124,1,1124,-1596.32131546824,-4104.228619080435,,,,1446.0,92.162
1125,1,1125,-1595.32131546824,-4103.228619080435,,,,1445.0,92.146
1126,1,1126,-1594.32131546824,-4102.228619080435,,,,1441.0,92.128
1127,1,1127,-1593.32131546824,-4101.228619080435,,,,1441.0,92.107
1128,1,1128,-1592.32131546824,-4100.228619080435,,,,1441.0,92.088
1129,1,1129,-1591.32131546824,-4099.228619080435,,,,1440.0,92.069
1130,1,1130,-1590.32131546824,-4098.228619080435,,,,1441.0,92.051
1131,1,1131,-1589.32131546824,-4097.228619080435,,,,1440.0,92.034
1132,1,1132,-1588.32131546824,-4096.228619080435,,,,1442.0,92.019
1133,1,1133,-1587.32131546824,-4095.228619080435,,,,1445.0,92.003
1134,1,1134,-1586.32131546824,-4094.228619080435,,,,1445.0,91.988
1135,1,1135,-1585.32131546824,-4093.228619080435,,,,1446.0,91.973
1136,1,1136,-1584.32131546824,-4092.228619080435,,,,1444.0,91.958
1137,1,1137,-1583.32131546824,-4091.228619080435,,,,1446.0,91.942
1138,1,1138,-1582.32131546824,-4090.228619080435,,,,1446.0,91.925
1139,1,1139,-1581.32131546824,-4089.228619080435,,,,1448.0,91.909
1140,1,1140,-1580.32131546824,-4088.228619080435,,,,1447.0,91.893
1141,1,1141,-1579.32131546824,-4087.228619080435,,,,1447.0,91.878
1142,1,1142,-1578.32131546824,-4086.228619080435,,,,1444.0,91.862
1143,1,1143,-1577.32131546824,-4085.228619080435,,,,1442.0,91.845
1144,1,1144,-1576.32131546824,-4084.228619080435,,,,1440.0,91.829
1145,1,1145,-1575.32131546824,-4083.228619080435,,,,1439.0,91.813
1146,1,1146,-1574.32131546824,-4082.228619080435,,,,1434.0,91.797
1147,1,1147,-1573.32131546824,-4081.228619080435,,,,1434.0,91.781
1148,1,1148,-1572.32131546824,-4080.228619080435,,,,1428.0,91.762
1149,1,1149,-1571.32131546824,-4079.228619080435,,,,1422.0,91.743
1150,1,1150,-1570.32131546824,-4078.228619080435,,,,1418.0,91.723
1151,1,1151,-1569.32131546824,-4077.228619080435,,,,1414.0,91.702
1152,1,1152,-1568.32131546824,-4076.228619080435,,,,1410.0,91.682
1153,1,1153,-1567.32131546824,-4075.228619080435,,,,1405.0,91.661
1154,1,1154,-1566.32131546824,-4074.228619080435,,,,1399.0,91.639
1155,1,1155,-1565.32131546824,-4073.228619080435,,,,1392.0,91.617
1156,1,1156,-1564.32131546824,-4072.228619080435,,,,1391.0,91.595
1157,1,1157,-1563.32131546824,-4071.228619080435,,,,1388.0,91.574
1158,1,1158,-1562.32131546824,-4070.228619080435,,,,1388.0,91.555
1159,1,1159,-1561.32131546824,-4069.228619080435,,,,1391.0,91.535
1160,1,1160,-1560.32131546824,-4068.228619080435,,,,1391.0,91.518
1161,1,1161,-1559.32131546824,-4067.228619080435,,,,1392.0,91.501
1162,1,1162,-1558.32131546824,-4066.228619080435,,,,1390.0,91.483
1163,1,1163,-1557.32131546824,-4065.228619080435,,,,1388.0,91.467
1164,1,1164,-1556.32131546824,-4064.228619080435,,,,1384.0,91.449
1165,1,1165,-1555.32131546824,-4063.228619080435,,,,1381.0,91.432
1166,1,1166,-1554.32131546824,-4062.228619080435,,,,1378.0,91.415
1167,1,1167,-1553.32131546824,-4061.228619080435,,,,1379.0,91.397
1168,1,1168,-1552.32131546824,-4060.228619080435,,,,1379.0,91.381
1169,1,1169,-1551.32131546824,-4059.228619080435,,,,1382.0,91.365
1170,1,1170,-1550.32131546824,-4058.228619080435,,,,1382.0,91.348
1171,1,1171,-1549.32131546824,-4057.228619080435,,,,1383.0,91.331
1172,1,1172,-1548.32131546824,-4056.228619080435,,,,1384.0,91.316
1173,1,1173,-1547.32131546824,-4055.228619080435,,,,1383.0,91.299
1174,1,1174,-1546.32131546824,-4054.228619080435,,,,1382.0,91.284
1175,1,1175,-1545.32131546824,-4053.228619080435,,,,1380.0,91.267
1176,1,1176,-1544.32131546824,-4052.228619080435,,,,1375.0,91.249
1177,1,1177,-1543.32131546824,-4051.228619080435,,,,1370.0,91.23
1178,1,1178,-1542.32131546824,-4050.228619080435,,,,1366.0,91.212
1179,1,1179,-1541.32131546824,-4049.228619080435,,,,1362.0,91.195
1180,1,1180,-1540.32131546824,-4048.228619080435,,,,1362.0,91.179
1181,1,1181,-1539.32131546824,-4047.228619080435,,,,1363.0,91.164
1182,1,1182,-1538.32131546824,-4046.228619080435,,,,1364.0,91.149
1183,1,1183,-1537.32131546824,-4045.228619080435,,,,1366.0,91.136
1184,1,1184,-1536.32131546824,-4044.228619080435,,,,1363.0,91.122
1185,1,1185,-1535.32131546824,-4043.228619080435,,,,1362.0,91.107
1186,1,1186,-1534.32131546824,-4042.228619080435,,,,1357.0,91.093
1187,1,1187,-1533.32131546824,-4041.228619080435,,,,1357.0,91.078
1188,1,1188,-1532.32131546824,-4040.228619080435,,,,1353.0,91.063
1189,1,1189,-1531.32131546824,-4039.228619080435,,,,1351.0,91.048
1190,1,1190,-1530.32131546824,-4038.228619080435,,,,1353.0,91.033
1191,1,1191,-1529.32131546824,-4037.228619080435,,,,1350.0,91.018
1192,1,1192,-1528.32131546824,-4036.228619080435,,,,1344.0,91.002
1193,1,1193,-1527.32131546824,-4035.228619080435,,,,1339.0,90.986
1194,1,1194,-1526.32131546824,-4034.228619080435,,,,1336.0,90.968
1195,1,1195,-1525.32131546824,-4033.228619080435,,,,1335.0,90.951
1196,1,1196,-1524.32131546824,-4032.228619080435,,,,1336.0,90.934
1197,1,1197,-1523.32131546824,-4031.228619080435,,,,1337.0,90.92
1198,1,1198,-1522.32131546824,-4030.228619080435,,,,1340.0,90.904
1199,1,1199,-1521.32131546824,-4029.228619080435,,,,1338.0,90.889
1200,1,1200,-1520.32131546824,-4028.228619080435,,,,1339.0,90.873
1201,1,1201,-1519.32131546824,-4027.228619080435,,,,1340.0,90.855
1202,1,1202,-1518.32131546824,-4026.228619080435,,,,1340.0,90.837
1203,1,1203,-1517.32131546824,-4025.228619080435,,,,1342.0,90.821
1204,1,1204,-1516.32131546824,-4024.228619080435,,,,1346.0,90.804
1205,1,1205,-1515.32131546824,-4023.228619080435,,,,1347.0,90.789
1206,1,1206,-1514.32131546824,-4022.228619080435,,,,1351.0,90.773
1207,1,1207,-1513.32131546824,-4021.228619080435,,,,1353.0,90.759
1208,1,1208,-1512.32131546824,-4020.228619080435,,,,1353.0,90.746
1209,1,1209,-1511.32131546824,-4019.228619080435,,,,1357.0,90.732
1210,1,1210,-1510.32131546824,-4018.228619080435,,,,1359.0,90.724
1211,1,1211,-1509.32131546824,-4017.228619080435,,,,1362.0,90.718
1212,1,1212,-1508.32131546824,-4016.228619080435,,,,1366.0,90.715
1213,1,1213,-1507.32131546824,-4015.228619080435,,,,1364.0,90.712
1272,1,1272,-1448.32131546824,-3956.228619080435,,,,1430.0,90.71
1273,1,1273,-1447.32131546824,-3955.228619080435,,,,1431.0,90.694
1274,1,1274,-1446.32131546824,-3954.228619080435,,,,1432.0,90.681
1275,1,1275,-1445.32131546824,-3953.228619080435,,,,1434.0,90.67
1276,1,1276,-1444.32131546824,-3952.228619080435,,,,1434.0,90.663
1277,1,1277,-1443.32131546824,-3951.228619080435,,,,1433.0,90.66
1336,1,1336,-1384.32131546824,-3892.228619080435,,,,1436.0,90.658
1337,1,1337,-1383.32131546824,-3891.228619080435,,,,1437.0,90.652
1338,1,1338,-1382.32131546824,-3890.228619080435,,,,1436.0,90.65
1577,1,1577,-1143.32131546824,-3651.228619080435,,,,1275.0,90.642
1578,1,1578,-1142.32131546824,-3650.228619080435,,,,1272.0,90.626
1579,1,1579,-1141.32131546824,-3649.228619080435,,,,1271.0,90.609
1580,1,1580,-1140.32131546824,-3648.228619080435,,,,1270.0,90.594
1581,1,1581,-1139.32131546824,-3647.228619080435,,,,1268.0,90.579
1582,1,1582,-1138.32131546824,-3646.228619080435,,,,1264.0,90.568
1583,1,1583,-1137.32131546824,-3645.228619080435,,,,1261.0,90.555
1584,1,1584,-1136.32131546824,-3644.228619080435,,,,1257.0,90.541
1585,1,1585,-1135.32131546824,-3643.228619080435,,,,1254.0,90.528
1586,1,1586,-1134.32131546824,-3642.228619080435,,,,1253.0,90.512
1587,1,1587,-1133.32131546824,-3641.228619080435,,,,1250.0,90.497
1588,1,1588,-1132.32131546824,-3640.228619080435,,,,1247.0,90.481
1589,1,1589,-1131.32131546824,-3639.228619080435,,,,1244.0,90.466
1590,1,1590,-1130.32131546824,-3638.228619080435,,,,1243.0,90.45
1591,1,1591,-1129.32131546824,-3637.228619080435,,,,1241.0,90.434
1592,1,1592,-1128.32131546824,-3636.228619080435,,,,1239.0,90.419
1593,1,1593,-1127.32131546824,-3635.228619080435,,,,1238.0,90.402
1594,1,1594,-1126.32131546824,-3634.228619080435,,,,1237.0,90.386
1595,1,1595,-1125.32131546824,-3633.228619080435,,,,1235.0,90.369
1596,1,1596,-1124.32131546824,-3632.228619080435,,,,1232.0,90.353
1597,1,1597,-1123.32131546824,-3631.228619080435,,,,1229.0,90.336
1598,1,1598,-1122.32131546824,-3630.228619080435,,,,1229.0,90.319
1599,1,1599,-1121.32131546824,-3629.228619080435,,,,1227.0,90.302
1600,1,1600,-1120.32131546824,-3628.228619080435,,,,1224.0,90.286
1601,1,1601,-1119.32131546824,-3627.228619080435,,,,1222.0,90.269
1602,1,1602,-1118.32131546824,-3626.228619080435,,,,1216.0,90.25
1603,1,1603,-1117.32131546824,-3625.228619080435,,,,1212.0,90.232
1604,1,1604,-1116.32131546824,-3624.228619080435,,,,1211.0,90.212
1605,1,1605,-1115.32131546824,-3623.228619080435,,,,1211.0,90.191
1606,1,1606,-1114.32131546824,-3622.228619080435,,,,1209.0,90.172
1607,1,1607,-1113.32131546824,-3621.228619080435,,,,1206.0,90.154
1608,1,1608,-1112.32131546824,-3620.228619080435,,,,1204.0,90.136
1609,1,1609,-1111.32131546824,-3619.228619080435,,,,1199.0,90.118
1610,1,1610,-1110.32131546824,-3618.228619080435,,,,1198.0,90.099
1611,1,1611,-1109.32131546824,-3617.228619080435,,,,1196.0,90.082
1612,1,1612,-1108.32131546824,-3616.228619080435,,,,1197.0,90.064
1613,1,1613,-1107.32131546824,-3615.228619080435,,,,1197.0,90.046
1614,1,1614,-1106.32131546824,-3614.228619080435,,,,1198.0,90.031
1615,1,1615,-1105.32131546824,-3613.228619080435,,,,1196.0,90.014
1616,1,1616,-1104.32131546824,-3612.228619080435,,,,1193.0,89.997
1617,1,1617,-1103.32131546824,-3611.228619080435,,,,1191.0,89.981
1618,1,1618,-1102.32131546824,-3610.228619080435,,,,1188.0,89.963
1619,1,1619,-1101.32131546824,-3609.228619080435,,,,1180.0,89.943
1620,1,1620,-1100.32131546824,-3608.228619080435,,,,1180.0,89.924
1621,1,1621,-1099.32131546824,-3607.228619080435,,,,1179.0,89.905
1622,1,1622,-1098.32131546824,-3606.228619080435,,,,1175.0,89.889
1623,1,1623,-1097.32131546824,-3605.228619080435,,,,1174.0,89.872
1624,1,1624,-1096.32131546824,-3604.228619080435,,,,1174.0,89.857
1625,1,1625,-1095.32131546824,-3603.228619080435,,,,1172.0,89.841
1626,1,1626,-1094.32131546824,-3602.228619080435,,,,1170.0,89.825
1627,1,1627,-1093.32131546824,-3601.228619080435,,,,1167.0,89.81
1628,1,1628,-1092.32131546824,-3600.228619080435,,,,1164.0,89.793
1629,1,1629,-1091.32131546824,-3599.228619080435,,,,1164.0,89.776
1630,1,1630,-1090.32131546824,-3598.228619080435,,,,1162.0,89.761
1631,1,1631,-1089.32131546824,-3597.228619080435,,,,1164.0,89.747
1632,1,1632,-1088.32131546824,-3596.228619080435,,,,1162.0,89.732
1633,1,1633,-1087.32131546824,-3595.228619080435,,,,1162.0,89.718
1634,1,1634,-1086.32131546824,-3594.228619080435,,,,1165.0,89.706
1635,1,1635,-1085.32131546824,-3593.228619080435,,,,1165.0,89.695
1636,1,1636,-1084.32131546824,-3592.228619080435,,,,1164.0,89.684
1637,1,1637,-1083.32131546824,-3591.228619080435,,,,1162.0,89.675
1638,1,1638,-1082.32131546824,-3590.228619080435,,,,1162.0,89.665
1639,1,1639,-1081.32131546824,-3589.228619080435,,,,1161.0,89.657
1640,1,1640,-1080.32131546824,-3588.228619080435,,,,1159.0,89.647
1641,1,1641,-1079.32131546824,-3587.228619080435,,,,1158.0,89.638
1642,1,1642,-1078.32131546824,-3586.228619080435,,,,1157.0,89.629
1643,1,1643,-1077.32131546824,-3585.228619080435,,,,1155.0,89.622
1644,1,1644,-1076.32131546824,-3584.228619080435,,,,1156.0,89.613
1645,1,1645,-1075.32131546824,-3583.228619080435,,,,1155.0,89.604
1646,1,1646,-1074.32131546824,-3582.228619080435,,,,1153.0,89.595
1647,1,1647,-1073.32131546824,-3581.228619080435,,,,1150.0,89.585
1648,1,1648,-1072.32131546824,-3580.228619080435,,,,1149.0,89.574
1649,1,1649,-1071.32131546824,-3579.228619080435,,,,1148.0,89.562
1650,1,1650,-1070.32131546824,-3578.228619080435,,,,1146.0,89.551
1651,1,1651,-1069.32131546824,-3577.228619080435,,,,1150.0,89.539
1652,1,1652,-1068.32131546824,-3576.228619080435,,,,1151.0,89.527
1653,1,1653,-1067.32131546824,-3575.228619080435,,,,1151.0,89.513
1654,1,1654,-1066.32131546824,-3574.228619080435,,,,1152.0,89.501
1655,1,1655,-1065.32131546824,-3573.228619080435,,,,1154.0,89.492
1656,1,1656,-1064.32131546824,-3572.228619080435,,,,1159.0,89.484
1657,1,1657,-1063.32131546824,-3571.228619080435,,,,1161.0,89.48
1658,1,1658,-1062.32131546824,-3570.228619080435,,,,1164.0,89.479
1671,1,1671,-1049.32131546824,-3557.228619080435,,,,1170.0,89.478
1672,1,1672,-1048.32131546824,-3556.228619080435,,,,1172.0,89.467
1673,1,1673,-1047.32131546824,-3555.228619080435,,,,1172.0,89.454
1674,1,1674,-1046.32131546824,-3554.228619080435,,,,1173.0,89.438
1675,1,1675,-1045.32131546824,-3553.228619080435,,,,1173.0,89.422
1676,1,1676,-1044.32131546824,-3552.228619080435,,,,1174.0,89.405
1677,1,1677,-1043.32131546824,-3551.228619080435,,,,1175.0,89.387
1678,1,1678,-1042.32131546824,-3550.228619080435,,,,1177.0,89.371
1679,1,1679,-1041.32131546824,-3549.228619080435,,,,1179.0,89.356
1680,1,1680,-1040.32131546824,-3548.228619080435,,,,1179.0,89.342
1681,1,1681,-1039.32131546824,-3547.228619080435,,,,1177.0,89.33
1682,1,1682,-1038.32131546824,-3546.228619080435,,,,1178.0,89.321
1683,1,1683,-1037.32131546824,-3545.228619080435,,,,1178.0,89.315
1684,1,1684,-1036.32131546824,-3544.228619080435,,,,1179.0,89.314
1708,1,1708,-1012.32131546824,-3520.228619080435,,,,1192.0,89.301
1709,1,1709,-1011.32131546824,-3519.228619080435,,,,1191.0,89.286
1710,1,1710,-1010.32131546824,-3518.228619080435,,,,1193.0,89.273
1711,1,1711,-1009.32131546824,-3517.228619080435,,,,1192.0,89.262
1712,1,1712,-1008.32131546824,-3516.228619080435,,,,1192.0,89.251
1713,1,1713,-1007.32131546824,-3515.228619080435,,,,1190.0,89.242
1714,1,1714,-1006.32131546824,-3514.228619080435,,,,1189.0,89.233
1715,1,1715,-1005.32131546824,-3513.228619080435,,,,1186.0,89.227
1716,1,1716,-1004.32131546824,-3512.228619080435,,,,1186.0,89.222
1717,1,1717,-1003.32131546824,-3511.228619080435,,,,1186.0,89.219
1718,1,1718,-1002.32131546824,-3510.228619080435,,,,1185.0,89.216
1775,1,1775,-945.32131546824,-3453.228619080435,,,,1241.0,89.21
1776,1,1776,-944.32131546824,-3452.228619080435,,,,1240.0,89.201
1777,1,1777,-943.32131546824,-3451.228619080435,,,,1238.0,89.195
1778,1,1778,-942.32131546824,-3450.228619080435,,,,1238.0,89.192
1851,1,1851,-869.32131546824,-3377.228619080435,,,,1293.0,89.189
1852,1,1852,-868.32131546824,-3376.228619080435,,,,1296.0,89.181
1853,1,1853,-867.32131546824,-3375.228619080435,,,,1299.0,89.174
1854,1,1854,-866.32131546824,-3374.228619080435,,,,1298.0,89.168
1855,1,1855,-865.32131546824,-3373.228619080435,,,,1302.0,89.161
1856,1,1856,-864.32131546824,-3372.228619080435,,,,1301.0,89.158
1857,1,1857,-863.32131546824,-3371.228619080435,,,,1301.0,89.156
1890,1,1890,-830.32131546824,-3338.228619080435,,,,1317.0,89.146
1891,1,1891,-829.32131546824,-3337.228619080435,,,,1318.0,89.139
1892,1,1892,-828.32131546824,-3336.228619080435,,,,1318.0,89.132
1893,1,1893,-827.32131546824,-3335.228619080435,,,,1316.0,89.131
3287,1,3287,566.67868453176,-1941.228619080435,,,,1217.0,89.121
3288,1,3288,567.67868453176,-1940.228619080435,,,,1215.0,89.105
3289,1,3289,568.67868453176,-1939.228619080435,,,,1215.0,89.088
3290,1,3290,569.67868453176,-1938.228619080435,,,,1212.0,89.071
3291,1,3291,570.67868453176,-1937.228619080435,,,,1206.0,89.051
3292,1,3292,571.67868453176,-1936.228619080435,,,,1204.0,89.031
3293,1,3293,572.67868453176,-1935.228619080435,,,,1202.0,89.009
3294,1,3294,573.67868453176,-1934.228619080435,,,,1199.0,88.988
3295,1,3295,574.67868453176,-1933.228619080435,,,,1199.0,88.966
3296,1,3296,575.67868453176,-1932.228619080435,,,,1198.0,88.944
3297,1,3297,576.67868453176,-1931.228619080435,,,,1197.0,88.922
3298,1,3298,577.67868453176,-1930.228619080435,,,,1193.0,88.9
3299,1,3299,578.67868453176,-1929.228619080435,,,,1189.0,88.879
3300,1,3300,579.67868453176,-1928.228619080435,,,,1187.0,88.858
3301,1,3301,580.67868453176,-1927.228619080435,,,,1188.0,88.837
3302,1,3302,581.67868453176,-1926.228619080435,,,,1186.0,88.818
3303,1,3303,582.67868453176,-1925.228619080435,,,,1182.0,88.797
3304,1,3304,583.67868453176,-1924.228619080435,,,,1177.0,88.776
3305,1,3305,584.67868453176,-1923.228619080435,,,,1173.0,88.755
3306,1,3306,585.67868453176,-1922.228619080435,,,,1173.0,88.735
3307,1,3307,586.67868453176,-1921.228619080435,,,,1171.0,88.718
3308,1,3308,587.67868453176,-1920.228619080435,,,,1171.0,88.702
3309,1,3309,588.67868453176,-1919.228619080435,,,,1169.0,88.687
3310,1,3310,589.67868453176,-1918.228619080435,,,,1170.0,88.672
3311,1,3311,590.67868453176,-1917.228619080435,,,,1166.0,88.656
3312,1,3312,591.67868453176,-1916.228619080435,,,,1165.0,88.638
3313,1,3313,592.67868453176,-1915.228619080435,,,,1159.0,88.62
3314,1,3314,593.67868453176,-1914.228619080435,,,,1156.0,88.601
3315,1,3315,594.67868453176,-1913.228619080435,,,,1153.0,88.583
3316,1,3316,595.67868453176,-1912.228619080435,,,,1152.0,88.566
3317,1,3317,596.67868453176,-1911.228619080435,,,,1154.0,88.55
3318,1,3318,597.67868453176,-1910.228619080435,,,,1154.0,88.534
3319,1,3319,598.67868453176,-1909.228619080435,,,,1155.0,88.519
3320,1,3320,599.67868453176,-1908.228619080435,,,,1150.0,88.504
3321,1,3321,600.67868453176,-1907.228619080435,,,,1153.0,88.487
3322,1,3322,601.67868453176,-1906.228619080435,,,,1154.0,88.47
3323,1,3323,602.67868453176,-1905.228619080435,,,,1152.0,88.454
3324,1,3324,603.67868453176,-1904.228619080435,,,,1156.0,88.439
3325,1,3325,604.67868453176,-1903.228619080435,,,,1157.0,88.423
3326,1,3326,605.67868453176,-1902.228619080435,,,,1157.0,88.408
3327,1,3327,606.67868453176,-1901.228619080435,,,,1155.0,88.39
3328,1,3328,607.67868453176,-1900.228619080435,,,,1154.0,88.371
3329,1,3329,608.67868453176,-1899.228619080435,,,,1153.0,88.35
3330,1,3330,609.67868453176,-1898.228619080435,,,,1151.0,88.331
3331,1,3331,610.67868453176,-1897.228619080435,,,,1151.0,88.312
3332,1,3332,611.67868453176,-1896.228619080435,,,,1152.0,88.293
3333,1,3333,612.67868453176,-1895.228619080435,,,,1155.0,88.274
3334,1,3334,613.67868453176,-1894.228619080435,,,,1158.0,88.257
3335,1,3335,614.67868453176,-1893.228619080435,,,,1163.0,88.24
3336,1,3336,615.67868453176,-1892.228619080435,,,,1164.0,88.223
3337,1,3337,616.67868453176,-1891.228619080435,,,,1165.0,88.207
3338,1,3338,617.67868453176,-1890.228619080435,,,,1162.0,88.191
3339,1,3339,618.67868453176,-1889.228619080435,,,,1163.0,88.177
3340,1,3340,619.67868453176,-1888.228619080435,,,,1168.0,88.164
3341,1,3341,620.67868453176,-1887.228619080435,,,,1169.0,88.151
3342,1,3342,621.67868453176,-1886.228619080435,,,,1170.0,88.137
3343,1,3343,622.67868453176,-1885.228619080435,,,,1168.0,88.123
3344,1,3344,623.67868453176,-1884.228619080435,,,,1167.0,88.107
3345,1,3345,624.67868453176,-1883.228619080435,,,,1169.0,88.091
3346,1,3346,625.67868453176,-1882.228619080435,,,,1169.0,88.076
3347,1,3347,626.67868453176,-1881.228619080435,,,,1166.0,88.062
3348,1,3348,627.67868453176,-1880.228619080435,,,,1164.0,88.049
3349,1,3349,628.67868453176,-1879.228619080435,,,,1167.0,88.035
3350,1,3350,629.67868453176,-1878.228619080435,,,,1165.0,88.021
3351,1,3351,630.67868453176,-1877.228619080435,,,,1164.0,88.006
3352,1,3352,631.67868453176,-1876.228619080435,,,,1161.0,87.993
3353,1,3353,632.67868453176,-1875.228619080435,,,,1160.0,87.978
3354,1,3354,633.67868453176,-1874.228619080435,,,,1163.0,87.964
3355,1,3355,634.67868453176,-1873.228619080435,,,,1160.0,87.952
3356,1,3356,635.67868453176,-1872.228619080435,,,,1162.0,87.938
3357,1,3357,636.67868453176,-1871.228619080435,,,,1160.0,87.924
3358,1,3358,637.67868453176,-1870.228619080435,,,,1157.0,87.908
3359,1,3359,638.67868453176,-1869.228619080435,,,,1155.0,87.891
3360,1,3360,639.67868453176,-1868.228619080435,,,,1154.0,87.872
3361,1,3361,640.67868453176,-1867.228619080435,,,,1156.0,87.855
3362,1,3362,641.67868453176,-1866.228619080435,,,,1158.0,87.84
3363,1,3363,642.67868453176,-1865.228619080435,,,,1159.0,87.825
3364,1,3364,643.67868453176,-1864.228619080435,,,,1158.0,87.811
3365,1,3365,644.67868453176,-1863.228619080435,,,,1159.0,87.796
3366,1,3366,645.67868453176,-1862.228619080435,,,,1157.0,87.779
3367,1,3367,646.67868453176,-1861.228619080435,,,,1157.0,87.763
3368,1,3368,647.67868453176,-1860.228619080435,,,,1155.0,87.748
3369,1,3369,648.67868453176,-1859.228619080435,,,,1149.0,87.729
3370,1,3370,649.67868453176,-1858.228619080435,,,,1146.0,87.71
3371,1,3371,650.67868453176,-1857.228619080435,,,,1142.0,87.691
3372,1,3372,651.67868453176,-1856.228619080435,,,,1140.0,87.672
3373,1,3373,652.67868453176,-1855.228619080435,,,,1137.0,87.655
3374,1,3374,653.67868453176,-1854.228619080435,,,,1138.0,87.638
3375,1,3375,654.67868453176,-1853.228619080435,,,,1142.0,87.623
3376,1,3376,655.67868453176,-1852.228619080435,,,,1141.0,87.608
3377,1,3377,656.67868453176,-1851.228619080435,,,,1142.0,87.593
3378,1,3378,657.67868453176,-1850.228619080435,,,,1141.0,87.579
3379,1,3379,658.67868453176,-1849.228619080435,,,,1136.0,87.563
3380,1,3380,659.67868453176,-1848.228619080435,,,,1134.0,87.546
3381,1,3381,660.67868453176,-1847.228619080435,,,,1134.0,87.53
3382,1,3382,661.67868453176,-1846.228619080435,,,,1132.0,87.514
3383,1,3383,662.67868453176,-1845.228619080435,,,,1130.0,87.496
3384,1,3384,663.67868453176,-1844.228619080435,,,,1130.0,87.479
3385,1,3385,664.67868453176,-1843.228619080435,,,,1122.0,87.461
3386,1,3386,665.67868453176,-1842.228619080435,,,,1127.0,87.444
3387,1,3387,666.67868453176,-1841.228619080435,,,,1125.0,87.427
3388,1,3388,667.67868453176,-1840.228619080435,,,,1125.0,87.41
3389,1,3389,668.67868453176,-1839.228619080435,,,,1124.0,87.394
3390,1,3390,669.67868453176,-1838.228619080435,,,,1120.0,87.377
3391,1,3391,670.67868453176,-1837.228619080435,,,,1117.0,87.358
3392,1,3392,671.67868453176,-1836.228619080435,,,,1113.0,87.337
3393,1,3393,672.67868453176,-1835.228619080435,,,,1112.0,87.316
3394,1,3394,673.67868453176,-1834.228619080435,,,,1108.0,87.294
3395,1,3395,674.67868453176,-1833.228619080435,,,,1105.0,87.273
3396,1,3396,675.67868453176,-1832.228619080435,,,,1104.0,87.251
3397,1,3397,676.67868453176,-1831.228619080435,,,,1103.0,87.23
3398,1,3398,677.67868453176,-1830.228619080435,,,,1101.0,87.21
3399,1,3399,678.67868453176,-1829.228619080435,,,,1103.0,87.191
3400,1,3400,679.67868453176,-1828.228619080435,,,,1103.0,87.172
3401,1,3401,680.67868453176,-1827.228619080435,,,,1101.0,87.154
3402,1,3402,681.67868453176,-1826.228619080435,,,,1101.0,87.136
3403,1,3403,682.67868453176,-1825.228619080435,,,,1097.0,87.116
3404,1,3404,683.67868453176,-1824.228619080435,,,,1091.0,87.095
3405,1,3405,684.67868453176,-1823.228619080435,,,,1088.0,87.075
3406,1,3406,685.67868453176,-1822.228619080435,,,,1087.0,87.055
3407,1,3407,686.67868453176,-1821.228619080435,,,,1083.0,87.034
3408,1,3408,687.67868453176,-1820.228619080435,,,,1082.0,87.013
3409,1,3409,688.67868453176,-1819.228619080435,,,,1080.0,86.993
3410,1,3410,689.67868453176,-1818.228619080435,,,,1079.0,86.974
3411,1,3411,690.67868453176,-1817.228619080435,,,,1077.0,86.955
3412,1,3412,691.67868453176,-1816.228619080435,,,,1078.0,86.937
3413,1,3413,692.67868453176,-1815.228619080435,,,,1077.0,86.918
3414,1,3414,693.67868453176,-1814.228619080435,,,,1074.0,86.9
3415,1,3415,694.67868453176,-1813.228619080435,,,,1072.0,86.881
3416,1,3416,695.67868453176,-1812.228619080435,,,,1066.0,86.862
3417,1,3417,696.67868453176,-1811.228619080435,,,,1063.0,86.843
3418,1,3418,697.67868453176,-1810.228619080435,,,,1063.0,86.824
3419,1,3419,698.67868453176,-1809.228619080435,,,,1062.0,86.806
3420,1,3420,699.67868453176,-1808.228619080435,,,,1059.0,86.788
3421,1,3421,700.67868453176,-1807.228619080435,,,,1056.0,86.769
3422,1,3422,701.67868453176,-1806.228619080435,,,,1052.0,86.751
3423,1,3423,702.67868453176,-1805.228619080435,,,,1046.0,86.732
3424,1,3424,703.67868453176,-1804.228619080435,,,,1042.0,86.712
3425,1,3425,704.67868453176,-1803.228619080435,,,,1040.0,86.691
3426,1,3426,705.67868453176,-1802.228619080435,,,,1039.0,86.671
3427,1,3427,706.67868453176,-1801.228619080435,,,,1039.0,86.651
3428,1,3428,707.67868453176,-1800.228619080435,,,,1038.0,86.632
3429,1,3429,708.67868453176,-1799.228619080435,,,,1035.0,86.613
3430,1,3430,709.67868453176,-1798.228619080435,,,,1032.0,86.595
3431,1,3431,710.67868453176,-1797.228619080435,,,,1029.0,86.579
3432,1,3432,711.67868453176,-1796.228619080435,,,,1025.0,86.563
3433,1,3433,712.67868453176,-1795.228619080435,,,,1023.0,86.547
3434,1,3434,713.67868453176,-1794.228619080435,,,,1024.0,86.532
3435,1,3435,714.67868453176,-1793.228619080435,,,,1023.0,86.518
3436,1,3436,715.67868453176,-1792.228619080435,,,,1025.0,86.503
3437,1,3437,716.67868453176,-1791.228619080435,,,,1023.0,86.489
3438,1,3438,717.67868453176,-1790.228619080435,,,,1025.0,86.474
3439,1,3439,718.67868453176,-1789.228619080435,,,,1023.0,86.459
3440,1,3440,719.67868453176,-1788.228619080435,,,,1021.0,86.444
3441,1,3441,720.67868453176,-1787.228619080435,,,,1019.0,86.427
3442,1,3442,721.67868453176,-1786.228619080435,,,,1014.0,86.411
3443,1,3443,722.67868453176,-1785.228619080435,,,,1010.0,86.394
3444,1,3444,723.67868453176,-1784.228619080435,,,,1007.0,86.376
3445,1,3445,724.67868453176,-1783.228619080435,,,,1004.0,86.357
3446,1,3446,725.67868453176,-1782.228619080435,,,,1002.0,86.339
3447,1,3447,726.67868453176,-1781.228619080435,,,,1002.0,86.321
3448,1,3448,727.67868453176,-1780.228619080435,,,,1002.0,86.304
3449,1,3449,728.67868453176,-1779.228619080435,,,,1004.0,86.287
3450,1,3450,729.67868453176,-1778.228619080435,,,,1003.0,86.27
3451,1,3451,730.67868453176,-1777.228619080435,,,,1002.0,86.254
3452,1,3452,731.67868453176,-1776.228619080435,,,,1002.0,86.239
3453,1,3453,732.67868453176,-1775.228619080435,,,,1001.0,86.223
3454,1,3454,733.67868453176,-1774.228619080435,,,,1001.0,86.206
3455,1,3455,734.67868453176,-1773.228619080435,,,,1004.0,86.192
3456,1,3456,735.67868453176,-1772.228619080435,,,,1007.0,86.179
3457,1,3457,736.67868453176,-1771.228619080435,,,,1007.0,86.169
3458,1,3458,737.67868453176,-1770.228619080435,,,,1005.0,86.158
3459,1,3459,738.67868453176,-1769.228619080435,,,,1004.0,86.148
3460,1,3460,739.67868453176,-1768.228619080435,,,,1004.0,86.139
3461,1,3461,740.67868453176,-1767.228619080435,,,,1005.0,86.129
3462,1,3462,741.67868453176,-1766.228619080435,,,,1006.0,86.119
3463,1,3463,742.67868453176,-1765.228619080435,,,,1005.0,86.11
3464,1,3464,743.67868453176,-1764.228619080435,,,,1004.0,86.099
3465,1,3465,744.67868453176,-1763.228619080435,,,,1003.0,86.087
3466,1,3466,745.67868453176,-1762.228619080435,,,,1002.0,86.076
3467,1,3467,746.67868453176,-1761.228619080435,,,,1001.0,86.063
3468,1,3468,747.67868453176,-1760.228619080435,,,,1000.0,86.05
3469,1,3469,748.67868453176,-1759.228619080435,,,,999.0,86.035
3470,1,3470,749.67868453176,-1758.228619080435,,,,997.0,86.019
3471,1,3471,750.67868453176,-1757.228619080435,,,,994.0,86.005
3472,1,3472,751.67868453176,-1756.228619080435,,,,993.0,85.988
3473,1,3473,752.67868453176,-1755.228619080435,,,,991.0,85.971
3474,1,3474,753.67868453176,-1754.228619080435,,,,991.0,85.953
3475,1,3475,754.67868453176,-1753.228619080435,,,,989.0,85.937
3476,1,3476,755.67868453176,-1752.228619080435,,,,987.0,85.919
3477,1,3477,756.67868453176,-1751.228619080435,,,,986.0,85.903
3478,1,3478,757.67868453176,-1750.228619080435,,,,987.0,85.887
3479,1,3479,758.67868453176,-1749.228619080435,,,,987.0,85.872
3480,1,3480,759.67868453176,-1748.228619080435,,,,988.0,85.857
3481,1,3481,760.67868453176,-1747.228619080435,,,,985.0,85.844
3482,1,3482,761.67868453176,-1746.228619080435,,,,985.0,85.83
3483,1,3483,762.67868453176,-1745.228619080435,,,,986.0,85.817
3484,1,3484,763.67868453176,-1744.228619080435,,,,986.0,85.805
3485,1,3485,764.67868453176,-1743.228619080435,,,,986.0,85.793
3486,1,3486,765.67868453176,-1742.228619080435,,,,986.0,85.78
3487,1,3487,766.67868453176,-1741.228619080435,,,,985.0,85.766
3488,1,3488,767.67868453176,-1740.228619080435,,,,981.0,85.752
3489,1,3489,768.67868453176,-1739.228619080435,,,,978.0,85.736
3490,1,3490,769.67868453176,-1738.228619080435,,,,974.0,85.72
3491,1,3491,770.67868453176,-1737.228619080435,,,,972.0,85.703
3492,1,3492,771.67868453176,-1736.228619080435,,,,970.0,85.688
3493,1,3493,772.67868453176,-1735.228619080435,,,,971.0,85.673
3494,1,3494,773.67868453176,-1734.228619080435,,,,971.0,85.661
3495,1,3495,774.67868453176,-1733.228619080435,,,,971.0,85.65
3496,1,3496,775.67868453176,-1732.228619080435,,,,968.0,85.641
3497,1,3497,776.67868453176,-1731.228619080435,,,,967.0,85.631
3498,1,3498,777.67868453176,-1730.228619080435,,,,964.0,85.625
3499,1,3499,778.67868453176,-1729.228619080435,,,,962.0,85.618
3500,1,3500,779.67868453176,-1728.228619080435,,,,960.0,85.615
3501,1,3501,780.67868453176,-1727.228619080435,,,,959.0,85.614
3502,1,3502,781.67868453176,-1726.228619080435,,,,957.0,85.613
3507,1,3507,786.67868453176,-1721.228619080435,,,,953.0,85.611
3508,1,3508,787.67868453176,-1720.228619080435,,,,952.0,85.607
3509,1,3509,788.67868453176,-1719.228619080435,,,,952.0,85.601
3510,1,3510,789.67868453176,-1718.228619080435,,,,951.0,85.593
3511,1,3511,790.67868453176,-1717.228619080435,,,,953.0,85.586
3512,1,3512,791.67868453176,-1716.228619080435,,,,952.0,85.579
3513,1,3513,792.67868453176,-1715.228619080435,,,,955.0,85.574
3514,1,3514,793.67868453176,-1714.228619080435,,,,957.0,85.571
3579,2,13,858.67868453176,-1649.228619080435,,,,924.0,85.569
3580,2,14,859.67868453176,-1648.228619080435,,,,924.0,85.556
3581,2,15,860.67868453176,-1647.228619080435,,,,924.0,85.543
3582,2,16,861.67868453176,-1646.228619080435,,,,926.0,85.529
3583,2,17,862.67868453176,-1645.228619080435,,,,926.0,85.518
3584,2,18,863.67868453176,-1644.228619080435,,,,926.0,85.505
3585,2,19,864.67868453176,-1643.228619080435,,,,924.0,85.493
3586,2,20,865.67868453176,-1642.228619080435,,,,925.0,85.481
3587,2,21,866.67868453176,-1641.228619080435,,,,924.0,85.47
3588,2,22,867.67868453176,-1640.228619080435,,,,923.0,85.46
3589,2,23,868.67868453176,-1639.228619080435,,,,923.0,85.448
3590,2,24,869.67868453176,-1638.228619080435,,,,921.0,85.436
3591,2,25,870.67868453176,-1637.228619080435,,,,918.0,85.424
3592,2,26,871.67868453176,-1636.228619080435,,,,916.0,85.41
3593,2,27,872.67868453176,-1635.228619080435,,,,917.0,85.397
3594,2,28,873.67868453176,-1634.228619080435,,,,917.0,85.384
3595,2,29,874.67868453176,-1633.228619080435,,,,918.0,85.371
3596,2,30,875.67868453176,-1632.228619080435,,,,919.0,85.36
3597,2,31,876.67868453176,-1631.228619080435,,,,920.0,85.349
3598,2,32,877.67868453176,-1630.228619080435,,,,920.0,85.338
3599,2,33,878.67868453176,-1629.228619080435,,,,919.0,85.328
3600,2,34,879.67868453176,-1628.228619080435,,,,920.0,85.318
3601,2,35,880.67868453176,-1627.228619080435,,,,923.0,85.308
3602,2,36,881.67868453176,-1626.228619080435,,,,926.0,85.301
3603,2,37,882.67868453176,-1625.228619080435,,,,928.0,85.296
3604,2,38,883.67868453176,-1624.228619080435,,,,928.0,85.295
3625,2,59,904.67868453176,-1603.228619080435,,,,960.0,85.292
3626,2,60,905.67868453176,-1602.228619080435,,,,959.0,85.284
3627,2,61,906.67868453176,-1601.228619080435,,,,960.0,85.282
3647,2,81,926.67868453176,-1581.228619080435,,,,992.0,85.278
3648,2,82,927.67868453176,-1580.228619080435,,,,994.0,85.273
3649,2,83,928.67868453176,-1579.228619080435,,,,994.0,85.271
3678,2,112,957.67868453176,-1550.228619080435,,,,1023.0,85.27
3679,2,113,958.67868453176,-1549.228619080435,,,,1024.0,85.258
3680,2,114,959.67868453176,-1548.228619080435,,,,1025.0,85.247
3681,2,115,960.67868453176,-1547.228619080435,,,,1026.0,85.239
3682,2,116,961.67868453176,-1546.228619080435,,,,1030.0,85.231
3683,2,117,962.67868453176,-1545.228619080435,,,,1032.0,85.227
3700,2,134,979.67868453176,-1528.228619080435,,,,1064.0,85.218
3701,2,135,980.67868453176,-1527.228619080435,,,,1065.0,85.211
3702,2,136,981.67868453176,-1526.228619080435,,,,1067.0,85.205
3703,2,137,982.67868453176,-1525.228619080435,,,,1067.0,85.204
3730,2,164,1009.67868453176,-1498.228619080435,,,,1095.0,85.192
3731,2,165,1010.67868453176,-1497.228619080435,,,,1093.0,85.179
3732,2,166,1011.67868453176,-1496.228619080435,,,,1093.0,85.166
3733,2,167,1012.67868453176,-1495.228619080435,,,,1094.0,85.154
3734,2,168,1013.67868453176,-1494.228619080435,,,,1095.0,85.144
3735,2,169,1014.67868453176,-1493.228619080435,,,,1098.0,85.134
3736,2,170,1015.67868453176,-1492.228619080435,,,,1099.0,85.128
3737,2,171,1016.67868453176,-1491.228619080435,,,,1101.0,85.126
3738,2,172,1017.67868453176,-1490.228619080435,,,,1102.0,85.124
3766,2,200,1045.67868453176,-1462.228619080435,,,,1131.0,85.121
3767,2,201,1046.67868453176,-1461.228619080435,,,,1132.0,85.114
3768,2,202,1047.67868453176,-1460.228619080435,,,,1131.0,85.11
3769,2,203,1048.67868453176,-1459.228619080435,,,,1133.0,85.109
3788,2,222,1067.67868453176,-1440.228619080435,,,,1160.0,85.1
3789,2,223,1068.67868453176,-1439.228619080435,,,,1160.0,85.087
3790,2,224,1069.67868453176,-1438.228619080435,,,,1159.0,85.073
3791,2,225,1070.67868453176,-1437.228619080435,,,,1157.0,85.06
3792,2,226,1071.67868453176,-1436.228619080435,,,,1158.0,85.047
3793,2,227,1072.67868453176,-1435.228619080435,,,,1159.0,85.035
3794,2,228,1073.67868453176,-1434.228619080435,,,,1161.0,85.021
3795,2,229,1074.67868453176,-1433.228619080435,,,,1164.0,85.011
3796,2,230,1075.67868453176,-1432.228619080435,,,,1165.0,85.002
3797,2,231,1076.67868453176,-1431.228619080435,,,,1167.0,84.998
3814,2,248,1093.67868453176,-1414.228619080435,,,,1190.0,84.994
3815,2,249,1094.67868453176,-1413.228619080435,,,,1194.0,84.979
3816,2,250,1095.67868453176,-1412.228619080435,,,,1196.0,84.965
3817,2,251,1096.67868453176,-1411.228619080435,,,,1197.0,84.952
3818,2,252,1097.67868453176,-1410.228619080435,,,,1196.0,84.939
3819,2,253,1098.67868453176,-1409.228619080435,,,,1198.0,84.93
3820,2,254,1099.67868453176,-1408.228619080435,,,,1200.0,84.925
3821,2,255,1100.67868453176,-1407.228619080435,,,,1204.0,84.922
3845,2,279,1124.67868453176,-1383.228619080435,,,,1220.0,84.909
3846,2,280,1125.67868453176,-1382.228619080435,,,,1220.0,84.896
3847,2,281,1126.67868453176,-1381.228619080435,,,,1221.0,84.885
3848,2,282,1127.67868453176,-1380.228619080435,,,,1221.0,84.875
3849,2,283,1128.67868453176,-1379.228619080435,,,,1220.0,84.866
3850,2,284,1129.67868453176,-1378.228619080435,,,,1219.0,84.857
3851,2,285,1130.67868453176,-1377.228619080435,,,,1220.0,84.848
3852,2,286,1131.67868453176,-1376.228619080435,,,,1223.0,84.838
3853,2,287,1132.67868453176,-1375.228619080435,,,,1224.0,84.83
3854,2,288,1133.67868453176,-1374.228619080435,,,,1224.0,84.819
3855,2,289,1134.67868453176,-1373.228619080435,,,,1225.0,84.807
3856,2,290,1135.67868453176,-1372.228619080435,,,,1226.0,84.794
3857,2,291,1136.67868453176,-1371.228619080435,,,,1225.0,84.778
3858,2,292,1137.67868453176,-1370.228619080435,,,,1226.0,84.763
3859,2,293,1138.67868453176,-1369.228619080435,,,,1226.0,84.746
3860,2,294,1139.67868453176,-1368.228619080435,,,,1227.0,84.731
3861,2,295,1140.67868453176,-1367.228619080435,,,,1228.0,84.717
3862,2,296,1141.67868453176,-1366.228619080435,,,,1227.0,84.703
3863,2,297,1142.67868453176,-1365.228619080435,,,,1228.0,84.692
3864,2,298,1143.67868453176,-1364.228619080435,,,,1227.0,84.68
3865,2,299,1144.67868453176,-1363.228619080435,,,,1226.0,84.671
3866,2,300,1145.67868453176,-1362.228619080435,,,,1224.0,84.659
3867,2,301,1146.67868453176,-1361.228619080435,,,,1221.0,84.648
3868,2,302,1147.67868453176,-1360.228619080435,,,,1222.0,84.635
3869,2,303,1148.67868453176,-1359.228619080435,,,,1223.0,84.619
3870,2,304,1149.67868453176,-1358.228619080435,,,,1218.0,84.603
3871,2,305,1150.67868453176,-1357.228619080435,,,,1215.0,84.585
3872,2,306,1151.67868453176,-1356.228619080435,,,,1210.0,84.569
3873,2,307,1152.67868453176,-1355.228619080435,,,,1208.0,84.552
3874,2,308,1153.67868453176,-1354.228619080435,,,,1206.0,84.537
3875,2,309,1154.67868453176,-1353.228619080435,,,,1208.0,84.52
3876,2,310,1155.67868453176,-1352.228619080435,,,,1209.0,84.504
3877,2,311,1156.67868453176,-1351.228619080435,,,,1207.0,84.489
3878,2,312,1157.67868453176,-1350.228619080435,,,,1204.0,84.475
3879,2,313,1158.67868453176,-1349.228619080435,,,,1200.0,84.458
3880,2,314,1159.67868453176,-1348.228619080435,,,,1202.0,84.441
3881,2,315,1160.67868453176,-1347.228619080435,,,,1199.0,84.425
3882,2,316,1161.67868453176,-1346.228619080435,,,,1200.0,84.406
3883,2,317,1162.67868453176,-1345.228619080435,,,,1202.0,84.389
3884,2,318,1163.67868453176,-1344.228619080435,,,,1204.0,84.371
3885,2,319,1164.67868453176,-1343.228619080435,,,,1204.0,84.352
3886,2,320,1165.67868453176,-1342.228619080435,,,,1206.0,84.334
3887,2,321,1166.67868453176,-1341.228619080435,,,,1206.0,84.315
3888,2,322,1167.67868453176,-1340.228619080435,,,,1205.0,84.295
3889,2,323,1168.67868453176,-1339.228619080435,,,,1206.0,84.276
3890,2,324,1169.67868453176,-1338.228619080435,,,,1206.0,84.255
3891,2,325,1170.67868453176,-1337.228619080435,,,,1204.0,84.234
3892,2,326,1171.67868453176,-1336.228619080435,,,,1199.0,84.214
3893,2,327,1172.67868453176,-1335.228619080435,,,,1197.0,84.193
3894,2,328,1173.67868453176,-1334.228619080435,,,,1197.0,84.173
3895,2,329,1174.67868453176,-1333.228619080435,,,,1198.0,84.154
3896,2,330,1175.67868453176,-1332.228619080435,,,,1196.0,84.134
3897,2,331,1176.67868453176,-1331.228619080435,,,,1193.0,84.114
3898,2,332,1177.67868453176,-1330.228619080435,,,,1195.0,84.092
3899,2,333,1178.67868453176,-1329.228619080435,,,,1195.0,84.071
3900,2,334,1179.67868453176,-1328.228619080435,,,,1194.0,84.051
3901,2,335,1180.67868453176,-1327.228619080435,,,,1194.0,84.033
3902,2,336,1181.67868453176,-1326.228619080435,,,,1193.0,84.017
3903,2,337,1182.67868453176,-1325.228619080435,,,,1193.0,84.003
3904,2,338,1183.67868453176,-1324.228619080435,,,,1195.0,83.99
3905,2,339,1184.67868453176,-1323.228619080435,,,,1194.0,83.978
3906,2,340,1185.67868453176,-1322.228619080435,,,,1193.0,83.967
3907,2,341,1186.67868453176,-1321.228619080435,,,,1191.0,83.958
3908,2,342,1187.67868453176,-1320.228619080435,,,,1190.0,83.949
3909,2,343,1188.67868453176,-1319.228619080435,,,,1189.0,83.94
3910,2,344,1189.67868453176,-1318.228619080435,,,,1188.0,83.93
3911,2,345,1190.67868453176,-1317.228619080435,,,,1185.0,83.917
3912,2,346,1191.67868453176,-1316.228619080435,,,,1186.0,83.903
3913,2,347,1192.67868453176,-1315.228619080435,,,,1182.0,83.888
3914,2,348,1193.67868453176,-1314.228619080435,,,,1179.0,83.872
3915,2,349,1194.67868453176,-1313.228619080435,,,,1177.0,83.858
3916,2,350,1195.67868453176,-1312.228619080435,,,,1176.0,83.843
3917,2,351,1196.67868453176,-1311.228619080435,,,,1177.0,83.827
3918,2,352,1197.67868453176,-1310.228619080435,,,,1174.0,83.811
3919,2,353,1198.67868453176,-1309.228619080435,,,,1172.0,83.794
3920,2,354,1199.67868453176,-1308.228619080435,,,,1168.0,83.778
3921,2,355,1200.67868453176,-1307.228619080435,,,,1164.0,83.76
3922,2,356,1201.67868453176,-1306.228619080435,,,,1165.0,83.742
3923,2,357,1202.67868453176,-1305.228619080435,,,,1166.0,83.723
3924,2,358,1203.67868453176,-1304.228619080435,,,,1168.0,83.707
3925,2,359,1204.67868453176,-1303.228619080435,,,,1167.0,83.689
3926,2,360,1205.67868453176,-1302.228619080435,,,,1169.0,83.67
3927,2,361,1206.67868453176,-1301.228619080435,,,,1167.0,83.654
3928,2,362,1207.67868453176,-1300.228619080435,,,,1167.0,83.637
3929,2,363,1208.67868453176,-1299.228619080435,,,,1162.0,83.62
3930,2,364,1209.67868453176,-1298.228619080435,,,,1159.0,83.602
3931,2,365,1210.67868453176,-1297.228619080435,,,,1156.0,83.585
3932,2,366,1211.67868453176,-1296.228619080435,,,,1150.0,83.568
3933,2,367,1212.67868453176,-1295.228619080435,,,,1148.0,83.551
3934,2,368,1213.67868453176,-1294.228619080435,,,,1148.0,83.534
3935,2,369,1214.67868453176,-1293.228619080435,,,,1148.0,83.518
3936,2,370,1215.67868453176,-1292.228619080435,,,,1147.0,83.503
3937,2,371,1216.67868453176,-1291.228619080435,,,,1145.0,83.488
3938,2,372,1217.67868453176,-1290.228619080435,,,,1143.0,83.471
3939,2,373,1218.67868453176,-1289.228619080435,,,,1140.0,83.455
3940,2,374,1219.67868453176,-1288.228619080435,,,,1139.0,83.438
3941,2,375,1220.67868453176,-1287.228619080435,,,,1137.0,83.421
3942,2,376,1221.67868453176,-1286.228619080435,,,,1136.0,83.405
3943,2,377,1222.67868453176,-1285.228619080435,,,,1129.0,83.39
3944,2,378,1223.67868453176,-1284.228619080435,,,,1126.0,83.375
3945,2,379,1224.67868453176,-1283.228619080435,,,,1123.0,83.36
3946,2,380,1225.67868453176,-1282.228619080435,,,,1120.0,83.344
3947,2,381,1226.67868453176,-1281.228619080435,,,,1120.0,83.328
3948,2,382,1227.67868453176,-1280.228619080435,,,,1118.0,83.311
3949,2,383,1228.67868453176,-1279.228619080435,,,,1116.0,83.294
3950,2,384,1229.67868453176,-1278.228619080435,,,,1116.0,83.277
3951,2,385,1230.67868453176,-1277.228619080435,,,,1116.0,83.26
3952,2,386,1231.67868453176,-1276.228619080435,,,,1114.0,83.241
3953,2,387,1232.67868453176,-1275.228619080435,,,,1113.0,83.224
3954,2,388,1233.67868453176,-1274.228619080435,,,,1114.0,83.206
3955,2,389,1234.67868453176,-1273.228619080435,,,,1119.0,83.19
3956,2,390,1235.67868453176,-1272.228619080435,,,,1122.0,83.173
3957,2,391,1236.67868453176,-1271.228619080435,,,,1124.0,83.157
3958,2,392,1237.67868453176,-1270.228619080435,,,,1127.0,83.142
3959,2,393,1238.67868453176,-1269.228619080435,,,,1128.0,83.128
3960,2,394,1239.67868453176,-1268.228619080435,,,,1130.0,83.118
3961,2,395,1240.67868453176,-1267.228619080435,,,,1131.0,83.11
3975,2,409,1254.67868453176,-1253.228619080435,,,,1154.0,83.105
3976,2,410,1255.67868453176,-1252.228619080435,,,,1155.0,83.086
3977,2,411,1256.67868453176,-1251.228619080435,,,,1156.0,83.072
3978,2,412,1257.67868453176,-1250.228619080435,,,,1158.0,83.06
3979,2,413,1258.67868453176,-1249.228619080435,,,,1159.0,83.052
3980,2,414,1259.67868453176,-1248.228619080435,,,,1160.0,83.05
3993,2,427,1272.67868453176,-1235.228619080435,,,,1179.0,83.042
3994,2,428,1273.67868453176,-1234.228619080435,,,,1180.0,83.024
3995,2,429,1274.67868453176,-1233.228619080435,,,,1183.0,83.007
3996,2,430,1275.67868453176,-1232.228619080435,,,,1183.0,82.992
3997,2,431,1276.67868453176,-1231.228619080435,,,,1184.0,82.981
3998,2,432,1277.67868453176,-1230.228619080435,,,,1183.0,82.971
3999,2,433,1278.67868453176,-1229.228619080435,,,,1183.0,82.966
4000,2,434,1279.67868453176,-1228.228619080435,,,,1184.0,82.964
4020,2,454,1299.67868453176,-1208.228619080435,,,,1205.0,82.956
4021,2,455,1300.67868453176,-1207.228619080435,,,,1205.0,82.94
4022,2,456,1301.67868453176,-1206.228619080435,,,,1205.0,82.925
4023,2,457,1302.67868453176,-1205.228619080435,,,,1205.0,82.909
4024,2,458,1303.67868453176,-1204.228619080435,,,,1206.0,82.896
4025,2,459,1304.67868453176,-1203.228619080435,,,,1205.0,82.885
4026,2,460,1305.67868453176,-1202.228619080435,,,,1205.0,82.876
4027,2,461,1306.67868453176,-1201.228619080435,,,,1204.0,82.87
4028,2,462,1307.67868453176,-1200.228619080435,,,,1203.0,82.867
4054,2,488,1333.67868453176,-1174.228619080435,,,,1212.0,82.865
4055,2,489,1334.67868453176,-1173.228619080435,,,,1215.0,82.85
4056,2,490,1335.67868453176,-1172.228619080435,,,,1216.0,82.834
4057,2,491,1336.67868453176,-1171.228619080435,,,,1212.0,82.819
4058,2,492,1337.67868453176,-1170.228619080435,,,,1211.0,82.802
4059,2,493,1338.67868453176,-1169.228619080435,,,,1207.0,82.785
4060,2,494,1339.67868453176,-1168.228619080435,,,,1207.0,82.768
4061,2,495,1340.67868453176,-1167.228619080435,,,,1207.0,82.753
4062,2,496,1341.67868453176,-1166.228619080435,,,,1202.0,82.737
4063,2,497,1342.67868453176,-1165.228619080435,,,,1198.0,82.721
4064,2,498,1343.67868453176,-1164.228619080435,,,,1193.0,82.704
4065,2,499,1344.67868453176,-1163.228619080435,,,,1191.0,82.686
4066,2,500,1345.67868453176,-1162.228619080435,,,,1189.0,82.668
4067,2,501,1346.67868453176,-1161.228619080435,,,,1192.0,82.65
4068,2,502,1347.67868453176,-1160.228619080435,,,,1188.0,82.633
4069,2,503,1348.67868453176,-1159.228619080435,,,,1186.0,82.617
4070,2,504,1349.67868453176,-1158.228619080435,,,,1186.0,82.601
4071,2,505,1350.67868453176,-1157.228619080435,,,,1185.0,82.587
4072,2,506,1351.67868453176,-1156.228619080435,,,,1186.0,82.574
4073,2,507,1352.67868453176,-1155.228619080435,,,,1186.0,82.561
4074,2,508,1353.67868453176,-1154.228619080435,,,,1183.0,82.547
4075,2,509,1354.67868453176,-1153.228619080435,,,,1183.0,82.534
4076,2,510,1355.67868453176,-1152.228619080435,,,,1179.0,82.52
4077,2,511,1356.67868453176,-1151.228619080435,,,,1177.0,82.506
4078,2,512,1357.67868453176,-1150.228619080435,,,,1173.0,82.491
4079,2,513,1358.67868453176,-1149.228619080435,,,,1174.0,82.477
4080,2,514,1359.67868453176,-1148.228619080435,,,,1170.0,82.461
4081,2,515,1360.67868453176,-1147.228619080435,,,,1164.0,82.443
4082,2,516,1361.67868453176,-1146.228619080435,,,,1162.0,82.425
4083,2,517,1362.67868453176,-1145.228619080435,,,,1160.0,82.406
4084,2,518,1363.67868453176,-1144.228619080435,,,,1161.0,82.387
4085,2,519,1364.67868453176,-1143.228619080435,,,,1164.0,82.37
4086,2,520,1365.67868453176,-1142.228619080435,,,,1165.0,82.354
4087,2,521,1366.67868453176,-1141.228619080435,,,,1164.0,82.339
4088,2,522,1367.67868453176,-1140.228619080435,,,,1161.0,82.324
4089,2,523,1368.67868453176,-1139.228619080435,,,,1158.0,82.31
4090,2,524,1369.67868453176,-1138.228619080435,,,,1155.0,82.295
4091,2,525,1370.67868453176,-1137.228619080435,,,,1153.0,82.28
4092,2,526,1371.67868453176,-1136.228619080435,,,,1151.0,82.263
4093,2,527,1372.67868453176,-1135.228619080435,,,,1150.0,82.244
4094,2,528,1373.67868453176,-1134.228619080435,,,,1149.0,82.226
4095,2,529,1374.67868453176,-1133.228619080435,,,,1148.0,82.208
4096,2,530,1375.67868453176,-1132.228619080435,,,,1147.0,82.188
4097,2,531,1376.67868453176,-1131.228619080435,,,,1147.0,82.167
4098,2,532,1377.67868453176,-1130.228619080435,,,,1148.0,82.147
4099,2,533,1378.67868453176,-1129.228619080435,,,,1152.0,82.127
4100,2,534,1379.67868453176,-1128.228619080435,,,,1154.0,82.109
4101,2,535,1380.67868453176,-1127.228619080435,,,,1159.0,82.09
4102,2,536,1381.67868453176,-1126.228619080435,,,,1159.0,82.073
4103,2,537,1382.67868453176,-1125.228619080435,,,,1159.0,82.057
4104,2,538,1383.67868453176,-1124.228619080435,,,,1159.0,82.042
4105,2,539,1384.67868453176,-1123.228619080435,,,,1159.0,82.027
4106,2,540,1385.67868453176,-1122.228619080435,,,,1162.0,82.014
4107,2,541,1386.67868453176,-1121.228619080435,,,,1164.0,82.0
4108,2,542,1387.67868453176,-1120.228619080435,,,,1165.0,81.987
4109,2,543,1388.67868453176,-1119.228619080435,,,,1164.0,81.975
4110,2,544,1389.67868453176,-1118.228619080435,,,,1163.0,81.962
4111,2,545,1390.67868453176,-1117.228619080435,,,,1161.0,81.945
4112,2,546,1391.67868453176,-1116.228619080435,,,,1164.0,81.927
4113,2,547,1392.67868453176,-1115.228619080435,,,,1167.0,81.911
4114,2,548,1393.67868453176,-1114.228619080435,,,,1171.0,81.894
4115,2,549,1394.67868453176,-1113.228619080435,,,,1172.0,81.881
4116,2,550,1395.67868453176,-1112.228619080435,,,,1171.0,81.868
4117,2,551,1396.67868453176,-1111.228619080435,,,,1172.0,81.857
4118,2,552,1397.67868453176,-1110.228619080435,,,,1173.0,81.845
4119,2,553,1398.67868453176,-1109.228619080435,,,,1176.0,81.831
4120,2,554,1399.67868453176,-1108.228619080435,,,,1180.0,81.818
4121,2,555,1400.67868453176,-1107.228619080435,,,,1181.0,81.803
4122,2,556,1401.67868453176,-1106.228619080435,,,,1181.0,81.788
4123,2,557,1402.67868453176,-1105.228619080435,,,,1185.0,81.774
4124,2,558,1403.67868453176,-1104.228619080435,,,,1184.0,81.762
4125,2,559,1404.67868453176,-1103.228619080435,,,,1183.0,81.755
4126,2,560,1405.67868453176,-1102.228619080435,,,,1181.0,81.752
4154,2,588,1433.67868453176,-1074.228619080435,,,,1215.0,81.75
4155,2,589,1434.67868453176,-1073.228619080435,,,,1218.0,81.746
4156,2,590,1435.67868453176,-1072.228619080435,,,,1220.0,81.745
4176,2,610,1455.67868453176,-1052.228619080435,,,,1241.0,81.735
4177,2,611,1456.67868453176,-1051.228619080435,,,,1242.0,81.725
4178,2,612,1457.67868453176,-1050.228619080435,,,,1244.0,81.717
4179,2,613,1458.67868453176,-1049.228619080435,,,,1246.0,81.713
4205,2,639,1484.67868453176,-1023.228619080435,,,,1262.0,81.707
4206,2,640,1485.67868453176,-1022.228619080435,,,,1264.0,81.696
4207,2,641,1486.67868453176,-1021.228619080435,,,,1265.0,81.685
4208,2,642,1487.67868453176,-1020.228619080435,,,,1265.0,81.675
4209,2,643,1488.67868453176,-1019.228619080435,,,,1266.0,81.665
4210,2,644,1489.67868453176,-1018.228619080435,,,,1267.0,81.654
4211,2,645,1490.67868453176,-1017.228619080435,,,,1266.0,81.644
4212,2,646,1491.67868453176,-1016.228619080435,,,,1268.0,81.636
4213,2,647,1492.67868453176,-1015.228619080435,,,,1271.0,81.629
4214,2,648,1493.67868453176,-1014.228619080435,,,,1273.0,81.622
4215,2,649,1494.67868453176,-1013.228619080435,,,,1273.0,81.617
4216,2,650,1495.67868453176,-1012.228619080435,,,,1274.0,81.613
4217,2,651,1496.67868453176,-1011.228619080435,,,,1275.0,81.612
4252,2,686,1531.67868453176,-976.228619080435,,,,1334.0,81.607
4253,2,687,1532.67868453176,-975.228619080435,,,,1334.0,81.593
4254,2,688,1533.67868453176,-974.228619080435,,,,1335.0,81.58
4255,2,689,1534.67868453176,-973.228619080435,,,,1335.0,81.569
4256,2,690,1535.67868453176,-972.228619080435,,,,1335.0,81.562
4257,2,691,1536.67868453176,-971.228619080435,,,,1335.0,81.558
4277,2,711,1556.67868453176,-951.228619080435,,,,1357.0,81.543
4278,2,712,1557.67868453176,-950.228619080435,,,,1355.0,81.529
4279,2,713,1558.67868453176,-949.228619080435,,,,1359.0,81.515
4280,2,714,1559.67868453176,-948.228619080435,,,,1360.0,81.502
4281,2,715,1560.67868453176,-947.228619080435,,,,1360.0,81.489
4282,2,716,1561.67868453176,-946.228619080435,,,,1361.0,81.474
4283,2,717,1562.67868453176,-945.228619080435,,,,1361.0,81.46
4284,2,718,1563.67868453176,-944.228619080435,,,,1361.0,81.446
4285,2,719,1564.67868453176,-943.228619080435,,,,1364.0,81.433
4286,2,720,1565.67868453176,-942.228619080435,,,,1362.0,81.419
4287,2,721,1566.67868453176,-941.228619080435,,,,1361.0,81.402
4288,2,722,1567.67868453176,-940.228619080435,,,,1361.0,81.387
4289,2,723,1568.67868453176,-939.228619080435,,,,1362.0,81.372
4290,2,724,1569.67868453176,-938.228619080435,,,,1361.0,81.357
4291,2,725,1570.67868453176,-937.228619080435,,,,1360.0,81.342
4292,2,726,1571.67868453176,-936.228619080435,,,,1362.0,81.328
4293,2,727,1572.67868453176,-935.228619080435,,,,1358.0,81.312
4294,2,728,1573.67868453176,-934.228619080435,,,,1357.0,81.297
4295,2,729,1574.67868453176,-933.228619080435,,,,1358.0,81.281
4296,2,730,1575.67868453176,-932.228619080435,,,,1355.0,81.265
4297,2,731,1576.67868453176,-931.228619080435,,,,1353.0,81.25
4298,2,732,1577.67868453176,-930.228619080435,,,,1355.0,81.235
4299,2,733,1578.67868453176,-929.228619080435,,,,1352.0,81.22
4300,2,734,1579.67868453176,-928.228619080435,,,,1351.0,81.203
4301,2,735,1580.67868453176,-927.228619080435,,,,1345.0,81.184
4302,2,736,1581.67868453176,-926.228619080435,,,,1338.0,81.164
4303,2,737,1582.67868453176,-925.228619080435,,,,1334.0,81.142
4304,2,738,1583.67868453176,-924.228619080435,,,,1335.0,81.123
4305,2,739,1584.67868453176,-923.228619080435,,,,1336.0,81.105
4306,2,740,1585.67868453176,-922.228619080435,,,,1337.0,81.088
4307,2,741,1586.67868453176,-921.228619080435,,,,1338.0,81.073
4308,2,742,1587.67868453176,-920.228619080435,,,,1336.0,81.056
4309,2,743,1588.67868453176,-919.228619080435,,,,1334.0,81.039
4310,2,744,1589.67868453176,-918.228619080435,,,,1330.0,81.022
4311,2,745,1590.67868453176,-917.228619080435,,,,1329.0,81.003
4312,2,746,1591.67868453176,-916.228619080435,,,,1328.0,80.986
4313,2,747,1592.67868453176,-915.228619080435,,,,1328.0,80.968
4314,2,748,1593.67868453176,-914.228619080435,,,,1327.0,80.951
4315,2,749,1594.67868453176,-913.228619080435,,,,1326.0,80.936
4316,2,750,1595.67868453176,-912.228619080435,,,,1326.0,80.919
4317,2,751,1596.67868453176,-911.228619080435,,,,1323.0,80.902
4318,2,752,1597.67868453176,-910.228619080435,,,,1319.0,80.885
4319,2,753,1598.67868453176,-909.228619080435,,,,1317.0,80.867
4320,2,754,1599.67868453176,-908.228619080435,,,,1316.0,80.85
4321,2,755,1600.67868453176,-907.228619080435,,,,1313.0,80.83
4322,2,756,1601.67868453176,-906.228619080435,,,,1310.0,80.813
4323,2,757,1602.67868453176,-905.228619080435,,,,1309.0,80.793
4324,2,758,1603.67868453176,-904.228619080435,,,,1308.0,80.775
4325,2,759,1604.67868453176,-903.228619080435,,,,1308.0,80.756
4326,2,760,1605.67868453176,-902.228619080435,,,,1308.0,80.738
4327,2,761,1606.67868453176,-901.228619080435,,,,1306.0,80.721
4328,2,762,1607.67868453176,-900.228619080435,,,,1303.0,80.7
4329,2,763,1608.67868453176,-899.228619080435,,,,1299.0,80.68
4330,2,764,1609.67868453176,-898.228619080435,,,,1297.0,80.66
4331,2,765,1610.67868453176,-897.228619080435,,,,1295.0,80.637
4332,2,766,1611.67868453176,-896.228619080435,,,,1293.0,80.617
4333,2,767,1612.67868453176,-895.228619080435,,,,1292.0,80.597
4334,2,768,1613.67868453176,-894.228619080435,,,,1290.0,80.579
4335,2,769,1614.67868453176,-893.228619080435,,,,1291.0,80.562
4336,2,770,1615.67868453176,-892.228619080435,,,,1288.0,80.545
4337,2,771,1616.67868453176,-891.228619080435,,,,1288.0,80.528
4338,2,772,1617.67868453176,-890.228619080435,,,,1287.0,80.512
4339,2,773,1618.67868453176,-889.228619080435,,,,1286.0,80.497
4340,2,774,1619.67868453176,-888.228619080435,,,,1284.0,80.479
4341,2,775,1620.67868453176,-887.228619080435,,,,1282.0,80.462
4342,2,776,1621.67868453176,-886.228619080435,,,,1278.0,80.445
4343,2,777,1622.67868453176,-885.228619080435,,,,1277.0,80.426
4344,2,778,1623.67868453176,-884.228619080435,,,,1275.0,80.408
4345,2,779,1624.67868453176,-883.228619080435,,,,1271.0,80.391
4346,2,780,1625.67868453176,-882.228619080435,,,,1269.0,80.374
4347,2,781,1626.67868453176,-881.228619080435,,,,1267.0,80.357
4348,2,782,1627.67868453176,-880.228619080435,,,,1264.0,80.34
4349,2,783,1628.67868453176,-879.228619080435,,,,1261.0,80.321
4350,2,784,1629.67868453176,-878.228619080435,,,,1259.0,80.303
4351,2,785,1630.67868453176,-877.228619080435,,,,1256.0,80.284
4352,2,786,1631.67868453176,-876.228619080435,,,,1252.0,80.264
4353,2,787,1632.67868453176,-875.228619080435,,,,1250.0,80.243
4354,2,788,1633.67868453176,-874.228619080435,,,,1247.0,80.223
4355,2,789,1634.67868453176,-873.228619080435,,,,1243.0,80.203
4356,2,790,1635.67868453176,-872.228619080435,,,,1248.0,80.183
4357,2,791,1636.67868453176,-871.228619080435,,,,1245.0,80.164
4358,2,792,1637.67868453176,-870.228619080435,,,,1242.0,80.143
4359,2,793,1638.67868453176,-869.228619080435,,,,1238.0,80.121
4360,2,794,1639.67868453176,-868.228619080435,,,,1233.0,80.099
4361,2,795,1640.67868453176,-867.228619080435,,,,1229.0,80.077
4362,2,796,1641.67868453176,-866.228619080435,,,,1226.0,80.055
4363,2,797,1642.67868453176,-865.228619080435,,,,1224.0,80.033
4364,2,798,1643.67868453176,-864.228619080435,,,,1221.0,80.013
4365,2,799,1644.67868453176,-863.228619080435,,,,1218.0,79.993
4366,2,800,1645.67868453176,-862.228619080435,,,,1216.0,79.973
4367,2,801,1646.67868453176,-861.228619080435,,,,1217.0,79.953
4368,2,802,1647.67868453176,-860.228619080435,,,,1215.0,79.934
4369,2,803,1648.67868453176,-859.228619080435,,,,1212.0,79.913
4370,2,804,1649.67868453176,-858.228619080435,,,,1209.0,79.893
4371,2,805,1650.67868453176,-857.228619080435,,,,1206.0,79.873
4372,2,806,1651.67868453176,-856.228619080435,,,,1206.0,79.854
4373,2,807,1652.67868453176,-855.228619080435,,,,1207.0,79.835
4374,2,808,1653.67868453176,-854.228619080435,,,,1205.0,79.816
4375,2,809,1654.67868453176,-853.228619080435,,,,1204.0,79.797
4376,2,810,1655.67868453176,-852.228619080435,,,,1198.0,79.778
4377,2,811,1656.67868453176,-851.228619080435,,,,1198.0,79.757
4378,2,812,1657.67868453176,-850.228619080435,,,,1197.0,79.738
4379,2,813,1658.67868453176,-849.228619080435,,,,1193.0,79.719
4380,2,814,1659.67868453176,-848.228619080435,,,,1193.0,79.699
4381,2,815,1660.67868453176,-847.228619080435,,,,1190.0,79.679
4382,2,816,1661.67868453176,-846.228619080435,,,,1189.0,79.66
4383,2,817,1662.67868453176,-845.228619080435,,,,1187.0,79.642
4384,2,818,1663.67868453176,-844.228619080435,,,,1186.0,79.623
4385,2,819,1664.67868453176,-843.228619080435,,,,1184.0,79.605
4386,2,820,1665.67868453176,-842.228619080435,,,,1182.0,79.586
4387,2,821,1666.67868453176,-841.228619080435,,,,1180.0,79.568
4388,2,822,1667.67868453176,-840.228619080435,,,,1178.0,79.55
4389,2,823,1668.67868453176,-839.228619080435,,,,1175.0,79.532
4390,2,824,1669.67868453176,-838.228619080435,,,,1172.0,79.514
4391,2,825,1670.67868453176,-837.228619080435,,,,1167.0,79.496
4392,2,826,1671.67868453176,-836.228619080435,,,,1165.0,79.477
4393,2,827,1672.67868453176,-835.228619080435,,,,1161.0,79.459
4394,2,828,1673.67868453176,-834.228619080435,,,,1160.0,79.441
4395,2,829,1674.67868453176,-833.228619080435,,,,1157.0,79.423
4396,2,830,1675.67868453176,-832.228619080435,,,,1154.0,79.402
4397,2,831,1676.67868453176,-831.228619080435,,,,1149.0,79.381
4398,2,832,1677.67868453176,-830.228619080435,,,,1146.0,79.36
4399,2,833,1678.67868453176,-829.228619080435,,,,1139.0,79.339
4400,2,834,1679.67868453176,-828.228619080435,,,,1137.0,79.318
4401,2,835,1680.67868453176,-827.228619080435,,,,1136.0,79.299
4402,2,836,1681.67868453176,-826.228619080435,,,,1135.0,79.281
4403,2,837,1682.67868453176,-825.228619080435,,,,1137.0,79.264
4404,2,838,1683.67868453176,-824.228619080435,,,,1136.0,79.248
4405,2,839,1684.67868453176,-823.228619080435,,,,1134.0,79.232
4406,2,840,1685.67868453176,-822.228619080435,,,,1131.0,79.215
4407,2,841,1686.67868453176,-821.228619080435,,,,1126.0,79.199
4408,2,842,1687.67868453176,-820.228619080435,,,,1122.0,79.18
4409,2,843,1688.67868453176,-819.228619080435,,,,1119.0,79.161
4410,2,844,1689.67868453176,-818.228619080435,,,,1117.0,79.143
4411,2,845,1690.67868453176,-817.228619080435,,,,1117.0,79.125
4412,2,846,1691.67868453176,-816.228619080435,,,,1117.0,79.106
4413,2,847,1692.67868453176,-815.228619080435,,,,1116.0,79.088
4414,2,848,1693.67868453176,-814.228619080435,,,,1114.0,79.07
4415,2,849,1694.67868453176,-813.228619080435,,,,1112.0,79.051
4416,2,850,1695.67868453176,-812.228619080435,,,,1109.0,79.032
4417,2,851,1696.67868453176,-811.228619080435,,,,1106.0,79.013
4418,2,852,1697.67868453176,-810.228619080435,,,,1106.0,78.993
4419,2,853,1698.67868453176,-809.228619080435,,,,1103.0,78.975
4420,2,854,1699.67868453176,-808.228619080435,,,,1103.0,78.957
4421,2,855,1700.67868453176,-807.228619080435,,,,1101.0,78.938
4422,2,856,1701.67868453176,-806.228619080435,,,,1099.0,78.921
4423,2,857,1702.67868453176,-805.228619080435,,,,1098.0,78.905
4424,2,858,1703.67868453176,-804.228619080435,,,,1096.0,78.888
4425,2,859,1704.67868453176,-803.228619080435,,,,1093.0,78.87
4426,2,860,1705.67868453176,-802.228619080435,,,,1090.0,78.853
4427,2,861,1706.67868453176,-801.228619080435,,,,1087.0,78.835
4428,2,862,1707.67868453176,-800.228619080435,,,,1087.0,78.819
4429,2,863,1708.67868453176,-799.228619080435,,,,1087.0,78.803
4430,2,864,1709.67868453176,-798.228619080435,,,,1088.0,78.787
4431,2,865,1710.67868453176,-797.228619080435,,,,1088.0,78.772
4432,2,866,1711.67868453176,-796.228619080435,,,,1089.0,78.755
4433,2,867,1712.67868453176,-795.228619080435,,,,1089.0,78.737
4434,2,868,1713.67868453176,-794.228619080435,,,,1089.0,78.72
4435,2,869,1714.67868453176,-793.228619080435,,,,1087.0,78.701
4436,2,870,1715.67868453176,-792.228619080435,,,,1090.0,78.682
4437,2,871,1716.67868453176,-791.228619080435,,,,1090.0,78.663
4438,2,872,1717.67868453176,-790.228619080435,,,,1092.0,78.646
4439,2,873,1718.67868453176,-789.228619080435,,,,1093.0,78.628
4440,2,874,1719.67868453176,-788.228619080435,,,,1095.0,78.611
4441,2,875,1720.67868453176,-787.228619080435,,,,1095.0,78.594
4442,2,876,1721.67868453176,-786.228619080435,,,,1097.0,78.578
4443,2,877,1722.67868453176,-785.228619080435,,,,1097.0,78.562
4444,2,878,1723.67868453176,-784.228619080435,,,,1095.0,78.544
4445,2,879,1724.67868453176,-783.228619080435,,,,1092.0,78.526
4446,2,880,1725.67868453176,-782.228619080435,,,,1090.0,78.506
4447,2,881,1726.67868453176,-781.228619080435,,,,1088.0,78.487
4448,2,882,1727.67868453176,-780.228619080435,,,,1088.0,78.467
4449,2,883,1728.67868453176,-779.228619080435,,,,1088.0,78.449
4450,2,884,1729.67868453176,-778.228619080435,,,,1088.0,78.43
4451,2,885,1730.67868453176,-777.228619080435,,,,1087.0,78.412
4452,2,886,1731.67868453176,-776.228619080435,,,,1089.0,78.394
4453,2,887,1732.67868453176,-775.228619080435,,,,1088.0,78.377
4454,2,888,1733.67868453176,-774.228619080435,,,,1089.0,78.359
4455,2,889,1734.67868453176,-773.228619080435,,,,1088.0,78.342
4456,2,890,1735.67868453176,-772.228619080435,,,,1088.0,78.326
4457,2,891,1736.67868453176,-771.228619080435,,,,1089.0,78.31
4458,2,892,1737.67868453176,-770.228619080435,,,,1089.0,78.293
4459,2,893,1738.67868453176,-769.228619080435,,,,1089.0,78.275
4460,2,894,1739.67868453176,-768.228619080435,,,,1089.0,78.257
4461,2,895,1740.67868453176,-767.228619080435,,,,1086.0,78.24
4462,2,896,1741.67868453176,-766.228619080435,,,,1084.0,78.22
4463,2,897,1742.67868453176,-765.228619080435,,,,1086.0,78.201
4464,2,898,1743.67868453176,-764.228619080435,,,,1087.0,78.183
4465,2,899,1744.67868453176,-763.228619080435,,,,1085.0,78.164
4466,2,900,1745.67868453176,-762.228619080435,,,,1082.0,78.145
4467,2,901,1746.67868453176,-761.228619080435,,,,1082.0,78.124
4468,2,902,1747.67868453176,-760.228619080435,,,,1079.0,78.105
4469,2,903,1748.67868453176,-759.228619080435,,,,1076.0,78.086
4470,2,904,1749.67868453176,-758.228619080435,,,,1075.0,78.065
4471,2,905,1750.67868453176,-757.228619080435,,,,1076.0,78.047
4472,2,906,1751.67868453176,-756.228619080435,,,,1075.0,78.029
4473,2,907,1752.67868453176,-755.228619080435,,,,1072.0,78.01
4474,2,908,1753.67868453176,-754.228619080435,,,,1069.0,77.992
4475,2,909,1754.67868453176,-753.228619080435,,,,1066.0,77.973
4476,2,910,1755.67868453176,-752.228619080435,,,,1062.0,77.955
4477,2,911,1756.67868453176,-751.228619080435,,,,1059.0,77.938
4478,2,912,1757.67868453176,-750.228619080435,,,,1059.0,77.92
4479,2,913,1758.67868453176,-749.228619080435,,,,1058.0,77.905
4480,2,914,1759.67868453176,-748.228619080435,,,,1056.0,77.889
4481,2,915,1760.67868453176,-747.228619080435,,,,1053.0,77.872
4482,2,916,1761.67868453176,-746.228619080435,,,,1049.0,77.856
4483,2,917,1762.67868453176,-745.228619080435,,,,1044.0,77.839
4484,2,918,1763.67868453176,-744.228619080435,,,,1042.0,77.821
4485,2,919,1764.67868453176,-743.228619080435,,,,1040.0,77.805
4486,2,920,1765.67868453176,-742.228619080435,,,,1041.0,77.788
4487,2,921,1766.67868453176,-741.228619080435,,,,1042.0,77.771
4488,2,922,1767.67868453176,-740.228619080435,,,,1039.0,77.754
4489,2,923,1768.67868453176,-739.228619080435,,,,1035.0,77.735
4490,2,924,1769.67868453176,-738.228619080435,,,,1032.0,77.717
4491,2,925,1770.67868453176,-737.228619080435,,,,1030.0,77.698
4492,2,926,1771.67868453176,-736.228619080435,,,,1027.0,77.68
4493,2,927,1772.67868453176,-735.228619080435,,,,1026.0,77.662
4494,2,928,1773.67868453176,-734.228619080435,,,,1026.0,77.645
4495,2,929,1774.67868453176,-733.228619080435,,,,1023.0,77.628
4496,2,930,1775.67868453176,-732.228619080435,,,,1021.0,77.61
4497,2,931,1776.67868453176,-731.228619080435,,,,1017.0,77.593
4498,2,932,1777.67868453176,-730.228619080435,,,,1015.0,77.574
4499,2,933,1778.67868453176,-729.228619080435,,,,1011.0,77.556
4500,2,934,1779.67868453176,-728.228619080435,,,,1007.0,77.537
4501,2,935,1780.67868453176,-727.228619080435,,,,1002.0,77.519
4502,2,936,1781.67868453176,-726.228619080435,,,,1000.0,77.502
4503,2,937,1782.67868453176,-725.228619080435,,,,998.0,77.485
4504,2,938,1783.67868453176,-724.228619080435,,,,997.0,77.47
4505,2,939,1784.67868453176,-723.228619080435,,,,994.0,77.454
4506,2,940,1785.67868453176,-722.228619080435,,,,989.0,77.441
4507,2,941,1786.67868453176,-721.228619080435,,,,987.0,77.427
4508,2,942,1787.67868453176,-720.228619080435,,,,984.0,77.414
4509,2,943,1788.67868453176,-719.228619080435,,,,985.0,77.402
4510,2,944,1789.67868453176,-718.228619080435,,,,985.0,77.39
4511,2,945,1790.67868453176,-717.228619080435,,,,986.0,77.378
4512,2,946,1791.67868453176,-716.228619080435,,,,984.0,77.364
4513,2,947,1792.67868453176,-715.228619080435,,,,983.0,77.35
4514,2,948,1793.67868453176,-714.228619080435,,,,981.0,77.334
4515,2,949,1794.67868453176,-713.228619080435,,,,981.0,77.318
4516,2,950,1795.67868453176,-712.228619080435,,,,979.0,77.3
4517,2,951,1796.67868453176,-711.228619080435,,,,979.0,77.284
4518,2,952,1797.67868453176,-710.228619080435,,,,978.0,77.268
4519,2,953,1798.67868453176,-709.228619080435,,,,977.0,77.252
4520,2,954,1799.67868453176,-708.228619080435,,,,974.0,77.235
4521,2,955,1800.67868453176,-707.228619080435,,,,974.0,77.218
4522,2,956,1801.67868453176,-706.228619080435,,,,970.0,77.2
4523,2,957,1802.67868453176,-705.228619080435,,,,970.0,77.183
4524,2,958,1803.67868453176,-704.228619080435,,,,968.0,77.167
4525,2,959,1804.67868453176,-703.228619080435,,,,966.0,77.152
4526,2,960,1805.67868453176,-702.228619080435,,,,966.0,77.137
4527,2,961,1806.67868453176,-701.228619080435,,,,965.0,77.123
4528,2,962,1807.67868453176,-700.228619080435,,,,966.0,77.11
4529,2,963,1808.67868453176,-699.228619080435,,,,964.0,77.097
4530,2,964,1809.67868453176,-698.228619080435,,,,961.0,77.084
4531,2,965,1810.67868453176,-697.228619080435,,,,959.0,77.072
4532,2,966,1811.67868453176,-696.228619080435,,,,957.0,77.059
4533,2,967,1812.67868453176,-695.228619080435,,,,956.0,77.048
4534,2,968,1813.67868453176,-694.228619080435,,,,956.0,77.037
4535,2,969,1814.67868453176,-693.228619080435,,,,956.0,77.026
4536,2,970,1815.67868453176,-692.228619080435,,,,956.0,77.015
4537,2,971,1816.67868453176,-691.228619080435,,,,956.0,77.006
4538,2,972,1817.67868453176,-690.228619080435,,,,955.0,76.996
4539,2,973,1818.67868453176,-689.228619080435,,,,954.0,76.987
4540,2,974,1819.67868453176,-688.228619080435,,,,952.0,76.979
4541,2,975,1820.67868453176,-687.228619080435,,,,951.0,76.972
4542,2,976,1821.67868453176,-686.228619080435,,,,952.0,76.967
4543,2,977,1822.67868453176,-685.228619080435,,,,951.0,76.963
4544,2,978,1823.67868453176,-684.228619080435,,,,952.0,76.957
4545,2,979,1824.67868453176,-683.228619080435,,,,949.0,76.953
4546,2,980,1825.67868453176,-682.228619080435,,,,946.0,76.951
4557,2,991,1836.67868453176,-671.228619080435,,,,933.0,76.946
4558,2,992,1837.67868453176,-670.228619080435,,,,931.0,76.937
4559,2,993,1838.67868453176,-669.228619080435,,,,931.0,76.924
4560,2,994,1839.67868453176,-668.228619080435,,,,931.0,76.91
4561,2,995,1840.67868453176,-667.228619080435,,,,932.0,76.895
4562,2,996,1841.67868453176,-666.228619080435,,,,933.0,76.881
4563,2,997,1842.67868453176,-665.228619080435,,,,935.0,76.865
4564,2,998,1843.67868453176,-664.228619080435,,,,935.0,76.851
4565,2,999,1844.67868453176,-663.228619080435,,,,938.0,76.839
4566,2,1000,1845.67868453176,-662.228619080435,,,,939.0,76.828
4567,2,1001,1846.67868453176,-661.228619080435,,,,941.0,76.817
4568,2,1002,1847.67868453176,-660.228619080435,,,,943.0,76.805
4569,2,1003,1848.67868453176,-659.228619080435,,,,943.0,76.795
4570,2,1004,1849.67868453176,-658.228619080435,,,,944.0,76.786
4571,2,1005,1850.67868453176,-657.228619080435,,,,942.0,76.777
4572,2,1006,1851.67868453176,-656.228619080435,,,,942.0,76.768
4573,2,1007,1852.67868453176,-655.228619080435,,,,941.0,76.758
4574,2,1008,1853.67868453176,-654.228619080435,,,,940.0,76.749
4575,2,1009,1854.67868453176,-653.228619080435,,,,939.0,76.739
4576,2,1010,1855.67868453176,-652.228619080435,,,,941.0,76.731
4577,2,1011,1856.67868453176,-651.228619080435,,,,943.0,76.725
4578,2,1012,1857.67868453176,-650.228619080435,,,,945.0,76.721
4579,2,1013,1858.67868453176,-649.228619080435,,,,948.0,76.719
4656,2,1090,1935.67868453176,-572.228619080435,,,,987.0,76.717
4657,2,1091,1936.67868453176,-571.228619080435,,,,989.0,76.71
4658,2,1092,1937.67868453176,-570.228619080435,,,,992.0,76.704
4682,2,1116,1961.67868453176,-546.228619080435,,,,1030.0,76.697
4683,2,1117,1962.67868453176,-545.228619080435,,,,1031.0,76.688
4684,2,1118,1963.67868453176,-544.228619080435,,,,1032.0,76.683
4705,2,1139,1984.67868453176,-523.228619080435,,,,1070.0,76.675
4706,2,1140,1985.67868453176,-522.228619080435,,,,1073.0,76.665
4707,2,1141,1986.67868453176,-521.228619080435,,,,1076.0,76.66
4724,2,1158,2003.67868453176,-504.228619080435,,,,1106.0,76.647
4725,2,1159,2004.67868453176,-503.228619080435,,,,1108.0,76.632
4726,2,1160,2005.67868453176,-502.228619080435,,,,1110.0,76.618
4727,2,1161,2006.67868453176,-501.228619080435,,,,1112.0,76.609
4728,2,1162,2007.67868453176,-500.228619080435,,,,1116.0,76.603
4752,2,1186,2031.67868453176,-476.228619080435,,,,1166.0,76.593
4753,2,1187,2032.67868453176,-475.228619080435,,,,1168.0,76.582
4754,2,1188,2033.67868453176,-474.228619080435,,,,1166.0,76.572
4755,2,1189,2034.67868453176,-473.228619080435,,,,1169.0,76.568
4804,2,1238,2083.67868453176,-424.228619080435,,,,1244.0,76.56
4805,2,1239,2084.67868453176,-423.228619080435,,,,1243.0,76.552
4806,2,1240,2085.67868453176,-422.228619080435,,,,1248.0,76.544
4807,2,1241,2086.67868453176,-421.228619080435,,,,1251.0,76.537
4808,2,1242,2087.67868453176,-420.228619080435,,,,1250.0,76.534
4809,2,1243,2088.67868453176,-419.228619080435,,,,1251.0,76.532
4836,2,1270,2115.67868453176,-392.228619080435,,,,1280.0,76.531
4837,2,1271,2116.67868453176,-391.228619080435,,,,1281.0,76.52
4838,2,1272,2117.67868453176,-390.228619080435,,,,1282.0,76.512
4839,2,1273,2118.67868453176,-389.228619080435,,,,1284.0,76.508
4840,2,1274,2119.67868453176,-388.228619080435,,,,1285.0,76.507
4858,2,1292,2137.67868453176,-370.228619080435,,,,1296.0,76.499
4859,2,1293,2138.67868453176,-369.228619080435,,,,1296.0,76.487
4860,2,1294,2139.67868453176,-368.228619080435,,,,1296.0,76.478
4861,2,1295,2140.67868453176,-367.228619080435,,,,1297.0,76.472
4862,2,1296,2141.67868453176,-366.228619080435,,,,1297.0,76.466
4863,2,1297,2142.67868453176,-365.228619080435,,,,1299.0,76.461
4864,2,1298,2143.67868453176,-364.228619080435,,,,1302.0,76.459
4865,2,1299,2144.67868453176,-363.228619080435,,,,1304.0,76.457
4881,2,1315,2160.67868453176,-347.228619080435,,,,1330.0,76.446
4882,2,1316,2161.67868453176,-346.228619080435,,,,1329.0,76.435
4883,2,1317,2162.67868453176,-345.228619080435,,,,1330.0,76.425
4884,2,1318,2163.67868453176,-344.228619080435,,,,1332.0,76.418
4885,2,1319,2164.67868453176,-343.228619080435,,,,1335.0,76.415
4886,2,1320,2165.67868453176,-342.228619080435,,,,1337.0,76.413
4906,2,1340,2185.67868453176,-322.228619080435,,,,1368.0,76.404
4907,2,1341,2186.67868453176,-321.228619080435,,,,1372.0,76.397
4908,2,1342,2187.67868453176,-320.228619080435,,,,1374.0,76.392
4909,2,1343,2188.67868453176,-319.228619080435,,,,1377.0,76.391
4928,2,1362,2207.67868453176,-300.228619080435,,,,1399.0,76.385
4929,2,1363,2208.67868453176,-299.228619080435,,,,1401.0,76.369
4930,2,1364,2209.67868453176,-298.228619080435,,,,1398.0,76.353
4931,2,1365,2210.67868453176,-297.228619080435,,,,1399.0,76.338
4932,2,1366,2211.67868453176,-296.228619080435,,,,1399.0,76.321
4933,2,1367,2212.67868453176,-295.228619080435,,,,1401.0,76.305
4934,2,1368,2213.67868453176,-294.228619080435,,,,1403.0,76.288
4935,2,1369,2214.67868453176,-293.228619080435,,,,1405.0,76.273
4936,2,1370,2215.67868453176,-292.228619080435,,,,1404.0,76.258
4937,2,1371,2216.67868453176,-291.228619080435,,,,1404.0,76.242
4938,2,1372,2217.67868453176,-290.228619080435,,,,1409.0,76.225
4939,2,1373,2218.67868453176,-289.228619080435,,,,1409.0,76.209
4940,2,1374,2219.67868453176,-288.228619080435,,,,1410.0,76.193
4941,2,1375,2220.67868453176,-287.228619080435,,,,1411.0,76.175
4942,2,1376,2221.67868453176,-286.228619080435,,,,1409.0,76.158
4943,2,1377,2222.67868453176,-285.228619080435,,,,1411.0,76.14
4944,2,1378,2223.67868453176,-284.228619080435,,,,1411.0,76.122
4945,2,1379,2224.67868453176,-283.228619080435,,,,1415.0,76.103
4946,2,1380,2225.67868453176,-282.228619080435,,,,1415.0,76.086
4947,2,1381,2226.67868453176,-281.228619080435,,,,1419.0,76.069
4948,2,1382,2227.67868453176,-280.228619080435,,,,1419.0,76.052
4949,2,1383,2228.67868453176,-279.228619080435,,,,1419.0,76.037
4950,2,1384,2229.67868453176,-278.228619080435,,,,1423.0,76.022
4951,2,1385,2230.67868453176,-277.228619080435,,,,1418.0,76.005
4952,2,1386,2231.67868453176,-276.228619080435,,,,1422.0,75.991
4953,2,1387,2232.67868453176,-275.228619080435,,,,1421.0,75.975
4954,2,1388,2233.67868453176,-274.228619080435,,,,1420.0,75.96
4955,2,1389,2234.67868453176,-273.228619080435,,,,1421.0,75.945
4956,2,1390,2235.67868453176,-272.228619080435,,,,1419.0,75.928
4957,2,1391,2236.67868453176,-271.228619080435,,,,1416.0,75.909
4958,2,1392,2237.67868453176,-270.228619080435,,,,1412.0,75.888
4959,2,1393,2238.67868453176,-269.228619080435,,,,1409.0,75.868
4960,2,1394,2239.67868453176,-268.228619080435,,,,1406.0,75.845
4961,2,1395,2240.67868453176,-267.228619080435,,,,1407.0,75.823
4962,2,1396,2241.67868453176,-266.228619080435,,,,1408.0,75.803
4963,2,1397,2242.67868453176,-265.228619080435,,,,1408.0,75.782
4964,2,1398,2243.67868453176,-264.228619080435,,,,1408.0,75.762
4965,2,1399,2244.67868453176,-263.228619080435,,,,1409.0,75.743
4966,2,1400,2245.67868453176,-262.228619080435,,,,1410.0,75.724
4967,2,1401,2246.67868453176,-261.228619080435,,,,1409.0,75.705
4968,2,1402,2247.67868453176,-260.228619080435,,,,1410.0,75.685
4969,2,1403,2248.67868453176,-259.228619080435,,,,1410.0,75.665
4970,2,1404,2249.67868453176,-258.228619080435,,,,1411.0,75.646
4971,2,1405,2250.67868453176,-257.228619080435,,,,1411.0,75.627
4972,2,1406,2251.67868453176,-256.228619080435,,,,1409.0,75.606
4973,2,1407,2252.67868453176,-255.228619080435,,,,1407.0,75.585
4974,2,1408,2253.67868453176,-254.228619080435,,,,1407.0,75.564
4975,2,1409,2254.67868453176,-253.228619080435,,,,1406.0,75.545
4976,2,1410,2255.67868453176,-252.228619080435,,,,1406.0,75.527
4977,2,1411,2256.67868453176,-251.228619080435,,,,1405.0,75.508
4978,2,1412,2257.67868453176,-250.228619080435,,,,1403.0,75.489
4979,2,1413,2258.67868453176,-249.228619080435,,,,1398.0,75.47
4980,2,1414,2259.67868453176,-248.228619080435,,,,1401.0,75.451
4981,2,1415,2260.67868453176,-247.228619080435,,,,1401.0,75.432
4982,2,1416,2261.67868453176,-246.228619080435,,,,1402.0,75.415
4983,2,1417,2262.67868453176,-245.228619080435,,,,1401.0,75.397
4984,2,1418,2263.67868453176,-244.228619080435,,,,1400.0,75.38
4985,2,1419,2264.67868453176,-243.228619080435,,,,1399.0,75.362
4986,2,1420,2265.67868453176,-242.228619080435,,,,1396.0,75.343
4987,2,1421,2266.67868453176,-241.228619080435,,,,1397.0,75.326
4988,2,1422,2267.67868453176,-240.228619080435,,,,1395.0,75.308
4989,2,1423,2268.67868453176,-239.228619080435,,,,1396.0,75.292
4990,2,1424,2269.67868453176,-238.228619080435,,,,1396.0,75.276
4991,2,1425,2270.67868453176,-237.228619080435,,,,1394.0,75.26
4992,2,1426,2271.67868453176,-236.228619080435,,,,1389.0,75.245
4993,2,1427,2272.67868453176,-235.228619080435,,,,1386.0,75.228
4994,2,1428,2273.67868453176,-234.228619080435,,,,1386.0,75.211
4995,2,1429,2274.67868453176,-233.228619080435,,,,1386.0,75.191
4996,2,1430,2275.67868453176,-232.228619080435,,,,1385.0,75.173
4997,2,1431,2276.67868453176,-231.228619080435,,,,1384.0,75.155
4998,2,1432,2277.67868453176,-230.228619080435,,,,1383.0,75.135
4999,2,1433,2278.67868453176,-229.228619080435,,,,1383.0,75.115
5000,2,1434,2279.67868453176,-228.228619080435,,,,1383.0,75.095
5001,2,1435,2280.67868453176,-227.228619080435,,,,1380.0,75.074
5002,2,1436,2281.67868453176,-226.228619080435,,,,1380.0,75.054
5003,2,1437,2282.67868453176,-225.228619080435,,,,1382.0,75.034
5004,2,1438,2283.67868453176,-224.228619080435,,,,1382.0,75.013
5005,2,1439,2284.67868453176,-223.228619080435,,,,1380.0,74.994
5006,2,1440,2285.67868453176,-222.228619080435,,,,1380.0,74.973
5007,2,1441,2286.67868453176,-221.228619080435,,,,1377.0,74.953
5008,2,1442,2287.67868453176,-220.228619080435,,,,1376.0,74.931
5009,2,1443,2288.67868453176,-219.228619080435,,,,1373.0,74.909
5010,2,1444,2289.67868453176,-218.228619080435,,,,1370.0,74.887
5011,2,1445,2290.67868453176,-217.228619080435,,,,1366.0,74.867
5012,2,1446,2291.67868453176,-216.228619080435,,,,1365.0,74.846
5013,2,1447,2292.67868453176,-215.228619080435,,,,1364.0,74.826
5014,2,1448,2293.67868453176,-214.228619080435,,,,1364.0,74.807
5015,2,1449,2294.67868453176,-213.228619080435,,,,1366.0,74.789
5016,2,1450,2295.67868453176,-212.228619080435,,,,1366.0,74.774
5017,2,1451,2296.67868453176,-211.228619080435,,,,1367.0,74.757
5018,2,1452,2297.67868453176,-210.228619080435,,,,1365.0,74.741
5019,2,1453,2298.67868453176,-209.228619080435,,,,1369.0,74.724
5020,2,1454,2299.67868453176,-208.228619080435,,,,1367.0,74.708
5021,2,1455,2300.67868453176,-207.228619080435,,,,1367.0,74.691
5022,2,1456,2301.67868453176,-206.228619080435,,,,1365.0,74.674
5023,2,1457,2302.67868453176,-205.228619080435,,,,1365.0,74.656
5024,2,1458,2303.67868453176,-204.228619080435,,,,1365.0,74.638
5025,2,1459,2304.67868453176,-203.228619080435,,,,1362.0,74.618
5026,2,1460,2305.67868453176,-202.228619080435,,,,1361.0,74.599
5027,2,1461,2306.67868453176,-201.228619080435,,,,1362.0,74.581
5028,2,1462,2307.67868453176,-200.228619080435,,,,1361.0,74.563
5029,2,1463,2308.67868453176,-199.228619080435,,,,1363.0,74.545
5030,2,1464,2309.67868453176,-198.228619080435,,,,1362.0,74.527
5031,2,1465,2310.67868453176,-197.228619080435,,,,1359.0,74.509
5032,2,1466,2311.67868453176,-196.228619080435,,,,1358.0,74.489
5033,2,1467,2312.67868453176,-195.228619080435,,,,1357.0,74.468
5034,2,1468,2313.67868453176,-194.228619080435,,,,1354.0,74.448
5035,2,1469,2314.67868453176,-193.228619080435,,,,1353.0,74.426
5036,2,1470,2315.67868453176,-192.228619080435,,,,1353.0,74.406
5037,2,1471,2316.67868453176,-191.228619080435,,,,1355.0,74.386
5038,2,1472,2317.67868453176,-190.228619080435,,,,1354.0,74.366
5039,2,1473,2318.67868453176,-189.228619080435,,,,1352.0,74.345
5040,2,1474,2319.67868453176,-188.228619080435,,,,1351.0,74.325
5041,2,1475,2320.67868453176,-187.228619080435,,,,1347.0,74.303
5042,2,1476,2321.67868453176,-186.228619080435,,,,1346.0,74.281
5043,2,1477,2322.67868453176,-185.228619080435,,,,1343.0,74.261
5044,2,1478,2323.67868453176,-184.228619080435,,,,1343.0,74.239
5045,2,1479,2324.67868453176,-183.228619080435,,,,1342.0,74.219
5046,2,1480,2325.67868453176,-182.228619080435,,,,1342.0,74.2
5047,2,1481,2326.67868453176,-181.228619080435,,,,1341.0,74.181
5048,2,1482,2327.67868453176,-180.228619080435,,,,1340.0,74.161
5049,2,1483,2328.67868453176,-179.228619080435,,,,1338.0,74.143
5050,2,1484,2329.67868453176,-178.228619080435,,,,1338.0,74.124
5051,2,1485,2330.67868453176,-177.228619080435,,,,1336.0,74.104
5052,2,1486,2331.67868453176,-176.228619080435,,,,1333.0,74.086
5053,2,1487,2332.67868453176,-175.228619080435,,,,1331.0,74.064
5054,2,1488,2333.67868453176,-174.228619080435,,,,1329.0,74.045
5055,2,1489,2334.67868453176,-173.228619080435,,,,1327.0,74.024
5056,2,1490,2335.67868453176,-172.228619080435,,,,1325.0,74.005
5057,2,1491,2336.67868453176,-171.228619080435,,,,1325.0,73.986
5058,2,1492,2337.67868453176,-170.228619080435,,,,1324.0,73.967
5059,2,1493,2338.67868453176,-169.228619080435,,,,1323.0,73.948
5060,2,1494,2339.67868453176,-168.228619080435,,,,1323.0,73.928
5061,2,1495,2340.67868453176,-167.228619080435,,,,1323.0,73.908
5062,2,1496,2341.67868453176,-166.228619080435,,,,1321.0,73.889
5063,2,1497,2342.67868453176,-165.228619080435,,,,1319.0,73.868
5064,2,1498,2343.67868453176,-164.228619080435,,,,1317.0,73.848
5065,2,1499,2344.67868453176,-163.228619080435,,,,1314.0,73.827
5066,2,1500,2345.67868453176,-162.228619080435,,,,1311.0,73.806
5067,2,1501,2346.67868453176,-161.228619080435,,,,1307.0,73.784
5068,2,1502,2347.67868453176,-160.228619080435,,,,1306.0,73.763
5069,2,1503,2348.67868453176,-159.228619080435,,,,1304.0,73.742
5070,2,1504,2349.67868453176,-158.228619080435,,,,1303.0,73.722
5071,2,1505,2350.67868453176,-157.228619080435,,,,1303.0,73.702
5072,2,1506,2351.67868453176,-156.228619080435,,,,1304.0,73.683
5073,2,1507,2352.67868453176,-155.228619080435,,,,1303.0,73.664
5074,2,1508,2353.67868453176,-154.228619080435,,,,1298.0,73.644
5075,2,1509,2354.67868453176,-153.228619080435,,,,1297.0,73.625
5076,2,1510,2355.67868453176,-152.228619080435,,,,1295.0,73.605
5077,2,1511,2356.67868453176,-151.228619080435,,,,1295.0,73.585
5078,2,1512,2357.67868453176,-150.228619080435,,,,1294.0,73.566
5079,2,1513,2358.67868453176,-149.228619080435,,,,1295.0,73.546
5080,2,1514,2359.67868453176,-148.228619080435,,,,1293.0,73.527
5081,2,1515,2360.67868453176,-147.228619080435,,,,1293.0,73.507
5082,2,1516,2361.67868453176,-146.228619080435,,,,1292.0,73.487
5083,2,1517,2362.67868453176,-145.228619080435,,,,1289.0,73.467
5084,2,1518,2363.67868453176,-144.228619080435,,,,1287.0,73.447
5085,2,1519,2364.67868453176,-143.228619080435,,,,1286.0,73.426
5086,2,1520,2365.67868453176,-142.228619080435,,,,1283.0,73.406
5087,2,1521,2366.67868453176,-141.228619080435,,,,1282.0,73.384
5088,2,1522,2367.67868453176,-140.228619080435,,,,1280.0,73.364
5089,2,1523,2368.67868453176,-139.228619080435,,,,1278.0,73.342
5090,2,1524,2369.67868453176,-138.228619080435,,,,1278.0,73.322
5091,2,1525,2370.67868453176,-137.228619080435,,,,1278.0,73.301
5092,2,1526,2371.67868453176,-136.228619080435,,,,1276.0,73.281
5093,2,1527,2372.67868453176,-135.228619080435,,,,1277.0,73.26
5094,2,1528,2373.67868453176,-134.228619080435,,,,1275.0,73.239
5095,2,1529,2374.67868453176,-133.228619080435,,,,1274.0,73.22
5096,2,1530,2375.67868453176,-132.228619080435,,,,1271.0,73.199
5097,2,1531,2376.67868453176,-131.228619080435,,,,1269.0,73.177
5098,2,1532,2377.67868453176,-130.228619080435,,,,1265.0,73.156
5099,2,1533,2378.67868453176,-129.228619080435,,,,1263.0,73.134
5100,2,1534,2379.67868453176,-128.228619080435,,,,1264.0,73.113
5101,2,1535,2380.67868453176,-127.228619080435,,,,1261.0,73.092
5102,2,1536,2381.67868453176,-126.228619080435,,,,1260.0,73.07
5103,2,1537,2382.67868453176,-125.228619080435,,,,1261.0,73.05
5104,2,1538,2383.67868453176,-124.228619080435,,,,1258.0,73.029
5105,2,1539,2384.67868453176,-123.228619080435,,,,1256.0,73.008
5106,2,1540,2385.67868453176,-122.228619080435,,,,1253.0,72.987
5107,2,1541,2386.67868453176,-121.228619080435,,,,1252.0,72.964
5108,2,1542,2387.67868453176,-120.228619080435,,,,1252.0,72.942
5109,2,1543,2388.67868453176,-119.228619080435,,,,1251.0,72.921
5110,2,1544,2389.67868453176,-118.228619080435,,,,1251.0,72.9
5111,2,1545,2390.67868453176,-117.228619080435,,,,1250.0,72.88
5112,2,1546,2391.67868453176,-116.228619080435,,,,1251.0,72.859
5113,2,1547,2392.67868453176,-115.228619080435,,,,1250.0,72.84
5114,2,1548,2393.67868453176,-114.228619080435,,,,1248.0,72.819
5115,2,1549,2394.67868453176,-113.228619080435,,,,1247.0,72.796
5116,2,1550,2395.67868453176,-112.228619080435,,,,1243.0,72.773
5117,2,1551,2396.67868453176,-111.228619080435,,,,1241.0,72.751
5118,2,1552,2397.67868453176,-110.228619080435,,,,1241.0,72.728
5119,2,1553,2398.67868453176,-109.228619080435,,,,1238.0,72.705
5120,2,1554,2399.67868453176,-108.228619080435,,,,1237.0,72.683
5121,2,1555,2400.67868453176,-107.228619080435,,,,1233.0,72.662
5122,2,1556,2401.67868453176,-106.228619080435,,,,1233.0,72.639
5123,2,1557,2402.67868453176,-105.228619080435,,,,1231.0,72.617
5124,2,1558,2403.67868453176,-104.228619080435,,,,1229.0,72.594
5125,2,1559,2404.67868453176,-103.228619080435,,,,1226.0,72.57
5126,2,1560,2405.67868453176,-102.228619080435,,,,1222.0,72.547
5127,2,1561,2406.67868453176,-101.228619080435,,,,1221.0,72.524
5128,2,1562,2407.67868453176,-100.228619080435,,,,1220.0,72.5
5129,2,1563,2408.67868453176,-99.228619080435,,,,1219.0,72.477
5130,2,1564,2409.67868453176,-98.228619080435,,,,1219.0,72.455
5131,2,1565,2410.67868453176,-97.228619080435,,,,1219.0,72.432
5132,2,1566,2411.67868453176,-96.228619080435,,,,1216.0,72.409
5133,2,1567,2412.67868453176,-95.228619080435,,,,1215.0,72.386
5134,2,1568,2413.67868453176,-94.228619080435,,,,1215.0,72.365
5135,2,1569,2414.67868453176,-93.228619080435,,,,1215.0,72.343
5136,2,1570,2415.67868453176,-92.228619080435,,,,1214.0,72.322
5137,2,1571,2416.67868453176,-91.228619080435,,,,1214.0,72.302
5138,2,1572,2417.67868453176,-90.228619080435,,,,1213.0,72.281
5139,2,1573,2418.67868453176,-89.228619080435,,,,1211.0,72.26
5140,2,1574,2419.67868453176,-88.228619080435,,,,1210.0,72.239
5141,2,1575,2420.67868453176,-87.228619080435,,,,1205.0,72.216
5142,2,1576,2421.67868453176,-86.228619080435,,,,1202.0,72.193
5143,2,1577,2422.67868453176,-85.228619080435,,,,1201.0,72.172
5144,2,1578,2423.67868453176,-84.228619080435,,,,1199.0,72.15
5145,2,1579,2424.67868453176,-83.228619080435,,,,1199.0,72.129
5146,2,1580,2425.67868453176,-82.228619080435,,,,1197.0,72.108
5147,2,1581,2426.67868453176,-81.228619080435,,,,1196.0,72.087
5148,2,1582,2427.67868453176,-80.228619080435,,,,1194.0,72.066
5149,2,1583,2428.67868453176,-79.228619080435,,,,1193.0,72.044
5150,2,1584,2429.67868453176,-78.228619080435,,,,1191.0,72.022
5151,2,1585,2430.67868453176,-77.228619080435,,,,1189.0,72.001
5152,2,1586,2431.67868453176,-76.228619080435,,,,1188.0,71.978
5153,2,1587,2432.67868453176,-75.228619080435,,,,1186.0,71.956
5154,2,1588,2433.67868453176,-74.228619080435,,,,1184.0,71.934
5155,2,1589,2434.67868453176,-73.228619080435,,,,1183.0,71.911
5156,2,1590,2435.67868453176,-72.228619080435,,,,1183.0,71.888
5157,2,1591,2436.67868453176,-71.228619080435,,,,1182.0,71.865
5158,2,1592,2437.67868453176,-70.228619080435,,,,1182.0,71.845
5159,2,1593,2438.67868453176,-69.228619080435,,,,1183.0,71.823
5160,2,1594,2439.67868453176,-68.228619080435,,,,1182.0,71.804
5161,2,1595,2440.67868453176,-67.228619080435,,,,1182.0,71.785
5162,2,1596,2441.67868453176,-66.228619080435,,,,1182.0,71.764
5163,2,1597,2442.67868453176,-65.228619080435,,,,1179.0,71.744
5164,2,1598,2443.67868453176,-64.228619080435,,,,1177.0,71.725
5165,2,1599,2444.67868453176,-63.228619080435,,,,1175.0,71.703
5166,2,1600,2445.67868453176,-62.228619080435,,,,1176.0,71.683
5167,2,1601,2446.67868453176,-61.228619080435,,,,1176.0,71.662
5168,2,1602,2447.67868453176,-60.228619080435,,,,1175.0,71.644
5169,2,1603,2448.67868453176,-59.228619080435,,,,1173.0,71.625
5170,2,1604,2449.67868453176,-58.228619080435,,,,1173.0,71.607
5171,2,1605,2450.67868453176,-57.228619080435,,,,1174.0,71.59
5172,2,1606,2451.67868453176,-56.228619080435,,,,1174.0,71.573
5173,2,1607,2452.67868453176,-55.228619080435,,,,1173.0,71.555
5174,2,1608,2453.67868453176,-54.228619080435,,,,1175.0,71.537
5175,2,1609,2454.67868453176,-53.228619080435,,,,1173.0,71.518
5176,2,1610,2455.67868453176,-52.228619080435,,,,1174.0,71.5
5177,2,1611,2456.67868453176,-51.228619080435,,,,1173.0,71.481
5178,2,1612,2457.67868453176,-50.228619080435,,,,1172.0,71.46
5179,2,1613,2458.67868453176,-49.228619080435,,,,1170.0,71.441
5180,2,1614,2459.67868453176,-48.228619080435,,,,1169.0,71.42
5181,2,1615,2460.67868453176,-47.228619080435,,,,1170.0,71.399
5182,2,1616,2461.67868453176,-46.228619080435,,,,1170.0,71.381
5183,2,1617,2462.67868453176,-45.228619080435,,,,1172.0,71.361
5184,2,1618,2463.67868453176,-44.228619080435,,,,1173.0,71.343
5185,2,1619,2464.67868453176,-43.228619080435,,,,1174.0,71.324
5186,2,1620,2465.67868453176,-42.228619080435,,,,1175.0,71.304
5187,2,1621,2466.67868453176,-41.228619080435,,,,1178.0,71.286
5188,2,1622,2467.67868453176,-40.228619080435,,,,1177.0,71.267
5189,2,1623,2468.67868453176,-39.228619080435,,,,1178.0,71.25
5190,2,1624,2469.67868453176,-38.228619080435,,,,1174.0,71.232
5191,2,1625,2470.67868453176,-37.228619080435,,,,1171.0,71.213
5192,2,1626,2471.67868453176,-36.228619080435,,,,1168.0,71.194
5193,2,1627,2472.67868453176,-35.228619080435,,,,1167.0,71.174
5194,2,1628,2473.67868453176,-34.228619080435,,,,1167.0,71.154
5195,2,1629,2474.67868453176,-33.228619080435,,,,1168.0,71.135
5196,2,1630,2475.67868453176,-32.228619080435,,,,1166.0,71.115
5197,2,1631,2476.67868453176,-31.228619080435,,,,1166.0,71.097
5198,2,1632,2477.67868453176,-30.228619080435,,,,1168.0,71.079
5199,2,1633,2478.67868453176,-29.228619080435,,,,1166.0,71.06
5200,2,1634,2479.67868453176,-28.228619080435,,,,1164.0,71.043
5201,2,1635,2480.67868453176,-27.228619080435,,,,1162.0,71.026
5202,2,1636,2481.67868453176,-26.228619080435,,,,1160.0,71.008
5203,2,1637,2482.67868453176,-25.228619080435,,,,1156.0,70.99
5204,2,1638,2483.67868453176,-24.228619080435,,,,1153.0,70.971
5205,2,1639,2484.67868453176,-23.228619080435,,,,1152.0,70.952
5206,2,1640,2485.67868453176,-22.228619080435,,,,1147.0,70.932
5207,2,1641,2486.67868453176,-21.228619080435,,,,1143.0,70.913
5208,2,1642,2487.67868453176,-20.228619080435,,,,1142.0,70.894
5209,2,1643,2488.67868453176,-19.228619080435,,,,1141.0,70.874
5210,2,1644,2489.67868453176,-18.228619080435,,,,1142.0,70.856
5211,2,1645,2490.67868453176,-17.228619080435,,,,1143.0,70.839
5212,2,1646,2491.67868453176,-16.228619080435,,,,1146.0,70.823
5213,2,1647,2492.67868453176,-15.228619080435,,,,1147.0,70.806
5214,2,1648,2493.67868453176,-14.228619080435,,,,1148.0,70.789
5215,2,1649,2494.67868453176,-13.228619080435,,,,1143.0,70.771
5216,2,1650,2495.67868453176,-12.228619080435,,,,1142.0,70.752
5217,2,1651,2496.67868453176,-11.228619080435,,,,1140.0,70.732
5218,2,1652,2497.67868453176,-10.228619080435,,,,1139.0,70.713
5219,2,1653,2498.67868453176,-9.228619080435,,,,1140.0,70.692
5220,2,1654,2499.67868453176,-8.228619080435,,,,1141.0,70.672
5221,2,1655,2500.67868453176,-7.228619080435,,,,1142.0,70.653
5222,2,1656,2501.67868453176,-6.228619080435,,,,1142.0,70.634
5223,2,1657,2502.67868453176,-5.228619080435,,,,1139.0,70.613
5224,2,1658,2503.67868453176,-4.228619080435,,,,1138.0,70.595
5225,2,1659,2504.67868453176,-3.228619080435,,,,1139.0,70.575
5226,2,1660,2505.67868453176,-2.228619080435,,,,1141.0,70.555
5227,2,1661,2506.67868453176,-1.228619080435,,,,1140.0,70.536
5228,2,1662,2507.67868453176,-0.228619080435,,,,1138.0,70.518
5229,2,1663,2508.67868453176,0.771380919565,,,,1134.0,70.498
5230,2,1664,2509.67868453176,1.771380919565,,,,1131.0,70.48
5231,2,1665,2510.67868453176,2.771380919565,,,,1129.0,70.46
5232,2,1666,2511.67868453176,3.771380919565,,,,1128.0,70.441
5233,2,1667,2512.67868453176,4.771380919565,,,,1128.0,70.422
5234,2,1668,2513.67868453176,5.771380919565,,,,1125.0,70.403
5235,2,1669,2514.67868453176,6.771380919565,,,,1122.0,70.383
5236,2,1670,2515.67868453176,7.771380919565,,,,1120.0,70.363
5237,2,1671,2516.67868453176,8.771380919565,,,,1115.0,70.344
5238,2,1672,2517.67868453176,9.771380919565,,,,1113.0,70.324
5239,2,1673,2518.67868453176,10.771380919565,,,,1111.0,70.304
5240,2,1674,2519.67868453176,11.771380919565,,,,1108.0,70.284
5241,2,1675,2520.67868453176,12.771380919565,,,,1107.0,70.264
5242,2,1676,2521.67868453176,13.771380919565,,,,1107.0,70.246
5243,2,1677,2522.67868453176,14.771380919565,,,,1106.0,70.226
5244,2,1678,2523.67868453176,15.771380919565,,,,1104.0,70.208
5245,2,1679,2524.67868453176,16.771380919565,,,,1102.0,70.187
5246,2,1680,2525.67868453176,17.771380919565,,,,1099.0,70.166
5247,2,1681,2526.67868453176,18.771380919565,,,,1094.0,70.146
5248,2,1682,2527.67868453176,19.771380919565,,,,1089.0,70.123
5249,2,1683,2528.67868453176,20.771380919565,,,,1088.0,70.103
5250,2,1684,2529.67868453176,21.771380919565,,,,1090.0,70.083
5251,2,1685,2530.67868453176,22.771380919565,,,,1088.0,70.064
5252,2,1686,2531.67868453176,23.771380919565,,,,1087.0,70.046
5253,2,1687,2532.67868453176,24.771380919565,,,,1083.0,70.027
5254,2,1688,2533.67868453176,25.771380919565,,,,1079.0,70.008
5255,2,1689,2534.67868453176,26.771380919565,,,,1078.0,69.989
5256,2,1690,2535.67868453176,27.771380919565,,,,1075.0,69.97
5257,2,1691,2536.67868453176,28.771380919565,,,,1074.0,69.951
5258,2,1692,2537.67868453176,29.771380919565,,,,1071.0,69.933
5259,2,1693,2538.67868453176,30.771380919565,,,,1068.0,69.914
5260,2,1694,2539.67868453176,31.771380919565,,,,1069.0,69.895
5261,2,1695,2540.67868453176,32.771380919565,,,,1067.0,69.877
5262,2,1696,2541.67868453176,33.771380919565,,,,1067.0,69.861
5263,2,1697,2542.67868453176,34.771380919565,,,,1069.0,69.844
5264,2,1698,2543.67868453176,35.771380919565,,,,1067.0,69.827
5265,2,1699,2544.67868453176,36.771380919565,,,,1063.0,69.809
5266,2,1700,2545.67868453176,37.771380919565,,,,1062.0,69.791
5267,2,1701,2546.67868453176,38.771380919565,,,,1057.0,69.772
5268,2,1702,2547.67868453176,39.771380919565,,,,1055.0,69.755
5269,2,1703,2548.67868453176,40.771380919565,,,,1052.0,69.736
5270,2,1704,2549.67868453176,41.771380919565,,,,1051.0,69.716
5271,2,1705,2550.67868453176,42.771380919565,,,,1048.0,69.697
5272,2,1706,2551.67868453176,43.771380919565,,,,1045.0,69.677
5273,2,1707,2552.67868453176,44.771380919565,,,,1041.0,69.659
5274,2,1708,2553.67868453176,45.771380919565,,,,1039.0,69.64
5275,2,1709,2554.67868453176,46.771380919565,,,,1036.0,69.62
5276,2,1710,2555.67868453176,47.771380919565,,,,1032.0,69.6
5277,2,1711,2556.67868453176,48.771380919565,,,,1031.0,69.581
5278,2,1712,2557.67868453176,49.771380919565,,,,1029.0,69.56
5279,2,1713,2558.67868453176,50.771380919565,,,,1026.0,69.539
5280,2,1714,2559.67868453176,51.771380919565,,,,1025.0,69.519
5281,2,1715,2560.67868453176,52.771380919565,,,,1021.0,69.499
5282,2,1716,2561.67868453176,53.771380919565,,,,1019.0,69.48
5283,2,1717,2562.67868453176,54.771380919565,,,,1019.0,69.463
5284,2,1718,2563.67868453176,55.771380919565,,,,1017.0,69.445
5285,2,1719,2564.67868453176,56.771380919565,,,,1017.0,69.426
5286,2,1720,2565.67868453176,57.771380919565,,,,1016.0,69.408
5287,2,1721,2566.67868453176,58.771380919565,,,,1013.0,69.389
5288,2,1722,2567.67868453176,59.771380919565,,,,1011.0,69.37
5289,2,1723,2568.67868453176,60.771380919565,,,,1007.0,69.352
5290,2,1724,2569.67868453176,61.771380919565,,,,1006.0,69.334
5291,2,1725,2570.67868453176,62.771380919565,,,,1003.0,69.316
5292,2,1726,2571.67868453176,63.771380919565,,,,1005.0,69.298
5293,2,1727,2572.67868453176,64.771380919565,,,,1002.0,69.279
5294,2,1728,2573.67868453176,65.771380919565,,,,1000.0,69.262
5295,2,1729,2574.67868453176,66.771380919565,,,,999.0,69.246
5296,2,1730,2575.67868453176,67.771380919565,,,,995.0,69.228
5297,2,1731,2576.67868453176,68.771380919565,,,,990.0,69.209
5298,2,1732,2577.67868453176,69.771380919565,,,,986.0,69.188
5299,2,1733,2578.67868453176,70.771380919565,,,,980.0,69.168
5300,2,1734,2579.67868453176,71.771380919565,,,,977.0,69.147
5301,2,1735,2580.67868453176,72.771380919565,,,,976.0,69.129
5302,2,1736,2581.67868453176,73.771380919565,,,,973.0,69.108
5303,2,1737,2582.67868453176,74.771380919565,,,,970.0,69.09
5304,2,1738,2583.67868453176,75.771380919565,,,,968.0,69.07
5305,2,1739,2584.67868453176,76.771380919565,,,,967.0,69.051
5306,2,1740,2585.67868453176,77.771380919565,,,,965.0,69.033
5307,2,1741,2586.67868453176,78.771380919565,,,,963.0,69.015
5308,2,1742,2587.67868453176,79.771380919565,,,,960.0,68.998
5309,2,1743,2588.67868453176,80.771380919565,,,,958.0,68.98
5310,2,1744,2589.67868453176,81.771380919565,,,,956.0,68.964
5311,2,1745,2590.67868453176,82.771380919565,,,,951.0,68.946
5312,2,1746,2591.67868453176,83.771380919565,,,,950.0,68.927
5313,2,1747,2592.67868453176,84.771380919565,,,,948.0,68.908
5314,2,1748,2593.67868453176,85.771380919565,,,,946.0,68.888
5315,2,1749,2594.67868453176,86.771380919565,,,,946.0,68.871
5316,2,1750,2595.67868453176,87.771380919565,,,,946.0,68.854
5317,2,1751,2596.67868453176,88.771380919565,,,,947.0,68.838
5318,2,1752,2597.67868453176,89.771380919565,,,,947.0,68.821
5319,2,1753,2598.67868453176,90.771380919565,,,,946.0,68.804
5320,2,1754,2599.67868453176,91.771380919565,,,,944.0,68.786
5321,2,1755,2600.67868453176,92.771380919565,,,,942.0,68.768
5322,2,1756,2601.67868453176,93.771380919565,,,,940.0,68.749
5323,2,1757,2602.67868453176,94.771380919565,,,,940.0,68.73
5324,2,1758,2603.67868453176,95.771380919565,,,,940.0,68.712
5325,2,1759,2604.67868453176,96.771380919565,,,,940.0,68.693
5326,2,1760,2605.67868453176,97.771380919565,,,,940.0,68.674
5327,2,1761,2606.67868453176,98.771380919565,,,,941.0,68.656
5328,2,1762,2607.67868453176,99.771380919565,,,,942.0,68.638
5329,2,1763,2608.67868453176,100.771380919565,,,,941.0,68.621
5330,2,1764,2609.67868453176,101.771380919565,,,,939.0,68.602
5331,2,1765,2610.67868453176,102.771380919565,,,,939.0,68.585
5332,2,1766,2611.67868453176,103.771380919565,,,,938.0,68.568
5333,2,1767,2612.67868453176,104.771380919565,,,,936.0,68.55
5334,2,1768,2613.67868453176,105.771380919565,,,,933.0,68.533
5335,2,1769,2614.67868453176,106.771380919565,,,,930.0,68.515
5336,2,1770,2615.67868453176,107.771380919565,,,,927.0,68.496
5337,2,1771,2616.67868453176,108.771380919565,,,,926.0,68.477
5338,2,1772,2617.67868453176,109.771380919565,,,,925.0,68.46
5339,2,1773,2618.67868453176,110.771380919565,,,,927.0,68.441
5340,2,1774,2619.67868453176,111.771380919565,,,,924.0,68.424
5341,2,1775,2620.67868453176,112.771380919565,,,,923.0,68.405
5342,2,1776,2621.67868453176,113.771380919565,,,,921.0,68.387
5343,2,1777,2622.67868453176,114.771380919565,,,,918.0,68.367
5344,2,1778,2623.67868453176,115.771380919565,,,,916.0,68.347
5345,2,1779,2624.67868453176,116.771380919565,,,,914.0,68.327
5346,2,1780,2625.67868453176,117.771380919565,,,,912.0,68.306
5347,2,1781,2626.67868453176,118.771380919565,,,,909.0,68.287
5348,2,1782,2627.67868453176,119.771380919565,,,,905.0,68.268
5349,2,1783,2628.67868453176,120.771380919565,,,,902.0,68.247
5350,2,1784,2629.67868453176,121.771380919565,,,,901.0,68.226
5351,2,1785,2630.67868453176,122.771380919565,,,,899.0,68.206
5352,2,1786,2631.67868453176,123.771380919565,,,,898.0,68.187
5353,2,1787,2632.67868453176,124.771380919565,,,,897.0,68.168
5354,2,1788,2633.67868453176,125.771380919565,,,,897.0,68.148
5355,2,1789,2634.67868453176,126.771380919565,,,,894.0,68.13
5356,2,1790,2635.67868453176,127.771380919565,,,,892.0,68.111
5357,2,1791,2636.67868453176,128.771380919565,,,,891.0,68.093
5358,2,1792,2637.67868453176,129.771380919565,,,,891.0,68.075
5359,2,1793,2638.67868453176,130.771380919565,,,,891.0,68.057
5360,2,1794,2639.67868453176,131.771380919565,,,,889.0,68.039
5361,2,1795,2640.67868453176,132.771380919565,,,,887.0,68.021
5362,2,1796,2641.67868453176,133.771380919565,,,,886.0,68.003
5363,2,1797,2642.67868453176,134.771380919565,,,,884.0,67.985
5364,2,1798,2643.67868453176,135.771380919565,,,,882.0,67.966
5365,2,1799,2644.67868453176,136.771380919565,,,,880.0,67.947
5366,2,1800,2645.67868453176,137.771380919565,,,,882.0,67.93
5367,2,1801,2646.67868453176,138.771380919565,,,,881.0,67.913
5368,2,1802,2647.67868453176,139.771380919565,,,,880.0,67.895
5369,2,1803,2648.67868453176,140.771380919565,,,,877.0,67.879
5370,2,1804,2649.67868453176,141.771380919565,,,,874.0,67.86
5371,2,1805,2650.67868453176,142.771380919565,,,,870.0,67.841
5372,2,1806,2651.67868453176,143.771380919565,,,,868.0,67.822
5373,2,1807,2652.67868453176,144.771380919565,,,,865.0,67.802
5374,2,1808,2653.67868453176,145.771380919565,,,,863.0,67.783
5375,2,1809,2654.67868453176,146.771380919565,,,,862.0,67.762
5376,2,1810,2655.67868453176,147.771380919565,,,,862.0,67.745
5377,2,1811,2656.67868453176,148.771380919565,,,,862.0,67.727
5378,2,1812,2657.67868453176,149.771380919565,,,,863.0,67.711
5379,2,1813,2658.67868453176,150.771380919565,,,,864.0,67.693
5380,2,1814,2659.67868453176,151.771380919565,,,,861.0,67.676
5381,2,1815,2660.67868453176,152.771380919565,,,,859.0,67.658
5382,2,1816,2661.67868453176,153.771380919565,,,,855.0,67.64
5383,2,1817,2662.67868453176,154.771380919565,,,,853.0,67.621
5384,2,1818,2663.67868453176,155.771380919565,,,,853.0,67.601
5385,2,1819,2664.67868453176,156.771380919565,,,,851.0,67.581
5386,2,1820,2665.67868453176,157.771380919565,,,,850.0,67.562
5387,2,1821,2666.67868453176,158.771380919565,,,,849.0,67.541
5388,2,1822,2667.67868453176,159.771380919565,,,,847.0,67.522
5389,2,1823,2668.67868453176,160.771380919565,,,,845.0,67.501
5390,2,1824,2669.67868453176,161.771380919565,,,,844.0,67.482
5391,2,1825,2670.67868453176,162.771380919565,,,,844.0,67.463
5392,2,1826,2671.67868453176,163.771380919565,,,,845.0,67.444
5393,2,1827,2672.67868453176,164.771380919565,,,,846.0,67.425
5394,2,1828,2673.67868453176,165.771380919565,,,,846.0,67.405
5395,2,1829,2674.67868453176,166.771380919565,,,,844.0,67.387
5396,2,1830,2675.67868453176,167.771380919565,,,,843.0,67.367
5397,2,1831,2676.67868453176,168.771380919565,,,,841.0,67.35
5398,2,1832,2677.67868453176,169.771380919565,,,,839.0,67.332
5399,2,1833,2678.67868453176,170.771380919565,,,,838.0,67.315
5400,2,1834,2679.67868453176,171.771380919565,,,,835.0,67.295
5401,2,1835,2680.67868453176,172.771380919565,,,,833.0,67.276
5402,2,1836,2681.67868453176,173.771380919565,,,,835.0,67.257
5403,2,1837,2682.67868453176,174.771380919565,,,,835.0,67.238
5404,2,1838,2683.67868453176,175.771380919565,,,,834.0,67.222
5405,2,1839,2684.67868453176,176.771380919565,,,,832.0,67.204
5406,2,1840,2685.67868453176,177.771380919565,,,,828.0,67.186
5407,2,1841,2686.67868453176,178.771380919565,,,,826.0,67.169
5408,2,1842,2687.67868453176,179.771380919565,,,,823.0,67.152
5409,2,1843,2688.67868453176,180.771380919565,,,,822.0,67.133
5410,2,1844,2689.67868453176,181.771380919565,,,,820.0,67.116
5411,2,1845,2690.67868453176,182.771380919565,,,,817.0,67.099
5412,2,1846,2691.67868453176,183.771380919565,,,,816.0,67.08
5413,2,1847,2692.67868453176,184.771380919565,,,,815.0,67.062
5414,2,1848,2693.67868453176,185.771380919565,,,,812.0,67.046
5415,2,1849,2694.67868453176,186.771380919565,,,,812.0,67.028
5416,2,1850,2695.67868453176,187.771380919565,,,,809.0,67.011
5417,2,1851,2696.67868453176,188.771380919565,,,,806.0,66.994
5418,2,1852,2697.67868453176,189.771380919565,,,,803.0,66.979
5419,2,1853,2698.67868453176,190.771380919565,,,,802.0,66.961
5420,2,1854,2699.67868453176,191.771380919565,,,,801.0,66.944
5421,2,1855,2700.67868453176,192.771380919565,,,,799.0,66.925
5422,2,1856,2701.67868453176,193.771380919565,,,,794.0,66.908
5423,2,1857,2702.67868453176,194.771380919565,,,,791.0,66.891
5424,2,1858,2703.67868453176,195.771380919565,,,,790.0,66.872
5425,2,1859,2704.67868453176,196.771380919565,,,,787.0,66.855
5426,2,1860,2705.67868453176,197.771380919565,,,,785.0,66.838
5427,2,1861,2706.67868453176,198.771380919565,,,,784.0,66.821
5428,2,1862,2707.67868453176,199.771380919565,,,,784.0,66.805
5429,2,1863,2708.67868453176,200.771380919565,,,,782.0,66.789
5430,2,1864,2709.67868453176,201.771380919565,,,,780.0,66.771
5431,2,1865,2710.67868453176,202.771380919565,,,,777.0,66.754
5432,2,1866,2711.67868453176,203.771380919565,,,,775.0,66.736
5433,2,1867,2712.67868453176,204.771380919565,,,,773.0,66.719
5434,2,1868,2713.67868453176,205.771380919565,,,,772.0,66.7
5435,2,1869,2714.67868453176,206.771380919565,,,,772.0,66.683
5436,2,1870,2715.67868453176,207.771380919565,,,,771.0,66.665
5437,2,1871,2716.67868453176,208.771380919565,,,,768.0,66.647
5438,2,1872,2717.67868453176,209.771380919565,,,,766.0,66.631
5439,2,1873,2718.67868453176,210.771380919565,,,,766.0,66.614
5440,2,1874,2719.67868453176,211.771380919565,,,,765.0,66.597
5441,2,1875,2720.67868453176,212.771380919565,,,,762.0,66.58
5442,2,1876,2721.67868453176,213.771380919565,,,,759.0,66.562
5443,2,1877,2722.67868453176,214.771380919565,,,,754.0,66.543
5444,2,1878,2723.67868453176,215.771380919565,,,,750.0,66.523
5445,2,1879,2724.67868453176,216.771380919565,,,,747.0,66.505
5446,2,1880,2725.67868453176,217.771380919565,,,,746.0,66.487
5447,2,1881,2726.67868453176,218.771380919565,,,,746.0,66.47
5448,2,1882,2727.67868453176,219.771380919565,,,,744.0,66.453
5449,2,1883,2728.67868453176,220.771380919565,,,,744.0,66.436
5450,2,1884,2729.67868453176,221.771380919565,,,,741.0,66.419
5451,2,1885,2730.67868453176,222.771380919565,,,,739.0,66.4
5452,2,1886,2731.67868453176,223.771380919565,,,,736.0,66.382
5453,2,1887,2732.67868453176,224.771380919565,,,,734.0,66.363
5454,2,1888,2733.67868453176,225.771380919565,,,,732.0,66.345
5455,2,1889,2734.67868453176,226.771380919565,,,,729.0,66.326
5456,2,1890,2735.67868453176,227.771380919565,,,,727.0,66.309
5457,2,1891,2736.67868453176,228.771380919565,,,,725.0,66.292
5458,2,1892,2737.67868453176,229.771380919565,,,,725.0,66.276
5459,2,1893,2738.67868453176,230.771380919565,,,,725.0,66.26
5460,2,1894,2739.67868453176,231.771380919565,,,,725.0,66.243
5461,2,1895,2740.67868453176,232.771380919565,,,,724.0,66.227
5462,2,1896,2741.67868453176,233.771380919565,,,,722.0,66.21
5463,2,1897,2742.67868453176,234.771380919565,,,,717.0,66.192
5464,2,1898,2743.67868453176,235.771380919565,,,,713.0,66.173
5465,2,1899,2744.67868453176,236.771380919565,,,,710.0,66.155
5466,2,1900,2745.67868453176,237.771380919565,,,,710.0,66.138
5467,2,1901,2746.67868453176,238.771380919565,,,,709.0,66.12
5468,2,1902,2747.67868453176,239.771380919565,,,,709.0,66.102
5469,2,1903,2748.67868453176,240.771380919565,,,,710.0,66.085
5470,2,1904,2749.67868453176,241.771380919565,,,,711.0,66.068
5471,2,1905,2750.67868453176,242.771380919565,,,,712.0,66.052
5472,2,1906,2751.67868453176,243.771380919565,,,,714.0,66.035
5473,2,1907,2752.67868453176,244.771380919565,,,,713.0,66.019
5474,2,1908,2753.67868453176,245.771380919565,,,,715.0,66.003
5475,2,1909,2754.67868453176,246.771380919565,,,,716.0,65.989
5476,2,1910,2755.67868453176,247.771380919565,,,,716.0,65.976
5477,2,1911,2756.67868453176,248.771380919565,,,,717.0,65.963
5478,2,1912,2757.67868453176,249.771380919565,,,,713.0,65.95
5479,2,1913,2758.67868453176,250.771380919565,,,,712.0,65.937
5480,2,1914,2759.67868453176,251.771380919565,,,,710.0,65.923
5481,2,1915,2760.67868453176,252.771380919565,,,,707.0,65.908
5482,2,1916,2761.67868453176,253.771380919565,,,,706.0,65.891
5483,2,1917,2762.67868453176,254.771380919565,,,,706.0,65.873
5484,2,1918,2763.67868453176,255.771380919565,,,,705.0,65.857
5485,2,1919,2764.67868453176,256.771380919565,,,,706.0,65.84
5486,2,1920,2765.67868453176,257.771380919565,,,,707.0,65.823
5487,2,1921,2766.67868453176,258.771380919565,,,,707.0,65.807
5488,2,1922,2767.67868453176,259.771380919565,,,,703.0,65.79
5489,2,1923,2768.67868453176,260.771380919565,,,,701.0,65.773
5490,2,1924,2769.67868453176,261.771380919565,,,,698.0,65.756
5491,2,1925,2770.67868453176,262.771380919565,,,,697.0,65.739
5492,2,1926,2771.67868453176,263.771380919565,,,,699.0,65.72
5493,2,1927,2772.67868453176,264.771380919565,,,,698.0,65.704
5494,2,1928,2773.67868453176,265.771380919565,,,,699.0,65.686
5495,2,1929,2774.67868453176,266.771380919565,,,,700.0,65.67
5496,2,1930,2775.67868453176,267.771380919565,,,,701.0,65.653
5497,2,1931,2776.67868453176,268.771380919565,,,,699.0,65.636
5498,2,1932,2777.67868453176,269.771380919565,,,,700.0,65.619
5499,2,1933,2778.67868453176,270.771380919565,,,,698.0,65.602
5500,2,1934,2779.67868453176,271.771380919565,,,,695.0,65.583
5501,2,1935,2780.67868453176,272.771380919565,,,,695.0,65.564
5502,2,1936,2781.67868453176,273.771380919565,,,,696.0,65.546
5503,2,1937,2782.67868453176,274.771380919565,,,,695.0,65.528
5504,2,1938,2783.67868453176,275.771380919565,,,,693.0,65.508
5505,2,1939,2784.67868453176,276.771380919565,,,,691.0,65.487
5506,2,1940,2785.67868453176,277.771380919565,,,,689.0,65.467
5507,2,1941,2786.67868453176,278.771380919565,,,,688.0,65.448
5508,2,1942,2787.67868453176,279.771380919565,,,,689.0,65.429
5509,2,1943,2788.67868453176,280.771380919565,,,,688.0,65.411
5510,2,1944,2789.67868453176,281.771380919565,,,,687.0,65.391
5511,2,1945,2790.67868453176,282.771380919565,,,,686.0,65.373
5512,2,1946,2791.67868453176,283.771380919565,,,,683.0,65.354
5513,2,1947,2792.67868453176,284.771380919565,,,,680.0,65.334
5514,2,1948,2793.67868453176,285.771380919565,,,,677.0,65.315
5515,2,1949,2794.67868453176,286.771380919565,,,,677.0,65.295
5516,2,1950,2795.67868453176,287.771380919565,,,,676.0,65.276
5517,2,1951,2796.67868453176,288.771380919565,,,,677.0,65.256
5518,2,1952,2797.67868453176,289.771380919565,,,,676.0,65.238
5519,2,1953,2798.67868453176,290.771380919565,,,,677.0,65.22
5520,2,1954,2799.67868453176,291.771380919565,,,,676.0,65.203
5521,2,1955,2800.67868453176,292.771380919565,,,,676.0,65.185
5522,2,1956,2801.67868453176,293.771380919565,,,,675.0,65.167
5523,2,1957,2802.67868453176,294.771380919565,,,,674.0,65.15
5524,2,1958,2803.67868453176,295.771380919565,,,,677.0,65.134
5525,2,1959,2804.67868453176,296.771380919565,,,,678.0,65.118
5526,2,1960,2805.67868453176,297.771380919565,,,,676.0,65.102
5527,2,1961,2806.67868453176,298.771380919565,,,,673.0,65.085
5528,2,1962,2807.67868453176,299.771380919565,,,,672.0,65.071
5529,2,1963,2808.67868453176,300.771380919565,,,,670.0,65.055
5530,2,1964,2809.67868453176,301.771380919565,,,,668.0,65.037
5531,2,1965,2810.67868453176,302.771380919565,,,,667.0,65.021
5532,2,1966,2811.67868453176,303.771380919565,,,,666.0,65.004
5533,2,1967,2812.67868453176,304.771380919565,,,,667.0,64.986
5534,2,1968,2813.67868453176,305.771380919565,,,,668.0,64.969
5535,2,1969,2814.67868453176,306.771380919565,,,,669.0,64.952
5536,2,1970,2815.67868453176,307.771380919565,,,,666.0,64.935
5537,2,1971,2816.67868453176,308.771380919565,,,,668.0,64.918
5538,2,1972,2817.67868453176,309.771380919565,,,,666.0,64.9
5539,2,1973,2818.67868453176,310.771380919565,,,,666.0,64.884
5540,2,1974,2819.67868453176,311.771380919565,,,,662.0,64.867
5541,2,1975,2820.67868453176,312.771380919565,,,,662.0,64.848
5542,2,1976,2821.67868453176,313.771380919565,,,,662.0,64.831
5543,2,1977,2822.67868453176,314.771380919565,,,,661.0,64.813
5544,2,1978,2823.67868453176,315.771380919565,,,,662.0,64.796
5545,2,1979,2824.67868453176,316.771380919565,,,,663.0,64.777
5546,2,1980,2825.67868453176,317.771380919565,,,,662.0,64.761
5547,2,1981,2826.67868453176,318.771380919565,,,,664.0,64.743
5548,2,1982,2827.67868453176,319.771380919565,,,,663.0,64.729
5549,2,1983,2828.67868453176,320.771380919565,,,,663.0,64.713
5550,2,1984,2829.67868453176,321.771380919565,,,,664.0,64.697
5551,2,1985,2830.67868453176,322.771380919565,,,,664.0,64.68
5552,2,1986,2831.67868453176,323.771380919565,,,,664.0,64.665
5553,2,1987,2832.67868453176,324.771380919565,,,,662.0,64.647
5554,2,1988,2833.67868453176,325.771380919565,,,,660.0,64.631
5555,2,1989,2834.67868453176,326.771380919565,,,,658.0,64.613
5556,2,1990,2835.67868453176,327.771380919565,,,,656.0,64.596
5557,2,1991,2836.67868453176,328.771380919565,,,,655.0,64.579
5558,2,1992,2837.67868453176,329.771380919565,,,,653.0,64.562
5559,2,1993,2838.67868453176,330.771380919565,,,,651.0,64.544
5560,2,1994,2839.67868453176,331.771380919565,,,,649.0,64.527
5561,2,1995,2840.67868453176,332.771380919565,,,,647.0,64.509
5562,2,1996,2841.67868453176,333.771380919565,,,,647.0,64.491
5563,2,1997,2842.67868453176,334.771380919565,,,,644.0,64.474
5564,2,1998,2843.67868453176,335.771380919565,,,,641.0,64.458
5565,2,1999,2844.67868453176,336.771380919565,,,,638.0,64.44
5566,2,2000,2845.67868453176,337.771380919565,,,,639.0,64.425
5567,2,2001,2846.67868453176,338.771380919565,,,,637.0,64.411
5568,2,2002,2847.67868453176,339.771380919565,,,,637.0,64.398
5569,2,2003,2848.67868453176,340.771380919565,,,,636.0,64.386
5570,2,2004,2849.67868453176,341.771380919565,,,,635.0,64.372
5571,2,2005,2850.67868453176,342.771380919565,,,,634.0,64.357
5572,2,2006,2851.67868453176,343.771380919565,,,,631.0,64.342
5573,2,2007,2852.67868453176,344.771380919565,,,,627.0,64.326
5574,2,2008,2853.67868453176,345.771380919565,,,,624.0,64.309
5575,2,2009,2854.67868453176,346.771380919565,,,,624.0,64.293
5576,2,2010,2855.67868453176,347.771380919565,,,,622.0,64.277
5577,2,2011,2856.67868453176,348.771380919565,,,,623.0,64.262
5578,2,2012,2857.67868453176,349.771380919565,,,,622.0,64.246
5579,2,2013,2858.67868453176,350.771380919565,,,,621.0,64.232
5580,2,2014,2859.67868453176,351.771380919565,,,,620.0,64.219
5581,2,2015,2860.67868453176,352.771380919565,,,,619.0,64.207
5582,2,2016,2861.67868453176,353.771380919565,,,,619.0,64.196
5583,2,2017,2862.67868453176,354.771380919565,,,,618.0,64.189
5584,2,2018,2863.67868453176,355.771380919565,,,,615.0,64.185
5882,2,2316,3161.67868453176,653.771380919565,,,,838.0,64.182
5883,2,2317,3162.67868453176,654.771380919565,,,,839.0,64.178
5901,2,2335,3180.67868453176,672.771380919565,,,,866.0,64.169
5902,2,2336,3181.67868453176,673.771380919565,,,,870.0,64.158
5903,2,2337,3182.67868453176,674.771380919565,,,,871.0,64.151
5904,2,2338,3183.67868453176,675.771380919565,,,,873.0,64.146
5905,2,2339,3184.67868453176,676.771380919565,,,,874.0,64.145
5924,2,2358,3203.67868453176,695.771380919565,,,,901.0,64.135
5925,2,2359,3204.67868453176,696.771380919565,,,,903.0,64.127
5926,2,2360,3205.67868453176,697.771380919565,,,,902.0,64.125
5953,2,2387,3232.67868453176,724.771380919565,,,,937.0,64.123
5954,2,2388,3233.67868453176,725.771380919565,,,,936.0,64.109
5955,2,2389,3234.67868453176,726.771380919565,,,,938.0,64.096
5956,2,2390,3235.67868453176,727.771380919565,,,,939.0,64.085
5957,2,2391,3236.67868453176,728.771380919565,,,,940.0,64.078
5958,2,2392,3237.67868453176,729.771380919565,,,,941.0,64.074
5978,2,2412,3257.67868453176,749.771380919565,,,,964.0,64.069
5979,2,2413,3258.67868453176,750.771380919565,,,,964.0,64.061
5980,2,2414,3259.67868453176,751.771380919565,,,,965.0,64.056
5981,2,2415,3260.67868453176,752.771380919565,,,,966.0,64.055
6001,2,2435,3280.67868453176,772.771380919565,,,,995.0,64.043
6002,2,2436,3281.67868453176,773.771380919565,,,,997.0,64.028
6003,2,2437,3282.67868453176,774.771380919565,,,,999.0,64.013
6004,2,2438,3283.67868453176,775.771380919565,,,,1000.0,63.998
6005,2,2439,3284.67868453176,776.771380919565,,,,1002.0,63.984
6006,2,2440,3285.67868453176,777.771380919565,,,,1001.0,63.97
6007,2,2441,3286.67868453176,778.771380919565,,,,1002.0,63.954
6008,2,2442,3287.67868453176,779.771380919565,,,,1002.0,63.939
6009,2,2443,3288.67868453176,780.771380919565,,,,1005.0,63.923
6010,2,2444,3289.67868453176,781.771380919565,,,,1007.0,63.908
6011,2,2445,3290.67868453176,782.771380919565,,,,1009.0,63.893
6012,2,2446,3291.67868453176,783.771380919565,,,,1011.0,63.878
6013,2,2447,3292.67868453176,784.771380919565,,,,1013.0,63.863
6014,2,2448,3293.67868453176,785.771380919565,,,,1014.0,63.849
6015,2,2449,3294.67868453176,786.771380919565,,,,1018.0,63.837
6016,2,2450,3295.67868453176,787.771380919565,,,,1019.0,63.828
6017,2,2451,3296.67868453176,788.771380919565,,,,1017.0,63.823
6018,2,2452,3297.67868453176,789.771380919565,,,,1025.0,63.82
6148,2,2582,3427.67868453176,919.771380919565,,,,1158.0,63.804
6149,2,2583,3428.67868453176,920.771380919565,,,,1159.0,63.791
6150,2,2584,3429.67868453176,921.771380919565,,,,1158.0,63.777
6151,2,2585,3430.67868453176,922.771380919565,,,,1158.0,63.764
6152,2,2586,3431.67868453176,923.771380919565,,,,1158.0,63.752
6153,2,2587,3432.67868453176,924.771380919565,,,,1156.0,63.74
6154,2,2588,3433.67868453176,925.771380919565,,,,1159.0,63.728
6155,2,2589,3434.67868453176,926.771380919565,,,,1157.0,63.714
6156,2,2590,3435.67868453176,927.771380919565,,,,1159.0,63.702
6157,2,2591,3436.67868453176,928.771380919565,,,,1157.0,63.686
6158,2,2592,3437.67868453176,929.771380919565,,,,1157.0,63.671
6159,2,2593,3438.67868453176,930.771380919565,,,,1155.0,63.655
6160,2,2594,3439.67868453176,931.771380919565,,,,1153.0,63.639
6161,2,2595,3440.67868453176,932.771380919565,,,,1154.0,63.622
6162,2,2596,3441.67868453176,933.771380919565,,,,1155.0,63.607
6163,2,2597,3442.67868453176,934.771380919565,,,,1156.0,63.591
6164,2,2598,3443.67868453176,935.771380919565,,,,1155.0,63.575
6165,2,2599,3444.67868453176,936.771380919565,,,,1155.0,63.558
6166,2,2600,3445.67868453176,937.771380919565,,,,1154.0,63.542
6167,2,2601,3446.67868453176,938.771380919565,,,,1155.0,63.526
6168,2,2602,3447.67868453176,939.771380919565,,,,1156.0,63.511
6169,2,2603,3448.67868453176,940.771380919565,,,,1161.0,63.496
6170,2,2604,3449.67868453176,941.771380919565,,,,1162.0,63.482
6171,2,2605,3450.67868453176,942.771380919565,,,,1164.0,63.469
6172,2,2606,3451.67868453176,943.771380919565,,,,1164.0,63.455
6173,2,2607,3452.67868453176,944.771380919565,,,,1165.0,63.439
6174,2,2608,3453.67868453176,945.771380919565,,,,1165.0,63.424
6175,2,2609,3454.67868453176,946.771380919565,,,,1164.0,63.409
6176,2,2610,3455.67868453176,947.771380919565,,,,1165.0,63.393
6177,2,2611,3456.67868453176,948.771380919565,,,,1167.0,63.377
6178,2,2612,3457.67868453176,949.771380919565,,,,1167.0,63.359
6179,2,2613,3458.67868453176,950.771380919565,,,,1166.0,63.341
6180,2,2614,3459.67868453176,951.771380919565,,,,1163.0,63.323
6181,2,2615,3460.67868453176,952.771380919565,,,,1160.0,63.306
6182,2,2616,3461.67868453176,953.771380919565,,,,1162.0,63.288
6183,2,2617,3462.67868453176,954.771380919565,,,,1157.0,63.272
6184,2,2618,3463.67868453176,955.771380919565,,,,1159.0,63.257
6185,2,2619,3464.67868453176,956.771380919565,,,,1158.0,63.24
6186,2,2620,3465.67868453176,957.771380919565,,,,1154.0,63.225
6187,2,2621,3466.67868453176,958.771380919565,,,,1152.0,63.207
6188,2,2622,3467.67868453176,959.771380919565,,,,1147.0,63.189
6189,2,2623,3468.67868453176,960.771380919565,,,,1145.0,63.17
6190,2,2624,3469.67868453176,961.771380919565,,,,1146.0,63.152
6191,2,2625,3470.67868453176,962.771380919565,,,,1146.0,63.132
6192,2,2626,3471.67868453176,963.771380919565,,,,1145.0,63.115
6193,2,2627,3472.67868453176,964.771380919565,,,,1143.0,63.097
6194,2,2628,3473.67868453176,965.771380919565,,,,1141.0,63.08
6195,2,2629,3474.67868453176,966.771380919565,,,,1142.0,63.063
6196,2,2630,3475.67868453176,967.771380919565,,,,1142.0,63.047
6197,2,2631,3476.67868453176,968.771380919565,,,,1146.0,63.03
6198,2,2632,3477.67868453176,969.771380919565,,,,1144.0,63.013
6199,2,2633,3478.67868453176,970.771380919565,,,,1146.0,62.997
6200,2,2634,3479.67868453176,971.771380919565,,,,1146.0,62.981
6201,2,2635,3480.67868453176,972.771380919565,,,,1147.0,62.966
6202,2,2636,3481.67868453176,973.771380919565,,,,1148.0,62.951
6203,2,2637,3482.67868453176,974.771380919565,,,,1147.0,62.937
6204,2,2638,3483.67868453176,975.771380919565,,,,1149.0,62.921
6205,2,2639,3484.67868453176,976.771380919565,,,,1150.0,62.906
6206,2,2640,3485.67868453176,977.771380919565,,,,1151.0,62.891
6207,2,2641,3486.67868453176,978.771380919565,,,,1153.0,62.875
6208,2,2642,3487.67868453176,979.771380919565,,,,1156.0,62.858
6209,2,2643,3488.67868453176,980.771380919565,,,,1158.0,62.84
6210,2,2644,3489.67868453176,981.771380919565,,,,1159.0,62.821
6211,2,2645,3490.67868453176,982.771380919565,,,,1161.0,62.804
6212,2,2646,3491.67868453176,983.771380919565,,,,1161.0,62.787
6213,2,2647,3492.67868453176,984.771380919565,,,,1165.0,62.774
6214,2,2648,3493.67868453176,985.771380919565,,,,1168.0,62.762
6215,2,2649,3494.67868453176,986.771380919565,,,,1169.0,62.755
6216,2,2650,3495.67868453176,987.771380919565,,,,1168.0,62.75
6242,2,2676,3521.67868453176,1013.771380919565,,,,1197.0,62.748
6243,2,2677,3522.67868453176,1014.771380919565,,,,1196.0,62.746
6262,2,2696,3541.67868453176,1033.771380919565,,,,1224.0,62.745
6263,2,2697,3542.67868453176,1034.771380919565,,,,1223.0,62.739
6264,2,2698,3543.67868453176,1035.771380919565,,,,1224.0,62.738
6295,2,2729,3574.67868453176,1066.771380919565,,,,1241.0,62.724
6296,2,2730,3575.67868453176,1067.771380919565,,,,1243.0,62.71
6297,2,2731,3576.67868453176,1068.771380919565,,,,1247.0,62.695
6298,2,2732,3577.67868453176,1069.771380919565,,,,1246.0,62.682
6299,2,2733,3578.67868453176,1070.771380919565,,,,1244.0,62.667
6300,2,2734,3579.67868453176,1071.771380919565,,,,1245.0,62.656
6301,2,2735,3580.67868453176,1072.771380919565,,,,1242.0,62.642
6302,2,2736,3581.67868453176,1073.771380919565,,,,1247.0,62.627
6303,2,2737,3582.67868453176,1074.771380919565,,,,1246.0,62.614
6304,2,2738,3583.67868453176,1075.771380919565,,,,1241.0,62.6
6305,2,2739,3584.67868453176,1076.771380919565,,,,1243.0,62.587
6306,2,2740,3585.67868453176,1077.771380919565,,,,1239.0,62.57
6307,2,2741,3586.67868453176,1078.771380919565,,,,1238.0,62.553
6308,2,2742,3587.67868453176,1079.771380919565,,,,1235.0,62.535
6309,2,2743,3588.67868453176,1080.771380919565,,,,1230.0,62.516
6310,2,2744,3589.67868453176,1081.771380919565,,,,1227.0,62.497
6311,2,2745,3590.67868453176,1082.771380919565,,,,1223.0,62.478
6312,2,2746,3591.67868453176,1083.771380919565,,,,1222.0,62.46
6313,2,2747,3592.67868453176,1084.771380919565,,,,1222.0,62.443
6314,2,2748,3593.67868453176,1085.771380919565,,,,1223.0,62.425
6315,2,2749,3594.67868453176,1086.771380919565,,,,1224.0,62.41
6316,2,2750,3595.67868453176,1087.771380919565,,,,1221.0,62.395
6317,2,2751,3596.67868453176,1088.771380919565,,,,1219.0,62.379
6318,2,2752,3597.67868453176,1089.771380919565,,,,1219.0,62.363
6319,2,2753,3598.67868453176,1090.771380919565,,,,1219.0,62.347
6320,2,2754,3599.67868453176,1091.771380919565,,,,1220.0,62.331
6321,2,2755,3600.67868453176,1092.771380919565,,,,1219.0,62.314
6322,2,2756,3601.67868453176,1093.771380919565,,,,1219.0,62.298
6323,2,2757,3602.67868453176,1094.771380919565,,,,1219.0,62.281
6324,2,2758,3603.67868453176,1095.771380919565,,,,1217.0,62.263
6325,2,2759,3604.67868453176,1096.771380919565,,,,1219.0,62.246
6326,2,2760,3605.67868453176,1097.771380919565,,,,1222.0,62.229
6327,2,2761,3606.67868453176,1098.771380919565,,,,1223.0,62.214
6328,2,2762,3607.67868453176,1099.771380919565,,,,1226.0,62.199
6329,2,2763,3608.67868453176,1100.771380919565,,,,1231.0,62.184
6330,2,2764,3609.67868453176,1101.771380919565,,,,1233.0,62.171
6331,2,2765,3610.67868453176,1102.771380919565,,,,1233.0,62.159
6332,2,2766,3611.67868453176,1103.771380919565,,,,1235.0,62.145
6333,2,2767,3612.67868453176,1104.771380919565,,,,1237.0,62.131
6334,2,2768,3613.67868453176,1105.771380919565,,,,1239.0,62.117
6335,2,2769,3614.67868453176,1106.771380919565,,,,1240.0,62.102
6336,2,2770,3615.67868453176,1107.771380919565,,,,1241.0,62.084
6337,2,2771,3616.67868453176,1108.771380919565,,,,1241.0,62.065
6338,2,2772,3617.67868453176,1109.771380919565,,,,1243.0,62.046
6339,2,2773,3618.67868453176,1110.771380919565,,,,1245.0,62.025
6340,2,2774,3619.67868453176,1111.771380919565,,,,1247.0,62.007
6341,2,2775,3620.67868453176,1112.771380919565,,,,1252.0,61.991
6342,2,2776,3621.67868453176,1113.771380919565,,,,1251.0,61.978
6343,2,2777,3622.67868453176,1114.771380919565,,,,1253.0,61.968
6344,2,2778,3623.67868453176,1115.771380919565,,,,1254.0,61.964
6345,2,2779,3624.67868453176,1116.771380919565,,,,1252.0,61.963
6359,2,2793,3638.67868453176,1130.771380919565,,,,1271.0,61.957
6360,2,2794,3639.67868453176,1131.771380919565,,,,1273.0,61.94
6361,2,2795,3640.67868453176,1132.771380919565,,,,1276.0,61.924
6362,2,2796,3641.67868453176,1133.771380919565,,,,1276.0,61.909
6363,2,2797,3642.67868453176,1134.771380919565,,,,1276.0,61.895
6364,2,2798,3643.67868453176,1135.771380919565,,,,1275.0,61.882
6365,2,2799,3644.67868453176,1136.771380919565,,,,1273.0,61.868
6366,2,2800,3645.67868453176,1137.771380919565,,,,1270.0,61.858
6367,2,2801,3646.67868453176,1138.771380919565,,,,1268.0,61.846
6368,2,2802,3647.67868453176,1139.771380919565,,,,1264.0,61.837
6369,2,2803,3648.67868453176,1140.771380919565,,,,1263.0,61.827
6370,2,2804,3649.67868453176,1141.771380919565,,,,1262.0,61.819
6371,2,2805,3650.67868453176,1142.771380919565,,,,1263.0,61.808
6372,2,2806,3651.67868453176,1143.771380919565,,,,1264.0,61.795
6373,2,2807,3652.67868453176,1144.771380919565,,,,1263.0,61.779
6374,2,2808,3653.67868453176,1145.771380919565,,,,1261.0,61.764
6375,2,2809,3654.67868453176,1146.771380919565,,,,1261.0,61.747
6376,2,2810,3655.67868453176,1147.771380919565,,,,1260.0,61.729
6377,2,2811,3656.67868453176,1148.771380919565,,,,1259.0,61.713
6378,2,2812,3657.67868453176,1149.771380919565,,,,1258.0,61.696
6379,2,2813,3658.67868453176,1150.771380919565,,,,1259.0,61.68
6380,2,2814,3659.67868453176,1151.771380919565,,,,1257.0,61.665
6381,2,2815,3660.67868453176,1152.771380919565,,,,1258.0,61.649
6382,2,2816,3661.67868453176,1153.771380919565,,,,1257.0,61.634
6383,2,2817,3662.67868453176,1154.771380919565,,,,1257.0,61.618
6384,2,2818,3663.67868453176,1155.771380919565,,,,1257.0,61.602
6385,2,2819,3664.67868453176,1156.771380919565,,,,1258.0,61.585
6386,2,2820,3665.67868453176,1157.771380919565,,,,1257.0,61.57
6387,2,2821,3666.67868453176,1158.771380919565,,,,1257.0,61.553
6388,2,2822,3667.67868453176,1159.771380919565,,,,1258.0,61.539
6389,2,2823,3668.67868453176,1160.771380919565,,,,1258.0,61.526
6390,2,2824,3669.67868453176,1161.771380919565,,,,1261.0,61.516
6391,2,2825,3670.67868453176,1162.771380919565,,,,1263.0,61.508
6392,2,2826,3671.67868453176,1163.771380919565,,,,1264.0,61.503
6393,2,2827,3672.67868453176,1164.771380919565,,,,1265.0,61.502
6416,2,2850,3695.67868453176,1187.771380919565,,,,1270.0,61.49
6417,2,2851,3696.67868453176,1188.771380919565,,,,1273.0,61.476
6418,2,2852,3697.67868453176,1189.771380919565,,,,1272.0,61.463
6419,2,2853,3698.67868453176,1190.771380919565,,,,1275.0,61.451
6420,2,2854,3699.67868453176,1191.771380919565,,,,1277.0,61.441
6421,2,2855,3700.67868453176,1192.771380919565,,,,1277.0,61.43
6422,2,2856,3701.67868453176,1193.771380919565,,,,1277.0,61.422
6423,2,2857,3702.67868453176,1194.771380919565,,,,1277.0,61.415
6424,2,2858,3703.67868453176,1195.771380919565,,,,1277.0,61.41
6425,2,2859,3704.67868453176,1196.771380919565,,,,1278.0,61.407
6449,2,2883,3728.67868453176,1220.771380919565,,,,1295.0,61.403
6450,2,2884,3729.67868453176,1221.771380919565,,,,1296.0,61.389
6451,2,2885,3730.67868453176,1222.771380919565,,,,1295.0,61.374
6452,2,2886,3731.67868453176,1223.771380919565,,,,1293.0,61.359
6453,2,2887,3732.67868453176,1224.771380919565,,,,1293.0,61.343
6454,2,2888,3733.67868453176,1225.771380919565,,,,1295.0,61.326
6455,2,2889,3734.67868453176,1226.771380919565,,,,1292.0,61.309
6456,2,2890,3735.67868453176,1227.771380919565,,,,1292.0,61.292
6457,2,2891,3736.67868453176,1228.771380919565,,,,1293.0,61.276
6458,2,2892,3737.67868453176,1229.771380919565,,,,1292.0,61.26
6459,2,2893,3738.67868453176,1230.771380919565,,,,1290.0,61.243
6460,2,2894,3739.67868453176,1231.771380919565,,,,1287.0,61.226
6461,2,2895,3740.67868453176,1232.771380919565,,,,1287.0,61.208
6462,2,2896,3741.67868453176,1233.771380919565,,,,1290.0,61.191
6463,2,2897,3742.67868453176,1234.771380919565,,,,1291.0,61.174
6464,2,2898,3743.67868453176,1235.771380919565,,,,1290.0,61.16
6465,2,2899,3744.67868453176,1236.771380919565,,,,1291.0,61.146
6466,2,2900,3745.67868453176,1237.771380919565,,,,1292.0,61.132
6467,2,2901,3746.67868453176,1238.771380919565,,,,1290.0,61.117
6468,2,2902,3747.67868453176,1239.771380919565,,,,1287.0,61.1
6469,2,2903,3748.67868453176,1240.771380919565,,,,1282.0,61.084
6470,2,2904,3749.67868453176,1241.771380919565,,,,1284.0,61.07
6471,2,2905,3750.67868453176,1242.771380919565,,,,1284.0,61.055
6472,2,2906,3751.67868453176,1243.771380919565,,,,1281.0,61.043
6473,2,2907,3752.67868453176,1244.771380919565,,,,1283.0,61.029
6474,2,2908,3753.67868453176,1245.771380919565,,,,1281.0,61.017
6475,2,2909,3754.67868453176,1246.771380919565,,,,1281.0,61.003
6476,2,2910,3755.67868453176,1247.771380919565,,,,1280.0,60.989
6477,2,2911,3756.67868453176,1248.771380919565,,,,1278.0,60.973
6478,2,2912,3757.67868453176,1249.771380919565,,,,1277.0,60.956
6479,2,2913,3758.67868453176,1250.771380919565,,,,1276.0,60.941
6480,2,2914,3759.67868453176,1251.771380919565,,,,1275.0,60.925
6481,2,2915,3760.67868453176,1252.771380919565,,,,1273.0,60.909
6482,2,2916,3761.67868453176,1253.771380919565,,,,1272.0,60.892
6483,2,2917,3762.67868453176,1254.771380919565,,,,1266.0,60.875
6484,2,2918,3763.67868453176,1255.771380919565,,,,1267.0,60.859
6485,2,2919,3764.67868453176,1256.771380919565,,,,1263.0,60.843
6486,2,2920,3765.67868453176,1257.771380919565,,,,1262.0,60.828
6487,2,2921,3766.67868453176,1258.771380919565,,,,1260.0,60.813
6488,2,2922,3767.67868453176,1259.771380919565,,,,1259.0,60.797
6489,2,2923,3768.67868453176,1260.771380919565,,,,1257.0,60.781
6490,2,2924,3769.67868453176,1261.771380919565,,,,1257.0,60.765
6491,2,2925,3770.67868453176,1262.771380919565,,,,1257.0,60.749
6492,2,2926,3771.67868453176,1263.771380919565,,,,1257.0,60.734
6493,2,2927,3772.67868453176,1264.771380919565,,,,1254.0,60.719
6494,2,2928,3773.67868453176,1265.771380919565,,,,1252.0,60.701
6495,2,2929,3774.67868453176,1266.771380919565,,,,1249.0,60.683
6496,2,2930,3775.67868453176,1267.771380919565,,,,1245.0,60.664
6497,2,2931,3776.67868453176,1268.771380919565,,,,1243.0,60.645
6498,2,2932,3777.67868453176,1269.771380919565,,,,1242.0,60.628
6499,2,2933,3778.67868453176,1270.771380919565,,,,1242.0,60.613
6500,2,2934,3779.67868453176,1271.771380919565,,,,1244.0,60.597
6501,2,2935,3780.67868453176,1272.771380919565,,,,1242.0,60.584
6502,2,2936,3781.67868453176,1273.771380919565,,,,1237.0,60.57
6503,2,2937,3782.67868453176,1274.771380919565,,,,1238.0,60.555
6504,2,2938,3783.67868453176,1275.771380919565,,,,1241.0,60.542
6505,2,2939,3784.67868453176,1276.771380919565,,,,1240.0,60.531
6506,2,2940,3785.67868453176,1277.771380919565,,,,1240.0,60.519
6507,2,2941,3786.67868453176,1278.771380919565,,,,1236.0,60.508
6508,2,2942,3787.67868453176,1279.771380919565,,,,1233.0,60.497
6509,2,2943,3788.67868453176,1280.771380919565,,,,1228.0,60.483
6510,2,2944,3789.67868453176,1281.771380919565,,,,1228.0,60.47
6511,2,2945,3790.67868453176,1282.771380919565,,,,1228.0,60.456
6512,2,2946,3791.67868453176,1283.771380919565,,,,1228.0,60.442
6513,2,2947,3792.67868453176,1284.771380919565,,,,1226.0,60.427
6514,2,2948,3793.67868453176,1285.771380919565,,,,1226.0,60.414
6515,2,2949,3794.67868453176,1286.771380919565,,,,1226.0,60.4
6516,2,2950,3795.67868453176,1287.771380919565,,,,1224.0,60.383
6517,2,2951,3796.67868453176,1288.771380919565,,,,1221.0,60.368
6518,2,2952,3797.67868453176,1289.771380919565,,,,1218.0,60.351
6519,2,2953,3798.67868453176,1290.771380919565,,,,1217.0,60.334
6520,2,2954,3799.67868453176,1291.771380919565,,,,1216.0,60.32
6521,2,2955,3800.67868453176,1292.771380919565,,,,1216.0,60.306
6522,2,2956,3801.67868453176,1293.771380919565,,,,1216.0,60.293
6523,2,2957,3802.67868453176,1294.771380919565,,,,1216.0,60.281
6524,2,2958,3803.67868453176,1295.771380919565,,,,1214.0,60.268
6525,2,2959,3804.67868453176,1296.771380919565,,,,1210.0,60.255
6526,2,2960,3805.67868453176,1297.771380919565,,,,1210.0,60.242
6527,2,2961,3806.67868453176,1298.771380919565,,,,1209.0,60.23
6528,2,2962,3807.67868453176,1299.771380919565,,,,1208.0,60.217
6529,2,2963,3808.67868453176,1300.771380919565,,,,1209.0,60.205
6530,2,2964,3809.67868453176,1301.771380919565,,,,1207.0,60.193
6531,2,2965,3810.67868453176,1302.771380919565,,,,1210.0,60.182
6532,2,2966,3811.67868453176,1303.771380919565,,,,1209.0,60.172
6533,2,2967,3812.67868453176,1304.771380919565,,,,1210.0,60.162
6534,2,2968,3813.67868453176,1305.771380919565,,,,1207.0,60.153
6535,2,2969,3814.67868453176,1306.771380919565,,,,1202.0,60.143
6536,2,2970,3815.67868453176,1307.771380919565,,,,1201.0,60.135
6537,2,2971,3816.67868453176,1308.771380919565,,,,1200.0,60.124
6538,2,2972,3817.67868453176,1309.771380919565,,,,1196.0,60.114
6539,2,2973,3818.67868453176,1310.771380919565,,,,1194.0,60.102
6540,2,2974,3819.67868453176,1311.771380919565,,,,1191.0,60.089
6541,2,2975,3820.67868453176,1312.771380919565,,,,1187.0,60.076
6542,2,2976,3821.67868453176,1313.771380919565,,,,1185.0,60.062
6543,2,2977,3822.67868453176,1314.771380919565,,,,1183.0,60.048
6544,2,2978,3823.67868453176,1315.771380919565,,,,1182.0,60.036
6545,2,2979,3824.67868453176,1316.771380919565,,,,1181.0,60.023
6546,2,2980,3825.67868453176,1317.771380919565,,,,1180.0,60.01
6547,2,2981,3826.67868453176,1318.771380919565,,,,1178.0,59.996
6548,2,2982,3827.67868453176,1319.771380919565,,,,1177.0,59.983
6549,2,2983,3828.67868453176,1320.771380919565,,,,1175.0,59.968
6550,2,2984,3829.67868453176,1321.771380919565,,,,1174.0,59.953
6551,2,2985,3830.67868453176,1322.771380919565,,,,1176.0,59.937
6552,2,2986,3831.67868453176,1323.771380919565,,,,1176.0,59.924
6553,2,2987,3832.67868453176,1324.771380919565,,,,1178.0,59.91
6554,2,2988,3833.67868453176,1325.771380919565,,,,1176.0,59.899
6555,2,2989,3834.67868453176,1326.771380919565,,,,1176.0,59.888
6556,2,2990,3835.67868453176,1327.771380919565,,,,1176.0,59.876
6557,2,2991,3836.67868453176,1328.771380919565,,,,1174.0,59.863
6558,2,2992,3837.67868453176,1329.771380919565,,,,1172.0,59.853
6559,2,2993,3838.67868453176,1330.771380919565,,,,1167.0,59.84
6560,2,2994,3839.67868453176,1331.771380919565,,,,1166.0,59.828
6561,2,2995,3840.67868453176,1332.771380919565,,,,1163.0,59.815
6562,2,2996,3841.67868453176,1333.771380919565,,,,1164.0,59.804
6563,2,2997,3842.67868453176,1334.771380919565,,,,1164.0,59.793
6564,2,2998,3843.67868453176,1335.771380919565,,,,1163.0,59.784
6565,2,2999,3844.67868453176,1336.771380919565,,,,1162.0,59.776
6566,2,3000,3845.67868453176,1337.771380919565,,,,1160.0,59.769
6567,2,3001,3846.67868453176,1338.771380919565,,,,1158.0,59.761
6568,2,3002,3847.67868453176,1339.771380919565,,,,1159.0,59.754
6569,2,3003,3848.67868453176,1340.771380919565,,,,1159.0,59.745
6570,2,3004,3849.67868453176,1341.771380919565,,,,1157.0,59.735
6571,2,3005,3850.67868453176,1342.771380919565,,,,1157.0,59.725
6572,2,3006,3851.67868453176,1343.771380919565,,,,1154.0,59.712
6573,2,3007,3852.67868453176,1344.771380919565,,,,1153.0,59.697
6574,2,3008,3853.67868453176,1345.771380919565,,,,1152.0,59.683
6575,2,3009,3854.67868453176,1346.771380919565,,,,1153.0,59.666
6576,2,3010,3855.67868453176,1347.771380919565,,,,1154.0,59.648
6577,2,3011,3856.67868453176,1348.771380919565,,,,1159.0,59.631
6578,2,3012,3857.67868453176,1349.771380919565,,,,1165.0,59.615
6579,2,3013,3858.67868453176,1350.771380919565,,,,1169.0,59.6
6580,2,3014,3859.67868453176,1351.771380919565,,,,1173.0,59.586
6581,2,3015,3860.67868453176,1352.771380919565,,,,1175.0,59.572
6582,2,3016,3861.67868453176,1353.771380919565,,,,1174.0,59.558
6583,2,3017,3862.67868453176,1354.771380919565,,,,1176.0,59.543
6584,2,3018,3863.67868453176,1355.771380919565,,,,1177.0,59.527
6585,2,3019,3864.67868453176,1356.771380919565,,,,1178.0,59.511
6586,2,3020,3865.67868453176,1357.771380919565,,,,1180.0,59.495
6587,2,3021,3866.67868453176,1358.771380919565,,,,1179.0,59.479
6588,2,3022,3867.67868453176,1359.771380919565,,,,1180.0,59.463
6589,2,3023,3868.67868453176,1360.771380919565,,,,1179.0,59.447
6590,2,3024,3869.67868453176,1361.771380919565,,,,1179.0,59.433
6591,2,3025,3870.67868453176,1362.771380919565,,,,1178.0,59.418
6592,2,3026,3871.67868453176,1363.771380919565,,,,1175.0,59.401
6593,2,3027,3872.67868453176,1364.771380919565,,,,1174.0,59.386
6594,2,3028,3873.67868453176,1365.771380919565,,,,1174.0,59.37
6595,2,3029,3874.67868453176,1366.771380919565,,,,1175.0,59.356
6596,2,3030,3875.67868453176,1367.771380919565,,,,1177.0,59.343
6597,2,3031,3876.67868453176,1368.771380919565,,,,1177.0,59.331
6598,2,3032,3877.67868453176,1369.771380919565,,,,1177.0,59.319
6599,2,3033,3878.67868453176,1370.771380919565,,,,1174.0,59.306
6600,2,3034,3879.67868453176,1371.771380919565,,,,1172.0,59.293
6601,2,3035,3880.67868453176,1372.771380919565,,,,1170.0,59.28
6602,2,3036,3881.67868453176,1373.771380919565,,,,1170.0,59.267
6603,2,3037,3882.67868453176,1374.771380919565,,,,1170.0,59.254
6604,2,3038,3883.67868453176,1375.771380919565,,,,1171.0,59.242
6605,2,3039,3884.67868453176,1376.771380919565,,,,1171.0,59.229
6606,2,3040,3885.67868453176,1377.771380919565,,,,1171.0,59.215
6607,2,3041,3886.67868453176,1378.771380919565,,,,1171.0,59.202
6608,2,3042,3887.67868453176,1379.771380919565,,,,1171.0,59.188
6609,2,3043,3888.67868453176,1380.771380919565,,,,1172.0,59.175
6610,2,3044,3889.67868453176,1381.771380919565,,,,1175.0,59.163
6611,2,3045,3890.67868453176,1382.771380919565,,,,1175.0,59.15
6612,2,3046,3891.67868453176,1383.771380919565,,,,1178.0,59.14
6613,2,3047,3892.67868453176,1384.771380919565,,,,1181.0,59.13
6614,2,3048,3893.67868453176,1385.771380919565,,,,1181.0,59.117
6615,2,3049,3894.67868453176,1386.771380919565,,,,1179.0,59.106
6616,2,3050,3895.67868453176,1387.771380919565,,,,1179.0,59.092
6617,2,3051,3896.67868453176,1388.771380919565,,,,1176.0,59.076
6618,2,3052,3897.67868453176,1389.771380919565,,,,1173.0,59.059
6619,2,3053,3898.67868453176,1390.771380919565,,,,1173.0,59.043
6620,2,3054,3899.67868453176,1391.771380919565,,,,1175.0,59.028
6621,2,3055,3900.67868453176,1392.771380919565,,,,1175.0,59.015
6622,2,3056,3901.67868453176,1393.771380919565,,,,1177.0,59.004
6623,2,3057,3902.67868453176,1394.771380919565,,,,1181.0,58.994
6624,2,3058,3903.67868453176,1395.771380919565,,,,1181.0,58.986
6625,2,3059,3904.67868453176,1396.771380919565,,,,1182.0,58.982
6626,2,3060,3905.67868453176,1397.771380919565,,,,1183.0,58.981
6952,2,3386,4231.67868453176,1723.771380919565,,,,1440.0,58.968
6953,2,3387,4232.67868453176,1724.771380919565,,,,1441.0,58.952
6954,2,3388,4233.67868453176,1725.771380919565,,,,1440.0,58.934
6955,2,3389,4234.67868453176,1726.771380919565,,,,1440.0,58.916
6956,2,3390,4235.67868453176,1727.771380919565,,,,1441.0,58.9
6957,2,3391,4236.67868453176,1728.771380919565,,,,1440.0,58.882
6958,2,3392,4237.67868453176,1729.771380919565,,,,1442.0,58.865
6959,2,3393,4238.67868453176,1730.771380919565,,,,1442.0,58.848
6960,2,3394,4239.67868453176,1731.771380919565,,,,1439.0,58.831
6961,2,3395,4240.67868453176,1732.771380919565,,,,1437.0,58.812
6962,2,3396,4241.67868453176,1733.771380919565,,,,1435.0,58.793
6963,2,3397,4242.67868453176,1734.771380919565,,,,1436.0,58.774
6964,2,3398,4243.67868453176,1735.771380919565,,,,1435.0,58.755
6965,2,3399,4244.67868453176,1736.771380919565,,,,1434.0,58.736
6966,2,3400,4245.67868453176,1737.771380919565,,,,1430.0,58.717
6967,2,3401,4246.67868453176,1738.771380919565,,,,1434.0,58.698
6968,2,3402,4247.67868453176,1739.771380919565,,,,1432.0,58.676
6969,2,3403,4248.67868453176,1740.771380919565,,,,1432.0,58.656
6970,2,3404,4249.67868453176,1741.771380919565,,,,1433.0,58.635
6971,2,3405,4250.67868453176,1742.771380919565,,,,1434.0,58.615
6972,2,3406,4251.67868453176,1743.771380919565,,,,1435.0,58.596
6973,2,3407,4252.67868453176,1744.771380919565,,,,1433.0,58.577
6974,2,3408,4253.67868453176,1745.771380919565,,,,1433.0,58.558
6975,2,3409,4254.67868453176,1746.771380919565,,,,1433.0,58.536
6976,2,3410,4255.67868453176,1747.771380919565,,,,1433.0,58.518
6977,2,3411,4256.67868453176,1748.771380919565,,,,1434.0,58.499
6978,2,3412,4257.67868453176,1749.771380919565,,,,1439.0,58.482
6979,2,3413,4258.67868453176,1750.771380919565,,,,1444.0,58.464
6980,2,3414,4259.67868453176,1751.771380919565,,,,1444.0,58.446
6981,2,3415,4260.67868453176,1752.771380919565,,,,1445.0,58.429
6982,2,3416,4261.67868453176,1753.771380919565,,,,1445.0,58.41
6983,2,3417,4262.67868453176,1754.771380919565,,,,1445.0,58.392
6984,2,3418,4263.67868453176,1755.771380919565,,,,1448.0,58.374
6985,2,3419,4264.67868453176,1756.771380919565,,,,1449.0,58.356
6986,2,3420,4265.67868453176,1757.771380919565,,,,1454.0,58.339
6987,2,3421,4266.67868453176,1758.771380919565,,,,1457.0,58.322
6988,2,3422,4267.67868453176,1759.771380919565,,,,1460.0,58.306
6989,2,3423,4268.67868453176,1760.771380919565,,,,1459.0,58.288
6990,2,3424,4269.67868453176,1761.771380919565,,,,1460.0,58.271
6991,2,3425,4270.67868453176,1762.771380919565,,,,1459.0,58.253
6992,2,3426,4271.67868453176,1763.771380919565,,,,1460.0,58.235
6993,2,3427,4272.67868453176,1764.771380919565,,,,1458.0,58.217
6994,2,3428,4273.67868453176,1765.771380919565,,,,1460.0,58.198
6995,2,3429,4274.67868453176,1766.771380919565,,,,1459.0,58.18
6996,2,3430,4275.67868453176,1767.771380919565,,,,1458.0,58.162
6997,2,3431,4276.67868453176,1768.771380919565,,,,1461.0,58.143
6998,2,3432,4277.67868453176,1769.771380919565,,,,1461.0,58.124
6999,2,3433,4278.67868453176,1770.771380919565,,,,1462.0,58.105
7000,2,3434,4279.67868453176,1771.771380919565,,,,1464.0,58.086
7001,2,3435,4280.67868453176,1772.771380919565,,,,1465.0,58.068
7002,2,3436,4281.67868453176,1773.771380919565,,,,1466.0,58.05
7003,2,3437,4282.67868453176,1774.771380919565,,,,1466.0,58.032
7004,2,3438,4283.67868453176,1775.771380919565,,,,1468.0,58.014
7005,2,3439,4284.67868453176,1776.771380919565,,,,1469.0,57.994
7006,2,3440,4285.67868453176,1777.771380919565,,,,1468.0,57.976
7007,2,3441,4286.67868453176,1778.771380919565,,,,1468.0,57.958
7008,2,3442,4287.67868453176,1779.771380919565,,,,1466.0,57.939
7009,2,3443,4288.67868453176,1780.771380919565,,,,1460.0,57.919
7010,2,3444,4289.67868453176,1781.771380919565,,,,1460.0,57.899
7011,2,3445,4290.67868453176,1782.771380919565,,,,1459.0,57.879
7012,2,3446,4291.67868453176,1783.771380919565,,,,1457.0,57.86
7013,2,3447,4292.67868453176,1784.771380919565,,,,1452.0,57.841
7014,2,3448,4293.67868453176,1785.771380919565,,,,1449.0,57.82
7015,2,3449,4294.67868453176,1786.771380919565,,,,1448.0,57.8
7016,2,3450,4295.67868453176,1787.771380919565,,,,1444.0,57.78
7017,2,3451,4296.67868453176,1788.771380919565,,,,1440.0,57.761
7018,2,3452,4297.67868453176,1789.771380919565,,,,1438.0,57.741
7019,2,3453,4298.67868453176,1790.771380919565,,,,1436.0,57.723
7020,2,3454,4299.67868453176,1791.771380919565,,,,1434.0,57.704
7021,2,3455,4300.67868453176,1792.771380919565,,,,1427.0,57.685
7022,2,3456,4301.67868453176,1793.771380919565,,,,1427.0,57.665
7023,2,3457,4302.67868453176,1794.771380919565,,,,1422.0,57.643
7024,2,3458,4303.67868453176,1795.771380919565,,,,1419.0,57.622
7025,2,3459,4304.67868453176,1796.771380919565,,,,1418.0,57.601
7026,2,3460,4305.67868453176,1797.771380919565,,,,1416.0,57.581
7027,2,3461,4306.67868453176,1798.771380919565,,,,1414.0,57.56
7028,2,3462,4307.67868453176,1799.771380919565,,,,1411.0,57.54
7029,2,3463,4308.67868453176,1800.771380919565,,,,1411.0,57.52
7030,2,3464,4309.67868453176,1801.771380919565,,,,1407.0,57.501
7031,2,3465,4310.67868453176,1802.771380919565,,,,1404.0,57.481
7032,2,3466,4311.67868453176,1803.771380919565,,,,1403.0,57.46
7033,2,3467,4312.67868453176,1804.771380919565,,,,1400.0,57.439
7034,2,3468,4313.67868453176,1805.771380919565,,,,1398.0,57.418
7035,2,3469,4314.67868453176,1806.771380919565,,,,1396.0,57.398
7036,2,3470,4315.67868453176,1807.771380919565,,,,1394.0,57.379
7037,2,3471,4316.67868453176,1808.771380919565,,,,1392.0,57.359
7038,2,3472,4317.67868453176,1809.771380919565,,,,1391.0,57.341
7039,2,3473,4318.67868453176,1810.771380919565,,,,1389.0,57.321
7040,2,3474,4319.67868453176,1811.771380919565,,,,1386.0,57.304
7041,2,3475,4320.67868453176,1812.771380919565,,,,1383.0,57.285
7042,2,3476,4321.67868453176,1813.771380919565,,,,1379.0,57.266
7043,2,3477,4322.67868453176,1814.771380919565,,,,1376.0,57.246
7044,2,3478,4323.67868453176,1815.771380919565,,,,1371.0,57.227
7045,2,3479,4324.67868453176,1816.771380919565,,,,1368.0,57.207
7046,2,3480,4325.67868453176,1817.771380919565,,,,1362.0,57.186
7047,2,3481,4326.67868453176,1818.771380919565,,,,1360.0,57.166
7048,2,3482,4327.67868453176,1819.771380919565,,,,1361.0,57.146
7049,2,3483,4328.67868453176,1820.771380919565,,,,1360.0,57.127
7050,2,3484,4329.67868453176,1821.771380919565,,,,1360.0,57.109
7051,2,3485,4330.67868453176,1822.771380919565,,,,1359.0,57.09
7052,2,3486,4331.67868453176,1823.771380919565,,,,1357.0,57.071
7053,2,3487,4332.67868453176,1824.771380919565,,,,1355.0,57.049
7054,2,3488,4333.67868453176,1825.771380919565,,,,1354.0,57.028
7055,2,3489,4334.67868453176,1826.771380919565,,,,1352.0,57.007
7056,2,3490,4335.67868453176,1827.771380919565,,,,1353.0,56.987
7057,2,3491,4336.67868453176,1828.771380919565,,,,1356.0,56.97
7058,2,3492,4337.67868453176,1829.771380919565,,,,1356.0,56.954
7059,2,3493,4338.67868453176,1830.771380919565,,,,1356.0,56.938
7060,2,3494,4339.67868453176,1831.771380919565,,,,1353.0,56.923
7061,2,3495,4340.67868453176,1832.771380919565,,,,1349.0,56.908
7062,2,3496,4341.67868453176,1833.771380919565,,,,1346.0,56.892
7063,2,3497,4342.67868453176,1834.771380919565,,,,1342.0,56.873
7064,2,3498,4343.67868453176,1835.771380919565,,,,1342.0,56.855
7065,2,3499,4344.67868453176,1836.771380919565,,,,1342.0,56.837
7066,2,3500,4345.67868453176,1837.771380919565,,,,1343.0,56.819
7067,2,3501,4346.67868453176,1838.771380919565,,,,1341.0,56.801
7068,2,3502,4347.67868453176,1839.771380919565,,,,1340.0,56.782
7069,2,3503,4348.67868453176,1840.771380919565,,,,1338.0,56.763
7070,2,3504,4349.67868453176,1841.771380919565,,,,1337.0,56.744
7071,2,3505,4350.67868453176,1842.771380919565,,,,1337.0,56.724
7072,2,3506,4351.67868453176,1843.771380919565,,,,1339.0,56.705
7073,2,3507,4352.67868453176,1844.771380919565,,,,1338.0,56.686
7074,2,3508,4353.67868453176,1845.771380919565,,,,1339.0,56.668
7075,2,3509,4354.67868453176,1846.771380919565,,,,1338.0,56.65
7076,2,3510,4355.67868453176,1847.771380919565,,,,1335.0,56.632
7077,2,3511,4356.67868453176,1848.771380919565,,,,1332.0,56.612
7078,2,3512,4357.67868453176,1849.771380919565,,,,1330.0,56.593
7079,2,3513,4358.67868453176,1850.771380919565,,,,1329.0,56.574
7080,2,3514,4359.67868453176,1851.771380919565,,,,1325.0,56.553
7081,2,3515,4360.67868453176,1852.771380919565,,,,1323.0,56.534
7082,2,3516,4361.67868453176,1853.771380919565,,,,1320.0,56.514
7083,2,3517,4362.67868453176,1854.771380919565,,,,1318.0,56.494
7084,2,3518,4363.67868453176,1855.771380919565,,,,1316.0,56.473
7085,2,3519,4364.67868453176,1856.771380919565,,,,1313.0,56.453
7086,2,3520,4365.67868453176,1857.771380919565,,,,1311.0,56.432
7087,2,3521,4366.67868453176,1858.771380919565,,,,1309.0,56.412
7088,2,3522,4367.67868453176,1859.771380919565,,,,1307.0,56.392
7089,2,3523,4368.67868453176,1860.771380919565,,,,1306.0,56.372
7090,2,3524,4369.67868453176,1861.771380919565,,,,1303.0,56.352
7091,2,3525,4370.67868453176,1862.771380919565,,,,1301.0,56.331
7092,2,3526,4371.67868453176,1863.771380919565,,,,1299.0,56.31
7093,2,3527,4372.67868453176,1864.771380919565,,,,1298.0,56.29
7094,2,3528,4373.67868453176,1865.771380919565,,,,1298.0,56.27
7095,2,3529,4374.67868453176,1866.771380919565,,,,1297.0,56.25
7096,2,3530,4375.67868453176,1867.771380919565,,,,1296.0,56.232
7097,2,3531,4376.67868453176,1868.771380919565,,,,1296.0,56.215
7098,2,3532,4377.67868453176,1869.771380919565,,,,1294.0,56.199
7099,2,3533,4378.67868453176,1870.771380919565,,,,1294.0,56.181
7100,2,3534,4379.67868453176,1871.771380919565,,,,1292.0,56.164
7101,2,3535,4380.67868453176,1872.771380919565,,,,1288.0,56.146
7102,2,3536,4381.67868453176,1873.771380919565,,,,1288.0,56.126
7103,2,3537,4382.67868453176,1874.771380919565,,,,1286.0,56.103
7104,2,3538,4383.67868453176,1875.771380919565,,,,1284.0,56.082
7105,2,3539,4384.67868453176,1876.771380919565,,,,1284.0,56.059
7106,2,3540,4385.67868453176,1877.771380919565,,,,1283.0,56.039
7107,2,3541,4386.67868453176,1878.771380919565,,,,1281.0,56.02
7108,2,3542,4387.67868453176,1879.771380919565,,,,1279.0,56.0
7109,2,3543,4388.67868453176,1880.771380919565,,,,1278.0,55.981
7110,2,3544,4389.67868453176,1881.771380919565,,,,1273.0,55.961
7111,2,3545,4390.67868453176,1882.771380919565,,,,1272.0,55.942
7112,2,3546,4391.67868453176,1883.771380919565,,,,1267.0,55.92
7113,2,3547,4392.67868453176,1884.771380919565,,,,1266.0,55.899
7114,2,3548,4393.67868453176,1885.771380919565,,,,1269.0,55.879
7115,2,3549,4394.67868453176,1886.771380919565,,,,1270.0,55.861
7116,2,3550,4395.67868453176,1887.771380919565,,,,1271.0,55.843
7117,2,3551,4396.67868453176,1888.771380919565,,,,1270.0,55.827
7118,2,3552,4397.67868453176,1889.771380919565,,,,1269.0,55.811
7119,2,3553,4398.67868453176,1890.771380919565,,,,1268.0,55.794
7120,2,3554,4399.67868453176,1891.771380919565,,,,1265.0,55.775
7121,2,3555,4400.67868453176,1892.771380919565,,,,1261.0,55.756
7122,2,3556,4401.67868453176,1893.771380919565,,,,1259.0,55.738
7123,2,3557,4402.67868453176,1894.771380919565,,,,1256.0,55.718
7124,2,3558,4403.67868453176,1895.771380919565,,,,1255.0,55.699
7125,2,3559,4404.67868453176,1896.771380919565,,,,1255.0,55.682
7126,2,3560,4405.67868453176,1897.771380919565,,,,1254.0,55.662
7127,2,3561,4406.67868453176,1898.771380919565,,,,1252.0,55.644
7128,2,3562,4407.67868453176,1899.771380919565,,,,1250.0,55.628
7129,2,3563,4408.67868453176,1900.771380919565,,,,1250.0,55.61
7130,2,3564,4409.67868453176,1901.771380919565,,,,1247.0,55.592
7131,2,3565,4410.67868453176,1902.771380919565,,,,1245.0,55.573
7132,2,3566,4411.67868453176,1903.771380919565,,,,1243.0,55.555
7133,2,3567,4412.67868453176,1904.771380919565,,,,1238.0,55.536
7134,2,3568,4413.67868453176,1905.771380919565,,,,1241.0,55.518
7135,2,3569,4414.67868453176,1906.771380919565,,,,1239.0,55.498
7136,2,3570,4415.67868453176,1907.771380919565,,,,1237.0,55.48
7137,2,3571,4416.67868453176,1908.771380919565,,,,1237.0,55.463
7138,2,3572,4417.67868453176,1909.771380919565,,,,1235.0,55.445
7139,2,3573,4418.67868453176,1910.771380919565,,,,1235.0,55.425
7140,2,3574,4419.67868453176,1911.771380919565,,,,1235.0,55.405
7141,2,3575,4420.67868453176,1912.771380919565,,,,1233.0,55.386
7142,2,3576,4421.67868453176,1913.771380919565,,,,1232.0,55.368
7143,2,3577,4422.67868453176,1914.771380919565,,,,1230.0,55.35
7144,2,3578,4423.67868453176,1915.771380919565,,,,1230.0,55.333
7145,2,3579,4424.67868453176,1916.771380919565,,,,1229.0,55.315
7146,2,3580,4425.67868453176,1917.771380919565,,,,1228.0,55.297
7147,2,3581,4426.67868453176,1918.771380919565,,,,1226.0,55.28
7148,2,3582,4427.67868453176,1919.771380919565,,,,1224.0,55.262
7149,2,3583,4428.67868453176,1920.771380919565,,,,1223.0,55.244
7150,2,3584,4429.67868453176,1921.771380919565,,,,1222.0,55.225
7151,2,3585,4430.67868453176,1922.771380919565,,,,1219.0,55.206
7152,2,3586,4431.67868453176,1923.771380919565,,,,1219.0,55.186
7153,2,3587,4432.67868453176,1924.771380919565,,,,1219.0,55.167
7154,2,3588,4433.67868453176,1925.771380919565,,,,1219.0,55.15
7155,2,3589,4434.67868453176,1926.771380919565,,,,1218.0,55.133
7156,2,3590,4435.67868453176,1927.771380919565,,,,1218.0,55.117
7157,2,3591,4436.67868453176,1928.771380919565,,,,1215.0,55.1
7158,2,3592,4437.67868453176,1929.771380919565,,,,1213.0,55.082
7159,2,3593,4438.67868453176,1930.771380919565,,,,1210.0,55.065
7160,2,3594,4439.67868453176,1931.771380919565,,,,1208.0,55.045
7161,2,3595,4440.67868453176,1932.771380919565,,,,1208.0,55.026
7162,2,3596,4441.67868453176,1933.771380919565,,,,1207.0,55.008
7163,2,3597,4442.67868453176,1934.771380919565,,,,1204.0,54.988
7164,2,3598,4443.67868453176,1935.771380919565,,,,1202.0,54.97
7165,2,3599,4444.67868453176,1936.771380919565,,,,1199.0,54.951
7166,2,3600,4445.67868453176,1937.771380919565,,,,1198.0,54.933
7167,2,3601,4446.67868453176,1938.771380919565,,,,1197.0,54.915
7168,2,3602,4447.67868453176,1939.771380919565,,,,1194.0,54.895
7169,2,3603,4448.67868453176,1940.771380919565,,,,1192.0,54.876
7170,2,3604,4449.67868453176,1941.771380919565,,,,1192.0,54.859
7171,2,3605,4450.67868453176,1942.771380919565,,,,1192.0,54.839
7172,2,3606,4451.67868453176,1943.771380919565,,,,1191.0,54.82
7173,2,3607,4452.67868453176,1944.771380919565,,,,1189.0,54.803
7174,2,3608,4453.67868453176,1945.771380919565,,,,1188.0,54.784
7175,2,3609,4454.67868453176,1946.771380919565,,,,1185.0,54.766
7176,2,3610,4455.67868453176,1947.771380919565,,,,1182.0,54.747
7177,2,3611,4456.67868453176,1948.771380919565,,,,1181.0,54.728
7178,2,3612,4457.67868453176,1949.771380919565,,,,1179.0,54.709
7179,2,3613,4458.67868453176,1950.771380919565,,,,1177.0,54.69
7180,2,3614,4459.67868453176,1951.771380919565,,,,1175.0,54.672
7181,2,3615,4460.67868453176,1952.771380919565,,,,1173.0,54.653
7182,2,3616,4461.67868453176,1953.771380919565,,,,1170.0,54.634
7183,2,3617,4462.67868453176,1954.771380919565,,,,1169.0,54.615
7184,2,3618,4463.67868453176,1955.771380919565,,,,1168.0,54.597
7185,2,3619,4464.67868453176,1956.771380919565,,,,1167.0,54.579
7186,2,3620,4465.67868453176,1957.771380919565,,,,1165.0,54.561
7187,2,3621,4466.67868453176,1958.771380919565,,,,1162.0,54.545
7188,2,3622,4467.67868453176,1959.771380919565,,,,1160.0,54.527
7189,2,3623,4468.67868453176,1960.771380919565,,,,1158.0,54.509
7190,2,3624,4469.67868453176,1961.771380919565,,,,1154.0,54.493
7191,2,3625,4470.67868453176,1962.771380919565,,,,1154.0,54.476
7192,2,3626,4471.67868453176,1963.771380919565,,,,1153.0,54.46
7193,2,3627,4472.67868453176,1964.771380919565,,,,1150.0,54.443
7194,2,3628,4473.67868453176,1965.771380919565,,,,1148.0,54.426
7195,2,3629,4474.67868453176,1966.771380919565,,,,1146.0,54.41
7196,2,3630,4475.67868453176,1967.771380919565,,,,1143.0,54.394
7197,2,3631,4476.67868453176,1968.771380919565,,,,1142.0,54.379
7198,2,3632,4477.67868453176,1969.771380919565,,,,1141.0,54.365
7199,2,3633,4478.67868453176,1970.771380919565,,,,1141.0,54.352
7200,2,3634,4479.67868453176,1971.771380919565,,,,1141.0,54.337
7201,2,3635,4480.67868453176,1972.771380919565,,,,1137.0,54.325
7202,2,3636,4481.67868453176,1973.771380919565,,,,1136.0,54.311
7203,2,3637,4482.67868453176,1974.771380919565,,,,1134.0,54.298
7204,2,3638,4483.67868453176,1975.771380919565,,,,1133.0,54.285
7205,2,3639,4484.67868453176,1976.771380919565,,,,1132.0,54.274
7206,2,3640,4485.67868453176,1977.771380919565,,,,1130.0,54.263
7207,2,3641,4486.67868453176,1978.771380919565,,,,1129.0,54.253
7208,2,3642,4487.67868453176,1979.771380919565,,,,1130.0,54.246
7209,2,3643,4488.67868453176,1980.771380919565,,,,1127.0,54.24
7210,2,3644,4489.67868453176,1981.771380919565,,,,1126.0,54.236
7211,2,3645,4490.67868453176,1982.771380919565,,,,1127.0,54.234
7212,3,1,4491.67868453176,1983.771380919565,,,,1128.0,54.025
7228,3,17,4507.67868453176,1999.771380919565,,,,1103.0,54.012
7229,3,18,4508.67868453176,2000.771380919565,,,,1100.0,53.998
7230,3,19,4509.67868453176,2001.771380919565,,,,1100.0,53.984
7231,3,20,4510.67868453176,2002.771380919565,,,,1097.0,53.969
7232,3,21,4511.67868453176,2003.771380919565,,,,1096.0,53.955
7233,3,22,4512.67868453176,2004.771380919565,,,,1094.0,53.941
7234,3,23,4513.67868453176,2005.771380919565,,,,1093.0,53.927
7235,3,24,4514.67868453176,2006.771380919565,,,,1093.0,53.916
7236,3,25,4515.67868453176,2007.771380919565,,,,1092.0,53.904
7237,3,26,4516.67868453176,2008.771380919565,,,,1092.0,53.893
7238,3,27,4517.67868453176,2009.771380919565,,,,1089.0,53.881
7239,3,28,4518.67868453176,2010.771380919565,,,,1087.0,53.871
7240,3,29,4519.67868453176,2011.771380919565,,,,1086.0,53.859
7241,3,30,4520.67868453176,2012.771380919565,,,,1086.0,53.849
7242,3,31,4521.67868453176,2013.771380919565,,,,1088.0,53.842
7243,3,32,4522.67868453176,2014.771380919565,,,,1088.0,53.832
7244,3,33,4523.67868453176,2015.771380919565,,,,1089.0,53.826
7245,3,34,4524.67868453176,2016.771380919565,,,,1089.0,53.819
7246,3,35,4525.67868453176,2017.771380919565,,,,1088.0,53.812
7247,3,36,4526.67868453176,2018.771380919565,,,,1086.0,53.804
7248,3,37,4527.67868453176,2019.771380919565,,,,1084.0,53.796
7249,3,38,4528.67868453176,2020.771380919565,,,,1082.0,53.788
7250,3,39,4529.67868453176,2021.771380919565,,,,1082.0,53.78
7251,3,40,4530.67868453176,2022.771380919565,,,,1081.0,53.772
7252,3,41,4531.67868453176,2023.771380919565,,,,1081.0,53.765
7253,3,42,4532.67868453176,2024.771380919565,,,,1082.0,53.757
7254,3,43,4533.67868453176,2025.771380919565,,,,1080.0,53.749
7255,3,44,4534.67868453176,2026.771380919565,,,,1078.0,53.74
7256,3,45,4535.67868453176,2027.771380919565,,,,1076.0,53.73
7257,3,46,4536.67868453176,2028.771380919565,,,,1073.0,53.72
7258,3,47,4537.67868453176,2029.771380919565,,,,1072.0,53.707
7259,3,48,4538.67868453176,2030.771380919565,,,,1069.0,53.694
7260,3,49,4539.67868453176,2031.771380919565,,,,1066.0,53.679
7261,3,50,4540.67868453176,2032.771380919565,,,,1064.0,53.666
7262,3,51,4541.67868453176,2033.771380919565,,,,1063.0,53.653
7263,3,52,4542.67868453176,2034.771380919565,,,,1061.0,53.641
7264,3,53,4543.67868453176,2035.771380919565,,,,1060.0,53.631
7265,3,54,4544.67868453176,2036.771380919565,,,,1059.0,53.621
7266,3,55,4545.67868453176,2037.771380919565,,,,1057.0,53.612
7267,3,56,4546.67868453176,2038.771380919565,,,,1055.0,53.603
7268,3,57,4547.67868453176,2039.771380919565,,,,1054.0,53.595
7269,3,58,4548.67868453176,2040.771380919565,,,,1053.0,53.586
7270,3,59,4549.67868453176,2041.771380919565,,,,1051.0,53.578
7271,3,60,4550.67868453176,2042.771380919565,,,,1048.0,53.569
7272,3,61,4551.67868453176,2043.771380919565,,,,1048.0,53.562
7273,3,62,4552.67868453176,2044.771380919565,,,,1048.0,53.555
7274,3,63,4553.67868453176,2045.771380919565,,,,1046.0,53.548
7275,3,64,4554.67868453176,2046.771380919565,,,,1044.0,53.542
7276,3,65,4555.67868453176,2047.771380919565,,,,1042.0,53.535
7277,3,66,4556.67868453176,2048.771380919565,,,,1040.0,53.527
7278,3,67,4557.67868453176,2049.771380919565,,,,1040.0,53.518
7279,3,68,4558.67868453176,2050.771380919565,,,,1037.0,53.51
7280,3,69,4559.67868453176,2051.771380919565,,,,1032.0,53.501
7281,3,70,4560.67868453176,2052.771380919565,,,,1026.0,53.492
7282,3,71,4561.67868453176,2053.771380919565,,,,1020.0,53.483
7283,3,72,4562.67868453176,2054.771380919565,,,,1015.0,53.474
7284,3,73,4563.67868453176,2055.771380919565,,,,1010.0,53.463
7285,3,74,4564.67868453176,2056.771380919565,,,,1004.0,53.45
7286,3,75,4565.67868453176,2057.771380919565,,,,1001.0,53.436
7287,3,76,4566.67868453176,2058.771380919565,,,,998.0,53.423
7288,3,77,4567.67868453176,2059.771380919565,,,,997.0,53.411
7289,3,78,4568.67868453176,2060.771380919565,,,,995.0,53.4
7290,3,79,4569.67868453176,2061.771380919565,,,,992.0,53.389
7291,3,80,4570.67868453176,2062.771380919565,,,,991.0,53.377
7292,3,81,4571.67868453176,2063.771380919565,,,,991.0,53.366
7293,3,82,4572.67868453176,2064.771380919565,,,,988.0,53.355
7294,3,83,4573.67868453176,2065.771380919565,,,,985.0,53.346
7295,3,84,4574.67868453176,2066.771380919565,,,,983.0,53.336
7296,3,85,4575.67868453176,2067.771380919565,,,,979.0,53.327
7297,3,86,4576.67868453176,2068.771380919565,,,,979.0,53.321
7298,3,87,4577.67868453176,2069.771380919565,,,,978.0,53.313
7299,3,88,4578.67868453176,2070.771380919565,,,,976.0,53.305
7300,3,89,4579.67868453176,2071.771380919565,,,,974.0,53.298
7301,3,90,4580.67868453176,2072.771380919565,,,,971.0,53.29
7302,3,91,4581.67868453176,2073.771380919565,,,,966.0,53.282
7303,3,92,4582.67868453176,2074.771380919565,,,,965.0,53.276
7304,3,93,4583.67868453176,2075.771380919565,,,,963.0,53.269
7305,3,94,4584.67868453176,2076.771380919565,,,,961.0,53.263
7306,3,95,4585.67868453176,2077.771380919565,,,,959.0,53.256
7307,3,96,4586.67868453176,2078.771380919565,,,,956.0,53.251
7308,3,97,4587.67868453176,2079.771380919565,,,,953.0,53.246
7309,3,98,4588.67868453176,2080.771380919565,,,,949.0,53.24
7310,3,99,4589.67868453176,2081.771380919565,,,,946.0,53.237
7311,3,100,4590.67868453176,2082.771380919565,,,,943.0,53.233
7312,3,101,4591.67868453176,2083.771380919565,,,,942.0,53.23
7313,3,102,4592.67868453176,2084.771380919565,,,,940.0,53.227
7314,3,103,4593.67868453176,2085.771380919565,,,,939.0,53.226
7315,3,104,4594.67868453176,2086.771380919565,,,,938.0,53.225
8285,3,1074,5564.67868453176,3056.771380919565,,,,1466.0,53.212
8286,3,1075,5565.67868453176,3057.771380919565,,,,1464.0,53.198
8287,3,1076,5566.67868453176,3058.771380919565,,,,1462.0,53.182
8288,3,1077,5567.67868453176,3059.771380919565,,,,1460.0,53.168
8289,3,1078,5568.67868453176,3060.771380919565,,,,1462.0,53.155
8290,3,1079,5569.67868453176,3061.771380919565,,,,1460.0,53.142
8291,3,1080,5570.67868453176,3062.771380919565,,,,1460.0,53.128
8292,3,1081,5571.67868453176,3063.771380919565,,,,1458.0,53.115
8293,3,1082,5572.67868453176,3064.771380919565,,,,1455.0,53.099
8294,3,1083,5573.67868453176,3065.771380919565,,,,1453.0,53.083
8295,3,1084,5574.67868453176,3066.771380919565,,,,1451.0,53.066
8296,3,1085,5575.67868453176,3067.771380919565,,,,1451.0,53.052
8297,3,1086,5576.67868453176,3068.771380919565,,,,1449.0,53.04
8298,3,1087,5577.67868453176,3069.771380919565,,,,1445.0,53.027
8299,3,1088,5578.67868453176,3070.771380919565,,,,1447.0,53.014
8300,3,1089,5579.67868453176,3071.771380919565,,,,1448.0,53.0
8301,3,1090,5580.67868453176,3072.771380919565,,,,1448.0,52.988
8302,3,1091,5581.67868453176,3073.771380919565,,,,1450.0,52.975
8303,3,1092,5582.67868453176,3074.771380919565,,,,1450.0,52.962
8304,3,1093,5583.67868453176,3075.771380919565,,,,1451.0,52.95
8305,3,1094,5584.67868453176,3076.771380919565,,,,1451.0,52.939
8306,3,1095,5585.67868453176,3077.771380919565,,,,1451.0,52.928
8307,3,1096,5586.67868453176,3078.771380919565,,,,1450.0,52.915
8308,3,1097,5587.67868453176,3079.771380919565,,,,1446.0,52.902
8309,3,1098,5588.67868453176,3080.771380919565,,,,1447.0,52.888
8310,3,1099,5589.67868453176,3081.771380919565,,,,1447.0,52.873
8311,3,1100,5590.67868453176,3082.771380919565,,,,1448.0,52.859
8312,3,1101,5591.67868453176,3083.771380919565,,,,1449.0,52.845
8313,3,1102,5592.67868453176,3084.771380919565,,,,1451.0,52.832
8314,3,1103,5593.67868453176,3085.771380919565,,,,1452.0,52.819
8315,3,1104,5594.67868453176,3086.771380919565,,,,1451.0,52.807
8316,3,1105,5595.67868453176,3087.771380919565,,,,1447.0,52.794
8317,3,1106,5596.67868453176,3088.771380919565,,,,1449.0,52.781
8318,3,1107,5597.67868453176,3089.771380919565,,,,1442.0,52.767
8319,3,1108,5598.67868453176,3090.771380919565,,,,1446.0,52.751
8320,3,1109,5599.67868453176,3091.771380919565,,,,1443.0,52.735
8321,3,1110,5600.67868453176,3092.771380919565,,,,1440.0,52.718
8322,3,1111,5601.67868453176,3093.771380919565,,,,1440.0,52.703
8323,3,1112,5602.67868453176,3094.771380919565,,,,1438.0,52.687
8324,3,1113,5603.67868453176,3095.771380919565,,,,1437.0,52.672
8325,3,1114,5604.67868453176,3096.771380919565,,,,1437.0,52.656
8326,3,1115,5605.67868453176,3097.771380919565,,,,1437.0,52.642
8327,3,1116,5606.67868453176,3098.771380919565,,,,1433.0,52.627
8328,3,1117,5607.67868453176,3099.771380919565,,,,1436.0,52.612
8329,3,1118,5608.67868453176,3100.771380919565,,,,1433.0,52.597
8330,3,1119,5609.67868453176,3101.771380919565,,,,1430.0,52.582
8331,3,1120,5610.67868453176,3102.771380919565,,,,1428.0,52.565
8332,3,1121,5611.67868453176,3103.771380919565,,,,1426.0,52.548
8333,3,1122,5612.67868453176,3104.771380919565,,,,1425.0,52.53
8334,3,1123,5613.67868453176,3105.771380919565,,,,1423.0,52.513
8335,3,1124,5614.67868453176,3106.771380919565,,,,1420.0,52.495
8336,3,1125,5615.67868453176,3107.771380919565,,,,1419.0,52.478
8337,3,1126,5616.67868453176,3108.771380919565,,,,1417.0,52.461
8338,3,1127,5617.67868453176,3109.771380919565,,,,1416.0,52.443
8339,3,1128,5618.67868453176,3110.771380919565,,,,1418.0,52.425
8340,3,1129,5619.67868453176,3111.771380919565,,,,1417.0,52.408
8341,3,1130,5620.67868453176,3112.771380919565,,,,1419.0,52.392
8342,3,1131,5621.67868453176,3113.771380919565,,,,1419.0,52.377
8343,3,1132,5622.67868453176,3114.771380919565,,,,1416.0,52.361
8344,3,1133,5623.67868453176,3115.771380919565,,,,1416.0,52.347
8345,3,1134,5624.67868453176,3116.771380919565,,,,1414.0,52.331
8346,3,1135,5625.67868453176,3117.771380919565,,,,1417.0,52.316
8347,3,1136,5626.67868453176,3118.771380919565,,,,1416.0,52.302
8348,3,1137,5627.67868453176,3119.771380919565,,,,1411.0,52.285
8349,3,1138,5628.67868453176,3120.771380919565,,,,1409.0,52.266
8350,3,1139,5629.67868453176,3121.771380919565,,,,1403.0,52.245
8351,3,1140,5630.67868453176,3122.771380919565,,,,1401.0,52.224
8352,3,1141,5631.67868453176,3123.771380919565,,,,1398.0,52.204
8353,3,1142,5632.67868453176,3124.771380919565,,,,1396.0,52.184
8354,3,1143,5633.67868453176,3125.771380919565,,,,1395.0,52.166
8355,3,1144,5634.67868453176,3126.771380919565,,,,1395.0,52.148
8356,3,1145,5635.67868453176,3127.771380919565,,,,1393.0,52.131
8357,3,1146,5636.67868453176,3128.771380919565,,,,1393.0,52.113
8358,3,1147,5637.67868453176,3129.771380919565,,,,1392.0,52.095
8359,3,1148,5638.67868453176,3130.771380919565,,,,1389.0,52.075
8360,3,1149,5639.67868453176,3131.771380919565,,,,1386.0,52.055
8361,3,1150,5640.67868453176,3132.771380919565,,,,1382.0,52.034
8362,3,1151,5641.67868453176,3133.771380919565,,,,1377.0,52.014
8363,3,1152,5642.67868453176,3134.771380919565,,,,1377.0,51.995
8364,3,1153,5643.67868453176,3135.771380919565,,,,1374.0,51.975
8365,3,1154,5644.67868453176,3136.771380919565,,,,1374.0,51.958
8366,3,1155,5645.67868453176,3137.771380919565,,,,1374.0,51.941
8367,3,1156,5646.67868453176,3138.771380919565,,,,1373.0,51.924
8368,3,1157,5647.67868453176,3139.771380919565,,,,1373.0,51.909
8369,3,1158,5648.67868453176,3140.771380919565,,,,1369.0,51.892
8370,3,1159,5649.67868453176,3141.771380919565,,,,1367.0,51.877
8371,3,1160,5650.67868453176,3142.771380919565,,,,1366.0,51.859
8372,3,1161,5651.67868453176,3143.771380919565,,,,1363.0,51.843
8373,3,1162,5652.67868453176,3144.771380919565,,,,1360.0,51.825
8374,3,1163,5653.67868453176,3145.771380919565,,,,1360.0,51.808
8375,3,1164,5654.67868453176,3146.771380919565,,,,1358.0,51.79
8376,3,1165,5655.67868453176,3147.771380919565,,,,1356.0,51.774
8377,3,1166,5656.67868453176,3148.771380919565,,,,1356.0,51.756
8378,3,1167,5657.67868453176,3149.771380919565,,,,1353.0,51.74
8379,3,1168,5658.67868453176,3150.771380919565,,,,1350.0,51.723
8380,3,1169,5659.67868453176,3151.771380919565,,,,1347.0,51.704
8381,3,1170,5660.67868453176,3152.771380919565,,,,1345.0,51.688
8382,3,1171,5661.67868453176,3153.771380919565,,,,1343.0,51.67
8383,3,1172,5662.67868453176,3154.771380919565,,,,1341.0,51.652
8384,3,1173,5663.67868453176,3155.771380919565,,,,1338.0,51.634
8385,3,1174,5664.67868453176,3156.771380919565,,,,1334.0,51.614
8386,3,1175,5665.67868453176,3157.771380919565,,,,1332.0,51.596
8387,3,1176,5666.67868453176,3158.771380919565,,,,1330.0,51.578
8388,3,1177,5667.67868453176,3159.771380919565,,,,1328.0,51.56
8389,3,1178,5668.67868453176,3160.771380919565,,,,1325.0,51.543
8390,3,1179,5669.67868453176,3161.771380919565,,,,1325.0,51.526
8391,3,1180,5670.67868453176,3162.771380919565,,,,1326.0,51.508
8392,3,1181,5671.67868453176,3163.771380919565,,,,1325.0,51.491
8393,3,1182,5672.67868453176,3164.771380919565,,,,1324.0,51.474
8394,3,1183,5673.67868453176,3165.771380919565,,,,1323.0,51.456
8395,3,1184,5674.67868453176,3166.771380919565,,,,1323.0,51.438
8396,3,1185,5675.67868453176,3167.771380919565,,,,1324.0,51.42
8397,3,1186,5676.67868453176,3168.771380919565,,,,1325.0,51.401
8398,3,1187,5677.67868453176,3169.771380919565,,,,1327.0,51.384
8399,3,1188,5678.67868453176,3170.771380919565,,,,1328.0,51.366
8400,3,1189,5679.67868453176,3171.771380919565,,,,1329.0,51.35
8401,3,1190,5680.67868453176,3172.771380919565,,,,1330.0,51.333
8402,3,1191,5681.67868453176,3173.771380919565,,,,1332.0,51.316
8403,3,1192,5682.67868453176,3174.771380919565,,,,1332.0,51.301
8404,3,1193,5683.67868453176,3175.771380919565,,,,1331.0,51.285
8405,3,1194,5684.67868453176,3176.771380919565,,,,1327.0,51.269
8406,3,1195,5685.67868453176,3177.771380919565,,,,1325.0,51.252
8407,3,1196,5686.67868453176,3178.771380919565,,,,1323.0,51.234
8408,3,1197,5687.67868453176,3179.771380919565,,,,1320.0,51.217
8409,3,1198,5688.67868453176,3180.771380919565,,,,1318.0,51.199
8410,3,1199,5689.67868453176,3181.771380919565,,,,1315.0,51.181
8411,3,1200,5690.67868453176,3182.771380919565,,,,1313.0,51.163
8412,3,1201,5691.67868453176,3183.771380919565,,,,1313.0,51.145
8413,3,1202,5692.67868453176,3184.771380919565,,,,1311.0,51.128
8414,3,1203,5693.67868453176,3185.771380919565,,,,1312.0,51.111
8415,3,1204,5694.67868453176,3186.771380919565,,,,1313.0,51.095
8416,3,1205,5695.67868453176,3187.771380919565,,,,1311.0,51.079
8417,3,1206,5696.67868453176,3188.771380919565,,,,1307.0,51.061
8418,3,1207,5697.67868453176,3189.771380919565,,,,1304.0,51.042
8419,3,1208,5698.67868453176,3190.771380919565,,,,1299.0,51.022
8420,3,1209,5699.67868453176,3191.771380919565,,,,1296.0,51.002
8421,3,1210,5700.67868453176,3192.771380919565,,,,1294.0,50.982
8422,3,1211,5701.67868453176,3193.771380919565,,,,1293.0,50.962
8423,3,1212,5702.67868453176,3194.771380919565,,,,1290.0,50.943
8424,3,1213,5703.67868453176,3195.771380919565,,,,1287.0,50.924
8425,3,1214,5704.67868453176,3196.771380919565,,,,1285.0,50.906
8426,3,1215,5705.67868453176,3197.771380919565,,,,1282.0,50.887
8427,3,1216,5706.67868453176,3198.771380919565,,,,1277.0,50.869
8428,3,1217,5707.67868453176,3199.771380919565,,,,1273.0,50.85
8429,3,1218,5708.67868453176,3200.771380919565,,,,1268.0,50.829
8430,3,1219,5709.67868453176,3201.771380919565,,,,1263.0,50.809
8431,3,1220,5710.67868453176,3202.771380919565,,,,1262.0,50.789
8432,3,1221,5711.67868453176,3203.771380919565,,,,1263.0,50.77
8433,3,1222,5712.67868453176,3204.771380919565,,,,1262.0,50.752
8434,3,1223,5713.67868453176,3205.771380919565,,,,1261.0,50.733
8435,3,1224,5714.67868453176,3206.771380919565,,,,1258.0,50.715
8436,3,1225,5715.67868453176,3207.771380919565,,,,1256.0,50.696
8437,3,1226,5716.67868453176,3208.771380919565,,,,1253.0,50.677
8438,3,1227,5717.67868453176,3209.771380919565,,,,1254.0,50.658
8439,3,1228,5718.67868453176,3210.771380919565,,,,1255.0,50.64
8440,3,1229,5719.67868453176,3211.771380919565,,,,1257.0,50.622
8441,3,1230,5720.67868453176,3212.771380919565,,,,1261.0,50.605
8442,3,1231,5721.67868453176,3213.771380919565,,,,1262.0,50.588
8443,3,1232,5722.67868453176,3214.771380919565,,,,1264.0,50.572
8444,3,1233,5723.67868453176,3215.771380919565,,,,1266.0,50.557
8445,3,1234,5724.67868453176,3216.771380919565,,,,1266.0,50.54
8446,3,1235,5725.67868453176,3217.771380919565,,,,1265.0,50.524
8447,3,1236,5726.67868453176,3218.771380919565,,,,1266.0,50.509
8448,3,1237,5727.67868453176,3219.771380919565,,,,1264.0,50.494
8449,3,1238,5728.67868453176,3220.771380919565,,,,1261.0,50.48
8450,3,1239,5729.67868453176,3221.771380919565,,,,1262.0,50.465
8451,3,1240,5730.67868453176,3222.771380919565,,,,1263.0,50.453
8452,3,1241,5731.67868453176,3223.771380919565,,,,1260.0,50.439
8453,3,1242,5732.67868453176,3224.771380919565,,,,1258.0,50.423
8454,3,1243,5733.67868453176,3225.771380919565,,,,1253.0,50.406
8455,3,1244,5734.67868453176,3226.771380919565,,,,1247.0,50.387
8456,3,1245,5735.67868453176,3227.771380919565,,,,1241.0,50.368
8457,3,1246,5736.67868453176,3228.771380919565,,,,1236.0,50.349
8458,3,1247,5737.67868453176,3229.771380919565,,,,1233.0,50.331
8459,3,1248,5738.67868453176,3230.771380919565,,,,1230.0,50.312
8460,3,1249,5739.67868453176,3231.771380919565,,,,1226.0,50.293
8461,3,1250,5740.67868453176,3232.771380919565,,,,1227.0,50.275
8462,3,1251,5741.67868453176,3233.771380919565,,,,1228.0,50.259
8463,3,1252,5742.67868453176,3234.771380919565,,,,1228.0,50.243
8464,3,1253,5743.67868453176,3235.771380919565,,,,1225.0,50.228
8465,3,1254,5744.67868453176,3236.771380919565,,,,1222.0,50.211
8466,3,1255,5745.67868453176,3237.771380919565,,,,1220.0,50.195
8467,3,1256,5746.67868453176,3238.771380919565,,,,1218.0,50.179
8468,3,1257,5747.67868453176,3239.771380919565,,,,1217.0,50.163
8469,3,1258,5748.67868453176,3240.771380919565,,,,1217.0,50.145
8470,3,1259,5749.67868453176,3241.771380919565,,,,1214.0,50.128
8471,3,1260,5750.67868453176,3242.771380919565,,,,1214.0,50.111
8472,3,1261,5751.67868453176,3243.771380919565,,,,1212.0,50.095
8473,3,1262,5752.67868453176,3244.771380919565,,,,1210.0,50.079
8474,3,1263,5753.67868453176,3245.771380919565,,,,1208.0,50.063
8475,3,1264,5754.67868453176,3246.771380919565,,,,1205.0,50.047
8476,3,1265,5755.67868453176,3247.771380919565,,,,1200.0,50.031
8477,3,1266,5756.67868453176,3248.771380919565,,,,1195.0,50.014
8478,3,1267,5757.67868453176,3249.771380919565,,,,1191.0,49.995
8479,3,1268,5758.67868453176,3250.771380919565,,,,1189.0,49.978
8480,3,1269,5759.67868453176,3251.771380919565,,,,1189.0,49.959
8481,3,1270,5760.67868453176,3252.771380919565,,,,1190.0,49.942
8482,3,1271,5761.67868453176,3253.771380919565,,,,1191.0,49.925
8483,3,1272,5762.67868453176,3254.771380919565,,,,1191.0,49.91
8484,3,1273,5763.67868453176,3255.771380919565,,,,1191.0,49.895
8485,3,1274,5764.67868453176,3256.771380919565,,,,1191.0,49.881
8486,3,1275,5765.67868453176,3257.771380919565,,,,1189.0,49.867
8487,3,1276,5766.67868453176,3258.771380919565,,,,1184.0,49.853
8488,3,1277,5767.67868453176,3259.771380919565,,,,1179.0,49.84
8489,3,1278,5768.67868453176,3260.771380919565,,,,1176.0,49.826
8490,3,1279,5769.67868453176,3261.771380919565,,,,1174.0,49.81
8491,3,1280,5770.67868453176,3262.771380919565,,,,1168.0,49.794
8492,3,1281,5771.67868453176,3263.771380919565,,,,1166.0,49.776
8493,3,1282,5772.67868453176,3264.771380919565,,,,1165.0,49.757
8494,3,1283,5773.67868453176,3265.771380919565,,,,1166.0,49.74
8495,3,1284,5774.67868453176,3266.771380919565,,,,1165.0,49.723
8496,3,1285,5775.67868453176,3267.771380919565,,,,1165.0,49.706
8497,3,1286,5776.67868453176,3268.771380919565,,,,1163.0,49.691
8498,3,1287,5777.67868453176,3269.771380919565,,,,1157.0,49.675
8499,3,1288,5778.67868453176,3270.771380919565,,,,1154.0,49.66
8500,3,1289,5779.67868453176,3271.771380919565,,,,1150.0,49.644
8501,3,1290,5780.67868453176,3272.771380919565,,,,1148.0,49.628
8502,3,1291,5781.67868453176,3273.771380919565,,,,1145.0,49.611
8503,3,1292,5782.67868453176,3274.771380919565,,,,1144.0,49.594
8504,3,1293,5783.67868453176,3275.771380919565,,,,1143.0,49.577
8505,3,1294,5784.67868453176,3276.771380919565,,,,1144.0,49.562
8506,3,1295,5785.67868453176,3277.771380919565,,,,1142.0,49.547
8507,3,1296,5786.67868453176,3278.771380919565,,,,1140.0,49.532
8508,3,1297,5787.67868453176,3279.771380919565,,,,1138.0,49.519
8509,3,1298,5788.67868453176,3280.771380919565,,,,1136.0,49.505
8510,3,1299,5789.67868453176,3281.771380919565,,,,1134.0,49.49
8511,3,1300,5790.67868453176,3282.771380919565,,,,1132.0,49.476
8512,3,1301,5791.67868453176,3283.771380919565,,,,1130.0,49.462
8513,3,1302,5792.67868453176,3284.771380919565,,,,1129.0,49.448
8514,3,1303,5793.67868453176,3285.771380919565,,,,1126.0,49.435
8515,3,1304,5794.67868453176,3286.771380919565,,,,1124.0,49.423
8516,3,1305,5795.67868453176,3287.771380919565,,,,1120.0,49.41
8517,3,1306,5796.67868453176,3288.771380919565,,,,1118.0,49.398
8518,3,1307,5797.67868453176,3289.771380919565,,,,1116.0,49.385
8519,3,1308,5798.67868453176,3290.771380919565,,,,1114.0,49.373
8520,3,1309,5799.67868453176,3291.771380919565,,,,1111.0,49.359
8521,3,1310,5800.67868453176,3292.771380919565,,,,1109.0,49.345
8522,3,1311,5801.67868453176,3293.771380919565,,,,1108.0,49.333
8523,3,1312,5802.67868453176,3294.771380919565,,,,1105.0,49.321
8524,3,1313,5803.67868453176,3295.771380919565,,,,1104.0,49.311
8525,3,1314,5804.67868453176,3296.771380919565,,,,1103.0,49.302
8526,3,1315,5805.67868453176,3297.771380919565,,,,1102.0,49.294
8527,3,1316,5806.67868453176,3298.771380919565,,,,1102.0,49.287
8528,3,1317,5807.67868453176,3299.771380919565,,,,1103.0,49.281
8529,3,1318,5808.67868453176,3300.771380919565,,,,1103.0,49.274
8530,3,1319,5809.67868453176,3301.771380919565,,,,1102.0,49.268
8531,3,1320,5810.67868453176,3302.771380919565,,,,1103.0,49.262
8532,3,1321,5811.67868453176,3303.771380919565,,,,1103.0,49.255
8533,3,1322,5812.67868453176,3304.771380919565,,,,1104.0,49.249
8534,3,1323,5813.67868453176,3305.771380919565,,,,1102.0,49.244
8535,3,1324,5814.67868453176,3306.771380919565,,,,1100.0,49.237
8536,3,1325,5815.67868453176,3307.771380919565,,,,1100.0,49.232
8537,3,1326,5816.67868453176,3308.771380919565,,,,1097.0,49.225
8538,3,1327,5817.67868453176,3309.771380919565,,,,1096.0,49.22
8539,3,1328,5818.67868453176,3310.771380919565,,,,1098.0,49.215
8540,3,1329,5819.67868453176,3311.771380919565,,,,1097.0,49.21
8541,3,1330,5820.67868453176,3312.771380919565,,,,1096.0,49.206
8542,3,1331,5821.67868453176,3313.771380919565,,,,1095.0,49.202
8543,3,1332,5822.67868453176,3314.771380919565,,,,1090.0,49.198
8544,3,1333,5823.67868453176,3315.771380919565,,,,1086.0,49.194
8545,3,1334,5824.67868453176,3316.771380919565,,,,1087.0,49.191
8546,3,1335,5825.67868453176,3317.771380919565,,,,1086.0,49.189
8547,3,1336,5826.67868453176,3318.771380919565,,,,1084.0,49.186
8548,3,1337,5827.67868453176,3319.771380919565,,,,1083.0,49.184
8549,3,1338,5828.67868453176,3320.771380919565,,,,1080.0,49.18
8550,3,1339,5829.67868453176,3321.771380919565,,,,1077.0,49.177
8551,3,1340,5830.67868453176,3322.771380919565,,,,1076.0,49.17
8552,3,1341,5831.67868453176,3323.771380919565,,,,1075.0,49.164
8553,3,1342,5832.67868453176,3324.771380919565,,,,1076.0,49.155
8554,3,1343,5833.67868453176,3325.771380919565,,,,1076.0,49.145
8555,3,1344,5834.67868453176,3326.771380919565,,,,1077.0,49.134
8556,3,1345,5835.67868453176,3327.771380919565,,,,1077.0,49.123
8557,3,1346,5836.67868453176,3328.771380919565,,,,1079.0,49.113
8558,3,1347,5837.67868453176,3329.771380919565,,,,1080.0,49.103
8559,3,1348,5838.67868453176,3330.771380919565,,,,1078.0,49.093
8560,3,1349,5839.67868453176,3331.771380919565,,,,1079.0,49.085
8561,3,1350,5840.67868453176,3332.771380919565,,,,1076.0,49.075
8562,3,1351,5841.67868453176,3333.771380919565,,,,1074.0,49.066
8563,3,1352,5842.67868453176,3334.771380919565,,,,1073.0,49.055
8564,3,1353,5843.67868453176,3335.771380919565,,,,1069.0,49.042
8565,3,1354,5844.67868453176,3336.771380919565,,,,1069.0,49.029
8566,3,1355,5845.67868453176,3337.771380919565,,,,1072.0,49.017
8567,3,1356,5846.67868453176,3338.771380919565,,,,1072.0,49.005
8568,3,1357,5847.67868453176,3339.771380919565,,,,1068.0,48.992
8569,3,1358,5848.67868453176,3340.771380919565,,,,1063.0,48.978
8570,3,1359,5849.67868453176,3341.771380919565,,,,1056.0,48.964
8571,3,1360,5850.67868453176,3342.771380919565,,,,1052.0,48.95
8572,3,1361,5851.67868453176,3343.771380919565,,,,1054.0,48.936
8573,3,1362,5852.67868453176,3344.771380919565,,,,1056.0,48.923
8574,3,1363,5853.67868453176,3345.771380919565,,,,1059.0,48.911
8575,3,1364,5854.67868453176,3346.771380919565,,,,1058.0,48.898
8576,3,1365,5855.67868453176,3347.771380919565,,,,1056.0,48.884
8577,3,1366,5856.67868453176,3348.771380919565,,,,1053.0,48.869
8578,3,1367,5857.67868453176,3349.771380919565,,,,1048.0,48.852
8579,3,1368,5858.67868453176,3350.771380919565,,,,1042.0,48.836
8580,3,1369,5859.67868453176,3351.771380919565,,,,1038.0,48.821
8581,3,1370,5860.67868453176,3352.771380919565,,,,1039.0,48.806
8582,3,1371,5861.67868453176,3353.771380919565,,,,1039.0,48.792
8583,3,1372,5862.67868453176,3354.771380919565,,,,1039.0,48.78
8584,3,1373,5863.67868453176,3355.771380919565,,,,1038.0,48.765
8585,3,1374,5864.67868453176,3356.771380919565,,,,1036.0,48.752
8586,3,1375,5865.67868453176,3357.771380919565,,,,1034.0,48.735
8587,3,1376,5866.67868453176,3358.771380919565,,,,1031.0,48.721
8588,3,1377,5867.67868453176,3359.771380919565,,,,1031.0,48.705
8589,3,1378,5868.67868453176,3360.771380919565,,,,1030.0,48.692
8590,3,1379,5869.67868453176,3361.771380919565,,,,1029.0,48.678
8591,3,1380,5870.67868453176,3362.771380919565,,,,1025.0,48.665
8592,3,1381,5871.67868453176,3363.771380919565,,,,1019.0,48.651
8593,3,1382,5872.67868453176,3364.771380919565,,,,1016.0,48.64
8594,3,1383,5873.67868453176,3365.771380919565,,,,1012.0,48.627
8595,3,1384,5874.67868453176,3366.771380919565,,,,1010.0,48.614
8596,3,1385,5875.67868453176,3367.771380919565,,,,1006.0,48.6
8597,3,1386,5876.67868453176,3368.771380919565,,,,1003.0,48.587
8598,3,1387,5877.67868453176,3369.771380919565,,,,997.0,48.57
8599,3,1388,5878.67868453176,3370.771380919565,,,,995.0,48.553
8600,3,1389,5879.67868453176,3371.771380919565,,,,994.0,48.535
8601,3,1390,5880.67868453176,3372.771380919565,,,,995.0,48.519
8602,3,1391,5881.67868453176,3373.771380919565,,,,994.0,48.505
8603,3,1392,5882.67868453176,3374.771380919565,,,,994.0,48.492
8604,3,1393,5883.67868453176,3375.771380919565,,,,995.0,48.48
8605,3,1394,5884.67868453176,3376.771380919565,,,,994.0,48.469
8606,3,1395,5885.67868453176,3377.771380919565,,,,991.0,48.457
8607,3,1396,5886.67868453176,3378.771380919565,,,,992.0,48.444
8608,3,1397,5887.67868453176,3379.771380919565,,,,991.0,48.431
8609,3,1398,5888.67868453176,3380.771380919565,,,,990.0,48.418
8610,3,1399,5889.67868453176,3381.771380919565,,,,988.0,48.403
8611,3,1400,5890.67868453176,3382.771380919565,,,,987.0,48.39
8612,3,1401,5891.67868453176,3383.771380919565,,,,986.0,48.376
8613,3,1402,5892.67868453176,3384.771380919565,,,,985.0,48.362
8614,3,1403,5893.67868453176,3385.771380919565,,,,984.0,48.348
8615,3,1404,5894.67868453176,3386.771380919565,,,,982.0,48.332
8616,3,1405,5895.67868453176,3387.771380919565,,,,981.0,48.318
8617,3,1406,5896.67868453176,3388.771380919565,,,,983.0,48.306
8618,3,1407,5897.67868453176,3389.771380919565,,,,985.0,48.292
8619,3,1408,5898.67868453176,3390.771380919565,,,,985.0,48.279
8620,3,1409,5899.67868453176,3391.771380919565,,,,984.0,48.265
8621,3,1410,5900.67868453176,3392.771380919565,,,,982.0,48.25
8622,3,1411,5901.67868453176,3393.771380919565,,,,978.0,48.235
8623,3,1412,5902.67868453176,3394.771380919565,,,,980.0,48.221
8624,3,1413,5903.67868453176,3395.771380919565,,,,977.0,48.207
8625,3,1414,5904.67868453176,3396.771380919565,,,,976.0,48.192
8626,3,1415,5905.67868453176,3397.771380919565,,,,976.0,48.178
8627,3,1416,5906.67868453176,3398.771380919565,,,,975.0,48.162
8628,3,1417,5907.67868453176,3399.771380919565,,,,976.0,48.147
8629,3,1418,5908.67868453176,3400.771380919565,,,,974.0,48.131
8630,3,1419,5909.67868453176,3401.771380919565,,,,975.0,48.116
8631,3,1420,5910.67868453176,3402.771380919565,,,,974.0,48.1
8632,3,1421,5911.67868453176,3403.771380919565,,,,979.0,48.085
8633,3,1422,5912.67868453176,3404.771380919565,,,,980.0,48.071
8634,3,1423,5913.67868453176,3405.771380919565,,,,979.0,48.058
8635,3,1424,5914.67868453176,3406.771380919565,,,,977.0,48.044
8636,3,1425,5915.67868453176,3407.771380919565,,,,977.0,48.03
8637,3,1426,5916.67868453176,3408.771380919565,,,,976.0,48.017
8638,3,1427,5917.67868453176,3409.771380919565,,,,976.0,48.005
8639,3,1428,5918.67868453176,3410.771380919565,,,,973.0,47.992
8640,3,1429,5919.67868453176,3411.771380919565,,,,975.0,47.979
8641,3,1430,5920.67868453176,3412.771380919565,,,,976.0,47.966
8642,3,1431,5921.67868453176,3413.771380919565,,,,975.0,47.953
8643,3,1432,5922.67868453176,3414.771380919565,,,,974.0,47.94
8644,3,1433,5923.67868453176,3415.771380919565,,,,971.0,47.925
8645,3,1434,5924.67868453176,3416.771380919565,,,,970.0,47.908
8646,3,1435,5925.67868453176,3417.771380919565,,,,967.0,47.892
8647,3,1436,5926.67868453176,3418.771380919565,,,,966.0,47.874
8648,3,1437,5927.67868453176,3419.771380919565,,,,966.0,47.857
8649,3,1438,5928.67868453176,3420.771380919565,,,,967.0,47.841
8650,3,1439,5929.67868453176,3421.771380919565,,,,969.0,47.826
8651,3,1440,5930.67868453176,3422.771380919565,,,,973.0,47.812
8652,3,1441,5931.67868453176,3423.771380919565,,,,975.0,47.799
8653,3,1442,5932.67868453176,3424.771380919565,,,,978.0,47.788
8654,3,1443,5933.67868453176,3425.771380919565,,,,982.0,47.777
8655,3,1444,5934.67868453176,3426.771380919565,,,,984.0,47.767
8656,3,1445,5935.67868453176,3427.771380919565,,,,987.0,47.757
8657,3,1446,5936.67868453176,3428.771380919565,,,,988.0,47.745
8658,3,1447,5937.67868453176,3429.771380919565,,,,989.0,47.733
8659,3,1448,5938.67868453176,3430.771380919565,,,,990.0,47.72
8660,3,1449,5939.67868453176,3431.771380919565,,,,991.0,47.708
8661,3,1450,5940.67868453176,3432.771380919565,,,,993.0,47.698
8662,3,1451,5941.67868453176,3433.771380919565,,,,995.0,47.687
8663,3,1452,5942.67868453176,3434.771380919565,,,,997.0,47.676
8664,3,1453,5943.67868453176,3435.771380919565,,,,997.0,47.665
8665,3,1454,5944.67868453176,3436.771380919565,,,,997.0,47.654
8666,3,1455,5945.67868453176,3437.771380919565,,,,997.0,47.644
8667,3,1456,5946.67868453176,3438.771380919565,,,,998.0,47.635
8668,3,1457,5947.67868453176,3439.771380919565,,,,999.0,47.628
8669,3,1458,5948.67868453176,3440.771380919565,,,,1000.0,47.622
8670,3,1459,5949.67868453176,3441.771380919565,,,,1001.0,47.617
8671,3,1460,5950.67868453176,3442.771380919565,,,,1001.0,47.613
8804,3,1593,6083.67868453176,3575.771380919565,,,,1059.0,47.611
8805,3,1594,6084.67868453176,3576.771380919565,,,,1059.0,47.605
8806,3,1595,6085.67868453176,3577.771380919565,,,,1062.0,47.601
8807,3,1596,6086.67868453176,3578.771380919565,,,,1063.0,47.597
8808,3,1597,6087.67868453176,3579.771380919565,,,,1062.0,47.594
9020,3,1809,6299.67868453176,3791.771380919565,,,,1280.0,47.59
9021,3,1810,6300.67868453176,3792.771380919565,,,,1278.0,47.576
9022,3,1811,6301.67868453176,3793.771380919565,,,,1277.0,47.56
9023,3,1812,6302.67868453176,3794.771380919565,,,,1274.0,47.546
9024,3,1813,6303.67868453176,3795.771380919565,,,,1277.0,47.531
9025,3,1814,6304.67868453176,3796.771380919565,,,,1276.0,47.517
9026,3,1815,6305.67868453176,3797.771380919565,,,,1275.0,47.504
9027,3,1816,6306.67868453176,3798.771380919565,,,,1273.0,47.491
9028,3,1817,6307.67868453176,3799.771380919565,,,,1264.0,47.478
9029,3,1818,6308.67868453176,3800.771380919565,,,,1264.0,47.462
9030,3,1819,6309.67868453176,3801.771380919565,,,,1259.0,47.447
9031,3,1820,6310.67868453176,3802.771380919565,,,,1257.0,47.43
9032,3,1821,6311.67868453176,3803.771380919565,,,,1255.0,47.414
9033,3,1822,6312.67868453176,3804.771380919565,,,,1256.0,47.398
9034,3,1823,6313.67868453176,3805.771380919565,,,,1248.0,47.383
9035,3,1824,6314.67868453176,3806.771380919565,,,,1252.0,47.368
9036,3,1825,6315.67868453176,3807.771380919565,,,,1248.0,47.353
9037,3,1826,6316.67868453176,3808.771380919565,,,,1244.0,47.335
9038,3,1827,6317.67868453176,3809.771380919565,,,,1241.0,47.317
9039,3,1828,6318.67868453176,3810.771380919565,,,,1240.0,47.3
9040,3,1829,6319.67868453176,3811.771380919565,,,,1240.0,47.283
9041,3,1830,6320.67868453176,3812.771380919565,,,,1239.0,47.269
9042,3,1831,6321.67868453176,3813.771380919565,,,,1240.0,47.255
9043,3,1832,6322.67868453176,3814.771380919565,,,,1238.0,47.241
9044,3,1833,6323.67868453176,3815.771380919565,,,,1237.0,47.228
9045,3,1834,6324.67868453176,3816.771380919565,,,,1234.0,47.214
9046,3,1835,6325.67868453176,3817.771380919565,,,,1229.0,47.198
9047,3,1836,6326.67868453176,3818.771380919565,,,,1227.0,47.182
9048,3,1837,6327.67868453176,3819.771380919565,,,,1225.0,47.168
9049,3,1838,6328.67868453176,3820.771380919565,,,,1223.0,47.153
9050,3,1839,6329.67868453176,3821.771380919565,,,,1221.0,47.139
9051,3,1840,6330.67868453176,3822.771380919565,,,,1222.0,47.126
9052,3,1841,6331.67868453176,3823.771380919565,,,,1220.0,47.114
9053,3,1842,6332.67868453176,3824.771380919565,,,,1219.0,47.1
9054,3,1843,6333.67868453176,3825.771380919565,,,,1215.0,47.088
9055,3,1844,6334.67868453176,3826.771380919565,,,,1216.0,47.074
9056,3,1845,6335.67868453176,3827.771380919565,,,,1214.0,47.062
9057,3,1846,6336.67868453176,3828.771380919565,,,,1211.0,47.05
9058,3,1847,6337.67868453176,3829.771380919565,,,,1210.0,47.038
9059,3,1848,6338.67868453176,3830.771380919565,,,,1213.0,47.026
9060,3,1849,6339.67868453176,3831.771380919565,,,,1213.0,47.015
9061,3,1850,6340.67868453176,3832.771380919565,,,,1211.0,47.004
9062,3,1851,6341.67868453176,3833.771380919565,,,,1210.0,46.992
9063,3,1852,6342.67868453176,3834.771380919565,,,,1208.0,46.981
9064,3,1853,6343.67868453176,3835.771380919565,,,,1207.0,46.97
9065,3,1854,6344.67868453176,3836.771380919565,,,,1204.0,46.956
9066,3,1855,6345.67868453176,3837.771380919565,,,,1198.0,46.944
9067,3,1856,6346.67868453176,3838.771380919565,,,,1193.0,46.93
9068,3,1857,6347.67868453176,3839.771380919565,,,,1190.0,46.914
9069,3,1858,6348.67868453176,3840.771380919565,,,,1185.0,46.899
9070,3,1859,6349.67868453176,3841.771380919565,,,,1180.0,46.883
9071,3,1860,6350.67868453176,3842.771380919565,,,,1178.0,46.868
9072,3,1861,6351.67868453176,3843.771380919565,,,,1175.0,46.853
9073,3,1862,6352.67868453176,3844.771380919565,,,,1175.0,46.841
9074,3,1863,6353.67868453176,3845.771380919565,,,,1175.0,46.83
9075,3,1864,6354.67868453176,3846.771380919565,,,,1176.0,46.821
9076,3,1865,6355.67868453176,3847.771380919565,,,,1176.0,46.812
9077,3,1866,6356.67868453176,3848.771380919565,,,,1173.0,46.806
9078,3,1867,6357.67868453176,3849.771380919565,,,,1170.0,46.802
9079,3,1868,6358.67868453176,3850.771380919565,,,,1170.0,46.798
9080,3,1869,6359.67868453176,3851.771380919565,,,,1169.0,46.796
9081,3,1870,6360.67868453176,3852.771380919565,,,,1169.0,46.794
9082,3,1871,6361.67868453176,3853.771380919565,,,,1170.0,46.793
9083,3,1872,6362.67868453176,3854.771380919565,,,,1172.0,46.792
9096,3,1885,6375.67868453176,3867.771380919565,,,,1179.0,46.789
9097,3,1886,6376.67868453176,3868.771380919565,,,,1179.0,46.785
9098,3,1887,6377.67868453176,3869.771380919565,,,,1179.0,46.78
9099,3,1888,6378.67868453176,3870.771380919565,,,,1181.0,46.776
9100,3,1889,6379.67868453176,3871.771380919565,,,,1183.0,46.77
9101,3,1890,6380.67868453176,3872.771380919565,,,,1183.0,46.764
9102,3,1891,6381.67868453176,3873.771380919565,,,,1184.0,46.754
9103,3,1892,6382.67868453176,3874.771380919565,,,,1184.0,46.745
9104,3,1893,6383.67868453176,3875.771380919565,,,,1184.0,46.733
9105,3,1894,6384.67868453176,3876.771380919565,,,,1189.0,46.72
9106,3,1895,6385.67868453176,3877.771380919565,,,,1193.0,46.708
9107,3,1896,6386.67868453176,3878.771380919565,,,,1199.0,46.695
9108,3,1897,6387.67868453176,3879.771380919565,,,,1205.0,46.684
9109,3,1898,6388.67868453176,3880.771380919565,,,,1209.0,46.673
9110,3,1899,6389.67868453176,3881.771380919565,,,,1212.0,46.663
9111,3,1900,6390.67868453176,3882.771380919565,,,,1216.0,46.654
9112,3,1901,6391.67868453176,3883.771380919565,,,,1216.0,46.648
9113,3,1902,6392.67868453176,3884.771380919565,,,,1216.0,46.644
9201,3,1990,6480.67868453176,3972.771380919565,,,,1379.0,46.639
9202,3,1991,6481.67868453176,3973.771380919565,,,,1376.0,46.628
9203,3,1992,6482.67868453176,3974.771380919565,,,,1377.0,46.62
9204,3,1993,6483.67868453176,3975.771380919565,,,,1378.0,46.611
9205,3,1994,6484.67868453176,3976.771380919565,,,,1379.0,46.602
9206,3,1995,6485.67868453176,3977.771380919565,,,,1381.0,46.591
9207,3,1996,6486.67868453176,3978.771380919565,,,,1380.0,46.58
9208,3,1997,6487.67868453176,3979.771380919565,,,,1378.0,46.566
9209,3,1998,6488.67868453176,3980.771380919565,,,,1378.0,46.55
9210,3,1999,6489.67868453176,3981.771380919565,,,,1377.0,46.535
9211,3,2000,6490.67868453176,3982.771380919565,,,,1377.0,46.518
9212,3,2001,6491.67868453176,3983.771380919565,,,,1380.0,46.501
9213,3,2002,6492.67868453176,3984.771380919565,,,,1380.0,46.485
9214,3,2003,6493.67868453176,3985.771380919565,,,,1382.0,46.468
9215,3,2004,6494.67868453176,3986.771380919565,,,,1384.0,46.453
9216,3,2005,6495.67868453176,3987.771380919565,,,,1386.0,46.438
9217,3,2006,6496.67868453176,3988.771380919565,,,,1388.0,46.426
9218,3,2007,6497.67868453176,3989.771380919565,,,,1388.0,46.413
9219,3,2008,6498.67868453176,3990.771380919565,,,,1389.0,46.402
9220,3,2009,6499.67868453176,3991.771380919565,,,,1386.0,46.389
9221,3,2010,6500.67868453176,3992.771380919565,,,,1386.0,46.376
9222,3,2011,6501.67868453176,3993.771380919565,,,,1385.0,46.361
9223,3,2012,6502.67868453176,3994.771380919565,,,,1382.0,46.346
9224,3,2013,6503.67868453176,3995.771380919565,,,,1381.0,46.329
9225,3,2014,6504.67868453176,3996.771380919565,,,,1377.0,46.313
9226,3,2015,6505.67868453176,3997.771380919565,,,,1376.0,46.296
9227,3,2016,6506.67868453176,3998.771380919565,,,,1375.0,46.279
9228,3,2017,6507.67868453176,3999.771380919565,,,,1377.0,46.264
9229,3,2018,6508.67868453176,4000.771380919565,,,,1370.0,46.25
9230,3,2019,6509.67868453176,4001.771380919565,,,,1368.0,46.237
9231,3,2020,6510.67868453176,4002.771380919565,,,,1365.0,46.224
9232,3,2021,6511.67868453176,4003.771380919565,,,,1361.0,46.209
9233,3,2022,6512.67868453176,4004.771380919565,,,,1357.0,46.193
9234,3,2023,6513.67868453176,4005.771380919565,,,,1353.0,46.175
9235,3,2024,6514.67868453176,4006.771380919565,,,,1348.0,46.158
9236,3,2025,6515.67868453176,4007.771380919565,,,,1343.0,46.143
9237,3,2026,6516.67868453176,4008.771380919565,,,,1344.0,46.126
9238,3,2027,6517.67868453176,4009.771380919565,,,,1343.0,46.111
9239,3,2028,6518.67868453176,4010.771380919565,,,,1345.0,46.097
9240,3,2029,6519.67868453176,4011.771380919565,,,,1343.0,46.082
9241,3,2030,6520.67868453176,4012.771380919565,,,,1340.0,46.065
9242,3,2031,6521.67868453176,4013.771380919565,,,,1334.0,46.048
9243,3,2032,6522.67868453176,4014.771380919565,,,,1332.0,46.031
9244,3,2033,6523.67868453176,4015.771380919565,,,,1331.0,46.011
9245,3,2034,6524.67868453176,4016.771380919565,,,,1329.0,45.995
9246,3,2035,6525.67868453176,4017.771380919565,,,,1330.0,45.979
9247,3,2036,6526.67868453176,4018.771380919565,,,,1329.0,45.964
9248,3,2037,6527.67868453176,4019.771380919565,,,,1328.0,45.951
9249,3,2038,6528.67868453176,4020.771380919565,,,,1327.0,45.937
9250,3,2039,6529.67868453176,4021.771380919565,,,,1328.0,45.924
9251,3,2040,6530.67868453176,4022.771380919565,,,,1326.0,45.91
9252,3,2041,6531.67868453176,4023.771380919565,,,,1324.0,45.896
9253,3,2042,6532.67868453176,4024.771380919565,,,,1323.0,45.881
9254,3,2043,6533.67868453176,4025.771380919565,,,,1322.0,45.867
9255,3,2044,6534.67868453176,4026.771380919565,,,,1321.0,45.851
9256,3,2045,6535.67868453176,4027.771380919565,,,,1318.0,45.835
9257,3,2046,6536.67868453176,4028.771380919565,,,,1314.0,45.818
9258,3,2047,6537.67868453176,4029.771380919565,,,,1312.0,45.8
9259,3,2048,6538.67868453176,4030.771380919565,,,,1312.0,45.782
9260,3,2049,6539.67868453176,4031.771380919565,,,,1310.0,45.764
9261,3,2050,6540.67868453176,4032.771380919565,,,,1311.0,45.748
9262,3,2051,6541.67868453176,4033.771380919565,,,,1310.0,45.732
9263,3,2052,6542.67868453176,4034.771380919565,,,,1309.0,45.717
9264,3,2053,6543.67868453176,4035.771380919565,,,,1308.0,45.702
9265,3,2054,6544.67868453176,4036.771380919565,,,,1309.0,45.685
9266,3,2055,6545.67868453176,4037.771380919565,,,,1307.0,45.67
9267,3,2056,6546.67868453176,4038.771380919565,,,,1306.0,45.654
9268,3,2057,6547.67868453176,4039.771380919565,,,,1304.0,45.638
9269,3,2058,6548.67868453176,4040.771380919565,,,,1304.0,45.621
9270,3,2059,6549.67868453176,4041.771380919565,,,,1301.0,45.604
9271,3,2060,6550.67868453176,4042.771380919565,,,,1301.0,45.587
9272,3,2061,6551.67868453176,4043.771380919565,,,,1300.0,45.571
9273,3,2062,6552.67868453176,4044.771380919565,,,,1298.0,45.555
9274,3,2063,6553.67868453176,4045.771380919565,,,,1295.0,45.538
9275,3,2064,6554.67868453176,4046.771380919565,,,,1293.0,45.521
9276,3,2065,6555.67868453176,4047.771380919565,,,,1290.0,45.504
9277,3,2066,6556.67868453176,4048.771380919565,,,,1287.0,45.489
9278,3,2067,6557.67868453176,4049.771380919565,,,,1287.0,45.472
9279,3,2068,6558.67868453176,4050.771380919565,,,,1284.0,45.454
9280,3,2069,6559.67868453176,4051.771380919565,,,,1284.0,45.436
9281,3,2070,6560.67868453176,4052.771380919565,,,,1283.0,45.418
9282,3,2071,6561.67868453176,4053.771380919565,,,,1283.0,45.399
9283,3,2072,6562.67868453176,4054.771380919565,,,,1282.0,45.382
9284,3,2073,6563.67868453176,4055.771380919565,,,,1279.0,45.366
9285,3,2074,6564.67868453176,4056.771380919565,,,,1279.0,45.35
9286,3,2075,6565.67868453176,4057.771380919565,,,,1277.0,45.334
9287,3,2076,6566.67868453176,4058.771380919565,,,,1274.0,45.32
9288,3,2077,6567.67868453176,4059.771380919565,,,,1271.0,45.304
9289,3,2078,6568.67868453176,4060.771380919565,,,,1266.0,45.289
9290,3,2079,6569.67868453176,4061.771380919565,,,,1264.0,45.275
9291,3,2080,6570.67868453176,4062.771380919565,,,,1262.0,45.26
9292,3,2081,6571.67868453176,4063.771380919565,,,,1262.0,45.245
9293,3,2082,6572.67868453176,4064.771380919565,,,,1259.0,45.23
9294,3,2083,6573.67868453176,4065.771380919565,,,,1255.0,45.213
9295,3,2084,6574.67868453176,4066.771380919565,,,,1254.0,45.196
9296,3,2085,6575.67868453176,4067.771380919565,,,,1250.0,45.178
9297,3,2086,6576.67868453176,4068.771380919565,,,,1248.0,45.16
9298,3,2087,6577.67868453176,4069.771380919565,,,,1246.0,45.142
9299,3,2088,6578.67868453176,4070.771380919565,,,,1244.0,45.124
9300,3,2089,6579.67868453176,4071.771380919565,,,,1242.0,45.107
9301,3,2090,6580.67868453176,4072.771380919565,,,,1241.0,45.091
9302,3,2091,6581.67868453176,4073.771380919565,,,,1240.0,45.075
9303,3,2092,6582.67868453176,4074.771380919565,,,,1239.0,45.06
9304,3,2093,6583.67868453176,4075.771380919565,,,,1237.0,45.043
9305,3,2094,6584.67868453176,4076.771380919565,,,,1237.0,45.026
9306,3,2095,6585.67868453176,4077.771380919565,,,,1234.0,45.01
9307,3,2096,6586.67868453176,4078.771380919565,,,,1229.0,44.99
9308,3,2097,6587.67868453176,4079.771380919565,,,,1225.0,44.97
9309,3,2098,6588.67868453176,4080.771380919565,,,,1222.0,44.949
9310,3,2099,6589.67868453176,4081.771380919565,,,,1220.0,44.928
9311,3,2100,6590.67868453176,4082.771380919565,,,,1219.0,44.909
9312,3,2101,6591.67868453176,4083.771380919565,,,,1218.0,44.891
9313,3,2102,6592.67868453176,4084.771380919565,,,,1217.0,44.873
9314,3,2103,6593.67868453176,4085.771380919565,,,,1215.0,44.855
9315,3,2104,6594.67868453176,4086.771380919565,,,,1214.0,44.838
9316,3,2105,6595.67868453176,4087.771380919565,,,,1211.0,44.82
9317,3,2106,6596.67868453176,4088.771380919565,,,,1209.0,44.803
9318,3,2107,6597.67868453176,4089.771380919565,,,,1203.0,44.785
9319,3,2108,6598.67868453176,4090.771380919565,,,,1203.0,44.768
9320,3,2109,6599.67868453176,4091.771380919565,,,,1203.0,44.75
9321,3,2110,6600.67868453176,4092.771380919565,,,,1204.0,44.734
9322,3,2111,6601.67868453176,4093.771380919565,,,,1203.0,44.717
9323,3,2112,6602.67868453176,4094.771380919565,,,,1202.0,44.699
9324,3,2113,6603.67868453176,4095.771380919565,,,,1199.0,44.68
9325,3,2114,6604.67868453176,4096.771380919565,,,,1195.0,44.662
9326,3,2115,6605.67868453176,4097.771380919565,,,,1188.0,44.642
9327,3,2116,6606.67868453176,4098.771380919565,,,,1182.0,44.624
9328,3,2117,6607.67868453176,4099.771380919565,,,,1182.0,44.606
9329,3,2118,6608.67868453176,4100.771380919565,,,,1184.0,44.588
9330,3,2119,6609.67868453176,4101.771380919565,,,,1184.0,44.572
9331,3,2120,6610.67868453176,4102.771380919565,,,,1187.0,44.557
9332,3,2121,6611.67868453176,4103.771380919565,,,,1185.0,44.544
9333,3,2122,6612.67868453176,4104.771380919565,,,,1186.0,44.53
9334,3,2123,6613.67868453176,4105.771380919565,,,,1184.0,44.516
9335,3,2124,6614.67868453176,4106.771380919565,,,,1183.0,44.502
9336,3,2125,6615.67868453176,4107.771380919565,,,,1181.0,44.485
9337,3,2126,6616.67868453176,4108.771380919565,,,,1180.0,44.469
9338,3,2127,6617.67868453176,4109.771380919565,,,,1178.0,44.452
9339,3,2128,6618.67868453176,4110.771380919565,,,,1177.0,44.434
9340,3,2129,6619.67868453176,4111.771380919565,,,,1173.0,44.416
9341,3,2130,6620.67868453176,4112.771380919565,,,,1170.0,44.396
9342,3,2131,6621.67868453176,4113.771380919565,,,,1169.0,44.377
9343,3,2132,6622.67868453176,4114.771380919565,,,,1166.0,44.359
9344,3,2133,6623.67868453176,4115.771380919565,,,,1166.0,44.342
9345,3,2134,6624.67868453176,4116.771380919565,,,,1165.0,44.325
9346,3,2135,6625.67868453176,4117.771380919565,,,,1165.0,44.308
9347,3,2136,6626.67868453176,4118.771380919565,,,,1162.0,44.291
9348,3,2137,6627.67868453176,4119.771380919565,,,,1159.0,44.274
9349,3,2138,6628.67868453176,4120.771380919565,,,,1159.0,44.256
9350,3,2139,6629.67868453176,4121.771380919565,,,,1157.0,44.239
9351,3,2140,6630.67868453176,4122.771380919565,,,,1154.0,44.221
9352,3,2141,6631.67868453176,4123.771380919565,,,,1152.0,44.203
9353,3,2142,6632.67868453176,4124.771380919565,,,,1152.0,44.185
9354,3,2143,6633.67868453176,4125.771380919565,,,,1152.0,44.168
9355,3,2144,6634.67868453176,4126.771380919565,,,,1155.0,44.151
9356,3,2145,6635.67868453176,4127.771380919565,,,,1155.0,44.135
9357,3,2146,6636.67868453176,4128.771380919565,,,,1156.0,44.119
9358,3,2147,6637.67868453176,4129.771380919565,,,,1158.0,44.102
9359,3,2148,6638.67868453176,4130.771380919565,,,,1158.0,44.087
9360,3,2149,6639.67868453176,4131.771380919565,,,,1160.0,44.072
9361,3,2150,6640.67868453176,4132.771380919565,,,,1158.0,44.055
9362,3,2151,6641.67868453176,4133.771380919565,,,,1160.0,44.038
9363,3,2152,6642.67868453176,4134.771380919565,,,,1164.0,44.021
9364,3,2153,6643.67868453176,4135.771380919565,,,,1164.0,44.007
9365,3,2154,6644.67868453176,4136.771380919565,,,,1164.0,43.993
9366,3,2155,6645.67868453176,4137.771380919565,,,,1167.0,43.978
9367,3,2156,6646.67868453176,4138.771380919565,,,,1169.0,43.965
9368,3,2157,6647.67868453176,4139.771380919565,,,,1172.0,43.952
9369,3,2158,6648.67868453176,4140.771380919565,,,,1172.0,43.939
9370,3,2159,6649.67868453176,4141.771380919565,,,,1175.0,43.926
9371,3,2160,6650.67868453176,4142.771380919565,,,,1180.0,43.913
9372,3,2161,6651.67868453176,4143.771380919565,,,,1183.0,43.902
9373,3,2162,6652.67868453176,4144.771380919565,,,,1186.0,43.893
9374,3,2163,6653.67868453176,4145.771380919565,,,,1190.0,43.888
9375,3,2164,6654.67868453176,4146.771380919565,,,,1192.0,43.887
9398,3,2187,6677.67868453176,4169.771380919565,,,,1221.0,43.876
9399,3,2188,6678.67868453176,4170.771380919565,,,,1224.0,43.866
9400,3,2189,6679.67868453176,4171.771380919565,,,,1227.0,43.854
9401,3,2190,6680.67868453176,4172.771380919565,,,,1229.0,43.843
9402,3,2191,6681.67868453176,4173.771380919565,,,,1230.0,43.83
9403,3,2192,6682.67868453176,4174.771380919565,,,,1231.0,43.817
9404,3,2193,6683.67868453176,4175.771380919565,,,,1232.0,43.805
9405,3,2194,6684.67868453176,4176.771380919565,,,,1233.0,43.793
9406,3,2195,6685.67868453176,4177.771380919565,,,,1234.0,43.783
9407,3,2196,6686.67868453176,4178.771380919565,,,,1237.0,43.776
9408,3,2197,6687.67868453176,4179.771380919565,,,,1241.0,43.771
9409,3,2198,6688.67868453176,4180.771380919565,,,,1241.0,43.77
9488,3,2277,6767.67868453176,4259.771380919565,,,,1375.0,43.761
9489,3,2278,6768.67868453176,4260.771380919565,,,,1377.0,43.75
9490,3,2279,6769.67868453176,4261.771380919565,,,,1378.0,43.739
9491,3,2280,6770.67868453176,4262.771380919565,,,,1379.0,43.729
9492,3,2281,6771.67868453176,4263.771380919565,,,,1381.0,43.719
9493,3,2282,6772.67868453176,4264.771380919565,,,,1382.0,43.711
9494,3,2283,6773.67868453176,4265.771380919565,,,,1384.0,43.705
9495,3,2284,6774.67868453176,4266.771380919565,,,,1382.0,43.7
9496,3,2285,6775.67868453176,4267.771380919565,,,,1383.0,43.696
9497,3,2286,6776.67868453176,4268.771380919565,,,,1385.0,43.694
9535,3,2324,6814.67868453176,4306.771380919565,,,,1421.0,43.687
9536,3,2325,6815.67868453176,4307.771380919565,,,,1421.0,43.676
9537,3,2326,6816.67868453176,4308.771380919565,,,,1420.0,43.664
9538,3,2327,6817.67868453176,4309.771380919565,,,,1417.0,43.653
9539,3,2328,6818.67868453176,4310.771380919565,,,,1416.0,43.642
9540,3,2329,6819.67868453176,4311.771380919565,,,,1417.0,43.629
9541,3,2330,6820.67868453176,4312.771380919565,,,,1417.0,43.616
9542,3,2331,6821.67868453176,4313.771380919565,,,,1416.0,43.605
9543,3,2332,6822.67868453176,4314.771380919565,,,,1414.0,43.593
9544,3,2333,6823.67868453176,4315.771380919565,,,,1413.0,43.582
9545,3,2334,6824.67868453176,4316.771380919565,,,,1412.0,43.571
9546,3,2335,6825.67868453176,4317.771380919565,,,,1412.0,43.558
9547,3,2336,6826.67868453176,4318.771380919565,,,,1411.0,43.545
9548,3,2337,6827.67868453176,4319.771380919565,,,,1410.0,43.533
9549,3,2338,6828.67868453176,4320.771380919565,,,,1409.0,43.519
9550,3,2339,6829.67868453176,4321.771380919565,,,,1408.0,43.504
9551,3,2340,6830.67868453176,4322.771380919565,,,,1408.0,43.49
9552,3,2341,6831.67868453176,4323.771380919565,,,,1407.0,43.477
9553,3,2342,6832.67868453176,4324.771380919565,,,,1410.0,43.466
9554,3,2343,6833.67868453176,4325.771380919565,,,,1407.0,43.454
9555,3,2344,6834.67868453176,4326.771380919565,,,,1406.0,43.443
9556,3,2345,6835.67868453176,4327.771380919565,,,,1405.0,43.43
9557,3,2346,6836.67868453176,4328.771380919565,,,,1403.0,43.416
9558,3,2347,6837.67868453176,4329.771380919565,,,,1402.0,43.402
9559,3,2348,6838.67868453176,4330.771380919565,,,,1402.0,43.387
9560,3,2349,6839.67868453176,4331.771380919565,,,,1400.0,43.371
9561,3,2350,6840.67868453176,4332.771380919565,,,,1396.0,43.357
9562,3,2351,6841.67868453176,4333.771380919565,,,,1395.0,43.341
9563,3,2352,6842.67868453176,4334.771380919565,,,,1396.0,43.326
9564,3,2353,6843.67868453176,4335.771380919565,,,,1393.0,43.31
9565,3,2354,6844.67868453176,4336.771380919565,,,,1394.0,43.295
9566,3,2355,6845.67868453176,4337.771380919565,,,,1393.0,43.28
9567,3,2356,6846.67868453176,4338.771380919565,,,,1390.0,43.265
9568,3,2357,6847.67868453176,4339.771380919565,,,,1387.0,43.251
9569,3,2358,6848.67868453176,4340.771380919565,,,,1387.0,43.238
9570,3,2359,6849.67868453176,4341.771380919565,,,,1385.0,43.226
9571,3,2360,6850.67868453176,4342.771380919565,,,,1384.0,43.213
9572,3,2361,6851.67868453176,4343.771380919565,,,,1383.0,43.2
9573,3,2362,6852.67868453176,4344.771380919565,,,,1382.0,43.186
9574,3,2363,6853.67868453176,4345.771380919565,,,,1378.0,43.172
9575,3,2364,6854.67868453176,4346.771380919565,,,,1376.0,43.158
9576,3,2365,6855.67868453176,4347.771380919565,,,,1376.0,43.143
9577,3,2366,6856.67868453176,4348.771380919565,,,,1377.0,43.129
9578,3,2367,6857.67868453176,4349.771380919565,,,,1378.0,43.116
9579,3,2368,6858.67868453176,4350.771380919565,,,,1379.0,43.102
9580,3,2369,6859.67868453176,4351.771380919565,,,,1375.0,43.089
9581,3,2370,6860.67868453176,4352.771380919565,,,,1371.0,43.076
9582,3,2371,6861.67868453176,4353.771380919565,,,,1371.0,43.062
9583,3,2372,6862.67868453176,4354.771380919565,,,,1364.0,43.047
9584,3,2373,6863.67868453176,4355.771380919565,,,,1361.0,43.031
9585,3,2374,6864.67868453176,4356.771380919565,,,,1361.0,43.015
9586,3,2375,6865.67868453176,4357.771380919565,,,,1362.0,42.999
9587,3,2376,6866.67868453176,4358.771380919565,,,,1363.0,42.984
9588,3,2377,6867.67868453176,4359.771380919565,,,,1365.0,42.97
9589,3,2378,6868.67868453176,4360.771380919565,,,,1365.0,42.956
9590,3,2379,6869.67868453176,4361.771380919565,,,,1364.0,42.944
9591,3,2380,6870.67868453176,4362.771380919565,,,,1366.0,42.93
9592,3,2381,6871.67868453176,4363.771380919565,,,,1364.0,42.919
9593,3,2382,6872.67868453176,4364.771380919565,,,,1365.0,42.907
9594,3,2383,6873.67868453176,4365.771380919565,,,,1363.0,42.896
9595,3,2384,6874.67868453176,4366.771380919565,,,,1359.0,42.884
9596,3,2385,6875.67868453176,4367.771380919565,,,,1355.0,42.872
9597,3,2386,6876.67868453176,4368.771380919565,,,,1357.0,42.859
9598,3,2387,6877.67868453176,4369.771380919565,,,,1357.0,42.847
9599,3,2388,6878.67868453176,4370.771380919565,,,,1358.0,42.836
9600,3,2389,6879.67868453176,4371.771380919565,,,,1359.0,42.826
9601,3,2390,6880.67868453176,4372.771380919565,,,,1356.0,42.815
9602,3,2391,6881.67868453176,4373.771380919565,,,,1354.0,42.804
9603,3,2392,6882.67868453176,4374.771380919565,,,,1353.0,42.793
9604,3,2393,6883.67868453176,4375.771380919565,,,,1357.0,42.784
9605,3,2394,6884.67868453176,4376.771380919565,,,,1356.0,42.773
9606,3,2395,6885.67868453176,4377.771380919565,,,,1357.0,42.762
9607,3,2396,6886.67868453176,4378.771380919565,,,,1354.0,42.751
9608,3,2397,6887.67868453176,4379.771380919565,,,,1352.0,42.74
9609,3,2398,6888.67868453176,4380.771380919565,,,,1351.0,42.728
9610,3,2399,6889.67868453176,4381.771380919565,,,,1351.0,42.716
9611,3,2400,6890.67868453176,4382.771380919565,,,,1350.0,42.704
9612,3,2401,6891.67868453176,4383.771380919565,,,,1348.0,42.692
9613,3,2402,6892.67868453176,4384.771380919565,,,,1348.0,42.682
9614,3,2403,6893.67868453176,4385.771380919565,,,,1344.0,42.67
9615,3,2404,6894.67868453176,4386.771380919565,,,,1344.0,42.658
9616,3,2405,6895.67868453176,4387.771380919565,,,,1342.0,42.647
9617,3,2406,6896.67868453176,4388.771380919565,,,,1339.0,42.634
9618,3,2407,6897.67868453176,4389.771380919565,,,,1337.0,42.621
9619,3,2408,6898.67868453176,4390.771380919565,,,,1337.0,42.607
9620,3,2409,6899.67868453176,4391.771380919565,,,,1337.0,42.594
9621,3,2410,6900.67868453176,4392.771380919565,,,,1336.0,42.581
9622,3,2411,6901.67868453176,4393.771380919565,,,,1334.0,42.567
9623,3,2412,6902.67868453176,4394.771380919565,,,,1330.0,42.554
9624,3,2413,6903.67868453176,4395.771380919565,,,,1329.0,42.539
9625,3,2414,6904.67868453176,4396.771380919565,,,,1324.0,42.526
9626,3,2415,6905.67868453176,4397.771380919565,,,,1321.0,42.513
9627,3,2416,6906.67868453176,4398.771380919565,,,,1322.0,42.5
9628,3,2417,6907.67868453176,4399.771380919565,,,,1319.0,42.486
9629,3,2418,6908.67868453176,4400.771380919565,,,,1315.0,42.472
9630,3,2419,6909.67868453176,4401.771380919565,,,,1314.0,42.458
9631,3,2420,6910.67868453176,4402.771380919565,,,,1313.0,42.444
9632,3,2421,6911.67868453176,4403.771380919565,,,,1310.0,42.431
9633,3,2422,6912.67868453176,4404.771380919565,,,,1308.0,42.418
9634,3,2423,6913.67868453176,4405.771380919565,,,,1306.0,42.407
9635,3,2424,6914.67868453176,4406.771380919565,,,,1305.0,42.395
9636,3,2425,6915.67868453176,4407.771380919565,,,,1305.0,42.385
9637,3,2426,6916.67868453176,4408.771380919565,,,,1302.0,42.375
9638,3,2427,6917.67868453176,4409.771380919565,,,,1298.0,42.362
9639,3,2428,6918.67868453176,4410.771380919565,,,,1293.0,42.35
9640,3,2429,6919.67868453176,4411.771380919565,,,,1287.0,42.336
9641,3,2430,6920.67868453176,4412.771380919565,,,,1282.0,42.323
9642,3,2431,6921.67868453176,4413.771380919565,,,,1279.0,42.309
9643,3,2432,6922.67868453176,4414.771380919565,,,,1278.0,42.297
9644,3,2433,6923.67868453176,4415.771380919565,,,,1277.0,42.285
9645,3,2434,6924.67868453176,4416.771380919565,,,,1276.0,42.275
9646,3,2435,6925.67868453176,4417.771380919565,,,,1275.0,42.266
9647,3,2436,6926.67868453176,4418.771380919565,,,,1273.0,42.257
9648,3,2437,6927.67868453176,4419.771380919565,,,,1271.0,42.249
9649,3,2438,6928.67868453176,4420.771380919565,,,,1266.0,42.239
9650,3,2439,6929.67868453176,4421.771380919565,,,,1261.0,42.228
9651,3,2440,6930.67868453176,4422.771380919565,,,,1252.0,42.215
9652,3,2441,6931.67868453176,4423.771380919565,,,,1248.0,42.199
9653,3,2442,6932.67868453176,4424.771380919565,,,,1246.0,42.181
9654,3,2443,6933.67868453176,4425.771380919565,,,,1245.0,42.162
9655,3,2444,6934.67868453176,4426.771380919565,,,,1243.0,42.145
9656,3,2445,6935.67868453176,4427.771380919565,,,,1240.0,42.13
9657,3,2446,6936.67868453176,4428.771380919565,,,,1241.0,42.117
9658,3,2447,6937.67868453176,4429.771380919565,,,,1239.0,42.104
9659,3,2448,6938.67868453176,4430.771380919565,,,,1238.0,42.092
9660,3,2449,6939.67868453176,4431.771380919565,,,,1235.0,42.079
9661,3,2450,6940.67868453176,4432.771380919565,,,,1233.0,42.067
9662,3,2451,6941.67868453176,4433.771380919565,,,,1231.0,42.053
9663,3,2452,6942.67868453176,4434.771380919565,,,,1225.0,42.041
9664,3,2453,6943.67868453176,4435.771380919565,,,,1223.0,42.028
9665,3,2454,6944.67868453176,4436.771380919565,,,,1221.0,42.016
9666,3,2455,6945.67868453176,4437.771380919565,,,,1216.0,42.004
9667,3,2456,6946.67868453176,4438.771380919565,,,,1214.0,41.994
9668,3,2457,6947.67868453176,4439.771380919565,,,,1215.0,41.984
9669,3,2458,6948.67868453176,4440.771380919565,,,,1215.0,41.975
9670,3,2459,6949.67868453176,4441.771380919565,,,,1215.0,41.967
9671,3,2460,6950.67868453176,4442.771380919565,,,,1214.0,41.958
9672,3,2461,6951.67868453176,4443.771380919565,,,,1212.0,41.952
9673,3,2462,6952.67868453176,4444.771380919565,,,,1209.0,41.944
9674,3,2463,6953.67868453176,4445.771380919565,,,,1206.0,41.937
9675,3,2464,6954.67868453176,4446.771380919565,,,,1204.0,41.928
9676,3,2465,6955.67868453176,4447.771380919565,,,,1200.0,41.918
9677,3,2466,6956.67868453176,4448.771380919565,,,,1196.0,41.906
9678,3,2467,6957.67868453176,4449.771380919565,,,,1194.0,41.894
9679,3,2468,6958.67868453176,4450.771380919565,,,,1191.0,41.881
9680,3,2469,6959.67868453176,4451.771380919565,,,,1189.0,41.869
9681,3,2470,6960.67868453176,4452.771380919565,,,,1186.0,41.855
9682,3,2471,6961.67868453176,4453.771380919565,,,,1184.0,41.843
9683,3,2472,6962.67868453176,4454.771380919565,,,,1183.0,41.831
9684,3,2473,6963.67868453176,4455.771380919565,,,,1179.0,41.819
9685,3,2474,6964.67868453176,4456.771380919565,,,,1178.0,41.807
9686,3,2475,6965.67868453176,4457.771380919565,,,,1176.0,41.796
9687,3,2476,6966.67868453176,4458.771380919565,,,,1174.0,41.783
9688,3,2477,6967.67868453176,4459.771380919565,,,,1174.0,41.771
9689,3,2478,6968.67868453176,4460.771380919565,,,,1171.0,41.759
9690,3,2479,6969.67868453176,4461.771380919565,,,,1167.0,41.745
9691,3,2480,6970.67868453176,4462.771380919565,,,,1164.0,41.73
9692,3,2481,6971.67868453176,4463.771380919565,,,,1165.0,41.717
9693,3,2482,6972.67868453176,4464.771380919565,,,,1166.0,41.703
9694,3,2483,6973.67868453176,4465.771380919565,,,,1168.0,41.691
9695,3,2484,6974.67868453176,4466.771380919565,,,,1169.0,41.679
9696,3,2485,6975.67868453176,4467.771380919565,,,,1167.0,41.668
9697,3,2486,6976.67868453176,4468.771380919565,,,,1170.0,41.658
9698,3,2487,6977.67868453176,4469.771380919565,,,,1172.0,41.649
9699,3,2488,6978.67868453176,4470.771380919565,,,,1172.0,41.639
9700,3,2489,6979.67868453176,4471.771380919565,,,,1168.0,41.63
9701,3,2490,6980.67868453176,4472.771380919565,,,,1166.0,41.619
9702,3,2491,6981.67868453176,4473.771380919565,,,,1164.0,41.606
9703,3,2492,6982.67868453176,4474.771380919565,,,,1161.0,41.594
9704,3,2493,6983.67868453176,4475.771380919565,,,,1159.0,41.581
9705,3,2494,6984.67868453176,4476.771380919565,,,,1158.0,41.57
9706,3,2495,6985.67868453176,4477.771380919565,,,,1157.0,41.555
9707,3,2496,6986.67868453176,4478.771380919565,,,,1156.0,41.54
9708,3,2497,6987.67868453176,4479.771380919565,,,,1154.0,41.524
9709,3,2498,6988.67868453176,4480.771380919565,,,,1152.0,41.508
9710,3,2499,6989.67868453176,4481.771380919565,,,,1149.0,41.492
9711,3,2500,6990.67868453176,4482.771380919565,,,,1145.0,41.476
9712,3,2501,6991.67868453176,4483.771380919565,,,,1145.0,41.461
9713,3,2502,6992.67868453176,4484.771380919565,,,,1144.0,41.446
9714,3,2503,6993.67868453176,4485.771380919565,,,,1144.0,41.434
9715,3,2504,6994.67868453176,4486.771380919565,,,,1143.0,41.424
9716,3,2505,6995.67868453176,4487.771380919565,,,,1140.0,41.414
9717,3,2506,6996.67868453176,4488.771380919565,,,,1140.0,41.405
9718,3,2507,6997.67868453176,4489.771380919565,,,,1141.0,41.398
9719,3,2508,6998.67868453176,4490.771380919565,,,,1142.0,41.392
9720,3,2509,6999.67868453176,4491.771380919565,,,,1140.0,41.386
9721,3,2510,7000.67868453176,4492.771380919565,,,,1139.0,41.382
9722,3,2511,7001.67868453176,4493.771380919565,,,,1136.0,41.377
9723,3,2512,7002.67868453176,4494.771380919565,,,,1134.0,41.373
9724,3,2513,7003.67868453176,4495.771380919565,,,,1135.0,41.369
9725,3,2514,7004.67868453176,4496.771380919565,,,,1136.0,41.363
9726,3,2515,7005.67868453176,4497.771380919565,,,,1135.0,41.358
9727,3,2516,7006.67868453176,4498.771380919565,,,,1136.0,41.352
9728,3,2517,7007.67868453176,4499.771380919565,,,,1134.0,41.345
9729,3,2518,7008.67868453176,4500.771380919565,,,,1133.0,41.338
9730,3,2519,7009.67868453176,4501.771380919565,,,,1134.0,41.331
9731,3,2520,7010.67868453176,4502.771380919565,,,,1132.0,41.323
9732,3,2521,7011.67868453176,4503.771380919565,,,,1133.0,41.317
9733,3,2522,7012.67868453176,4504.771380919565,,,,1133.0,41.314
9734,3,2523,7013.67868453176,4505.771380919565,,,,1133.0,41.308
9735,3,2524,7014.67868453176,4506.771380919565,,,,1134.0,41.303
9736,3,2525,7015.67868453176,4507.771380919565,,,,1137.0,41.299
9737,3,2526,7016.67868453176,4508.771380919565,,,,1137.0,41.294
9738,3,2527,7017.67868453176,4509.771380919565,,,,1138.0,41.289
9739,3,2528,7018.67868453176,4510.771380919565,,,,1140.0,41.284
9740,3,2529,7019.67868453176,4511.771380919565,,,,1138.0,41.279
9741,3,2530,7020.67868453176,4512.771380919565,,,,1138.0,41.274
9742,3,2531,7021.67868453176,4513.771380919565,,,,1135.0,41.269
9743,3,2532,7022.67868453176,4514.771380919565,,,,1136.0,41.264
9744,3,2533,7023.67868453176,4515.771380919565,,,,1136.0,41.259
9745,3,2534,7024.67868453176,4516.771380919565,,,,1134.0,41.255
9746,3,2535,7025.67868453176,4517.771380919565,,,,1132.0,41.25
9747,3,2536,7026.67868453176,4518.771380919565,,,,1133.0,41.244
9748,3,2537,7027.67868453176,4519.771380919565,,,,1133.0,41.239
9749,3,2538,7028.67868453176,4520.771380919565,,,,1131.0,41.235
9750,3,2539,7029.67868453176,4521.771380919565,,,,1130.0,41.23
9751,3,2540,7030.67868453176,4522.771380919565,,,,1131.0,41.224
9752,3,2541,7031.67868453176,4523.771380919565,,,,1131.0,41.218
9753,3,2542,7032.67868453176,4524.771380919565,,,,1132.0,41.213
9754,3,2543,7033.67868453176,4525.771380919565,,,,1132.0,41.207
9755,3,2544,7034.67868453176,4526.771380919565,,,,1133.0,41.2
9756,3,2545,7035.67868453176,4527.771380919565,,,,1136.0,41.194
9757,3,2546,7036.67868453176,4528.771380919565,,,,1137.0,41.187
9758,3,2547,7037.67868453176,4529.771380919565,,,,1140.0,41.182
9759,3,2548,7038.67868453176,4530.771380919565,,,,1141.0,41.176
9760,3,2549,7039.67868453176,4531.771380919565,,,,1146.0,41.172
9787,3,2576,7066.67868453176,4558.771380919565,,,,1149.0,41.169
9788,3,2577,7067.67868453176,4559.771380919565,,,,1149.0,41.16
9789,3,2578,7068.67868453176,4560.771380919565,,,,1150.0,41.15
9790,3,2579,7069.67868453176,4561.771380919565,,,,1149.0,41.139
9791,3,2580,7070.67868453176,4562.771380919565,,,,1150.0,41.127
9792,3,2581,7071.67868453176,4563.771380919565,,,,1150.0,41.116
9793,3,2582,7072.67868453176,4564.771380919565,,,,1149.0,41.106
9794,3,2583,7073.67868453176,4565.771380919565,,,,1146.0,41.095
9795,3,2584,7074.67868453176,4566.771380919565,,,,1149.0,41.085
9796,3,2585,7075.67868453176,4567.771380919565,,,,1146.0,41.076
9797,3,2586,7076.67868453176,4568.771380919565,,,,1145.0,41.066
9798,3,2587,7077.67868453176,4569.771380919565,,,,1148.0,41.058
9799,3,2588,7078.67868453176,4570.771380919565,,,,1148.0,41.049
9800,3,2589,7079.67868453176,4571.771380919565,,,,1147.0,41.041
9801,3,2590,7080.67868453176,4572.771380919565,,,,1145.0,41.035
9802,3,2591,7081.67868453176,4573.771380919565,,,,1144.0,41.026
9803,3,2592,7082.67868453176,4574.771380919565,,,,1143.0,41.016
9804,3,2593,7083.67868453176,4575.771380919565,,,,1144.0,41.005
9805,3,2594,7084.67868453176,4576.771380919565,,,,1143.0,40.994
9806,3,2595,7085.67868453176,4577.771380919565,,,,1146.0,40.983
9807,3,2596,7086.67868453176,4578.771380919565,,,,1145.0,40.973
9808,3,2597,7087.67868453176,4579.771380919565,,,,1145.0,40.963
9809,3,2598,7088.67868453176,4580.771380919565,,,,1142.0,40.953
9810,3,2599,7089.67868453176,4581.771380919565,,,,1143.0,40.942
9811,3,2600,7090.67868453176,4582.771380919565,,,,1139.0,40.93
9812,3,2601,7091.67868453176,4583.771380919565,,,,1139.0,40.916
9813,3,2602,7092.67868453176,4584.771380919565,,,,1139.0,40.903
9814,3,2603,7093.67868453176,4585.771380919565,,,,1138.0,40.892
9815,3,2604,7094.67868453176,4586.771380919565,,,,1137.0,40.88
9816,3,2605,7095.67868453176,4587.771380919565,,,,1136.0,40.869
9817,3,2606,7096.67868453176,4588.771380919565,,,,1136.0,40.857
9818,3,2607,7097.67868453176,4589.771380919565,,,,1135.0,40.848
9819,3,2608,7098.67868453176,4590.771380919565,,,,1136.0,40.838
9820,3,2609,7099.67868453176,4591.771380919565,,,,1136.0,40.828
9821,3,2610,7100.67868453176,4592.771380919565,,,,1135.0,40.819
9822,3,2611,7101.67868453176,4593.771380919565,,,,1131.0,40.808
9823,3,2612,7102.67868453176,4594.771380919565,,,,1132.0,40.799
9824,3,2613,7103.67868453176,4595.771380919565,,,,1133.0,40.79
9825,3,2614,7104.67868453176,4596.771380919565,,,,1133.0,40.781
9826,3,2615,7105.67868453176,4597.771380919565,,,,1132.0,40.772
9827,3,2616,7106.67868453176,4598.771380919565,,,,1130.0,40.761
9828,3,2617,7107.67868453176,4599.771380919565,,,,1130.0,40.751
9829,3,2618,7108.67868453176,4600.771380919565,,,,1132.0,40.74
9830,3,2619,7109.67868453176,4601.771380919565,,,,1131.0,40.728
9831,3,2620,7110.67868453176,4602.771380919565,,,,1129.0,40.716
9832,3,2621,7111.67868453176,4603.771380919565,,,,1127.0,40.705
9833,3,2622,7112.67868453176,4604.771380919565,,,,1127.0,40.693
9834,3,2623,7113.67868453176,4605.771380919565,,,,1126.0,40.68
9835,3,2624,7114.67868453176,4606.771380919565,,,,1125.0,40.666
9836,3,2625,7115.67868453176,4607.771380919565,,,,1125.0,40.652
9837,3,2626,7116.67868453176,4608.771380919565,,,,1123.0,40.637
9838,3,2627,7117.67868453176,4609.771380919565,,,,1123.0,40.622
9839,3,2628,7118.67868453176,4610.771380919565,,,,1125.0,40.608
9840,3,2629,7119.67868453176,4611.771380919565,,,,1125.0,40.595
9841,3,2630,7120.67868453176,4612.771380919565,,,,1122.0,40.582
9842,3,2631,7121.67868453176,4613.771380919565,,,,1124.0,40.569
9843,3,2632,7122.67868453176,4614.771380919565,,,,1118.0,40.555
9844,3,2633,7123.67868453176,4615.771380919565,,,,1118.0,40.541
9845,3,2634,7124.67868453176,4616.771380919565,,,,1116.0,40.528
9846,3,2635,7125.67868453176,4617.771380919565,,,,1115.0,40.514
9847,3,2636,7126.67868453176,4618.771380919565,,,,1116.0,40.501
9848,3,2637,7127.67868453176,4619.771380919565,,,,1119.0,40.489
9849,3,2638,7128.67868453176,4620.771380919565,,,,1118.0,40.479
9850,3,2639,7129.67868453176,4621.771380919565,,,,1119.0,40.467
9851,3,2640,7130.67868453176,4622.771380919565,,,,1116.0,40.454
9852,3,2641,7131.67868453176,4623.771380919565,,,,1116.0,40.442
9853,3,2642,7132.67868453176,4624.771380919565,,,,1115.0,40.429
9854,3,2643,7133.67868453176,4625.771380919565,,,,1116.0,40.415
9855,3,2644,7134.67868453176,4626.771380919565,,,,1116.0,40.399
9856,3,2645,7135.67868453176,4627.771380919565,,,,1116.0,40.384
9857,3,2646,7136.67868453176,4628.771380919565,,,,1117.0,40.368
9858,3,2647,7137.67868453176,4629.771380919565,,,,1119.0,40.353
9859,3,2648,7138.67868453176,4630.771380919565,,,,1125.0,40.34
9860,3,2649,7139.67868453176,4631.771380919565,,,,1130.0,40.331
9861,3,2650,7140.67868453176,4632.771380919565,,,,1133.0,40.322
9862,3,2651,7141.67868453176,4633.771380919565,,,,1135.0,40.314
9863,3,2652,7142.67868453176,4634.771380919565,,,,1137.0,40.306
9864,3,2653,7143.67868453176,4635.771380919565,,,,1137.0,40.299
9865,3,2654,7144.67868453176,4636.771380919565,,,,1136.0,40.291
9866,3,2655,7145.67868453176,4637.771380919565,,,,1139.0,40.283
9867,3,2656,7146.67868453176,4638.771380919565,,,,1145.0,40.277
9868,3,2657,7147.67868453176,4639.771380919565,,,,1153.0,40.273
9869,3,2658,7148.67868453176,4640.771380919565,,,,1157.0,40.271
9890,3,2679,7169.67868453176,4661.771380919565,,,,1203.0,40.259
9891,3,2680,7170.67868453176,4662.771380919565,,,,1203.0,40.242
9892,3,2681,7171.67868453176,4663.771380919565,,,,1207.0,40.227
9893,3,2682,7172.67868453176,4664.771380919565,,,,1212.0,40.211
9894,3,2683,7173.67868453176,4665.771380919565,,,,1216.0,40.197
9895,3,2684,7174.67868453176,4666.771380919565,,,,1218.0,40.183
9896,3,2685,7175.67868453176,4667.771380919565,,,,1224.0,40.171
9897,3,2686,7176.67868453176,4668.771380919565,,,,1229.0,40.161
9898,3,2687,7177.67868453176,4669.771380919565,,,,1229.0,40.154
9899,3,2688,7178.67868453176,4670.771380919565,,,,1232.0,40.15
9900,3,2689,7179.67868453176,4671.771380919565,,,,1235.0,40.147
9916,3,2705,7195.67868453176,4687.771380919565,,,,1280.0,40.146
9917,3,2706,7196.67868453176,4688.771380919565,,,,1284.0,40.137
9918,3,2707,7197.67868453176,4689.771380919565,,,,1287.0,40.13
9919,3,2708,7198.67868453176,4690.771380919565,,,,1288.0,40.127
9920,3,2709,7199.67868453176,4691.771380919565,,,,1290.0,40.124
10010,3,2799,7289.67868453176,4781.771380919565,,,,1437.0,40.117
10011,3,2800,7290.67868453176,4782.771380919565,,,,1438.0,40.107
10012,3,2801,7291.67868453176,4783.771380919565,,,,1440.0,40.097
10013,3,2802,7292.67868453176,4784.771380919565,,,,1438.0,40.088
10014,3,2803,7293.67868453176,4785.771380919565,,,,1437.0,40.079
10015,3,2804,7294.67868453176,4786.771380919565,,,,1436.0,40.07
10016,3,2805,7295.67868453176,4787.771380919565,,,,1432.0,40.058
10017,3,2806,7296.67868453176,4788.771380919565,,,,1434.0,40.046
10018,3,2807,7297.67868453176,4789.771380919565,,,,1432.0,40.033
10019,3,2808,7298.67868453176,4790.771380919565,,,,1432.0,40.019
10020,3,2809,7299.67868453176,4791.771380919565,,,,1430.0,40.004
10021,3,2810,7300.67868453176,4792.771380919565,,,,1426.0,39.988
10022,3,2811,7301.67868453176,4793.771380919565,,,,1424.0,39.973
10023,3,2812,7302.67868453176,4794.771380919565,,,,1424.0,39.956
10024,3,2813,7303.67868453176,4795.771380919565,,,,1422.0,39.939
10025,3,2814,7304.67868453176,4796.771380919565,,,,1421.0,39.924
10026,3,2815,7305.67868453176,4797.771380919565,,,,1418.0,39.911
10027,3,2816,7306.67868453176,4798.771380919565,,,,1417.0,39.899
10028,3,2817,7307.67868453176,4799.771380919565,,,,1418.0,39.885
10029,3,2818,7308.67868453176,4800.771380919565,,,,1412.0,39.87
10030,3,2819,7309.67868453176,4801.771380919565,,,,1412.0,39.854
10031,3,2820,7310.67868453176,4802.771380919565,,,,1411.0,39.839
10032,3,2821,7311.67868453176,4803.771380919565,,,,1410.0,39.824
10033,3,2822,7312.67868453176,4804.771380919565,,,,1405.0,39.809
10034,3,2823,7313.67868453176,4805.771380919565,,,,1406.0,39.795
10035,3,2824,7314.67868453176,4806.771380919565,,,,1402.0,39.782
10036,3,2825,7315.67868453176,4807.771380919565,,,,1405.0,39.768
10037,3,2826,7316.67868453176,4808.771380919565,,,,1405.0,39.755
10038,3,2827,7317.67868453176,4809.771380919565,,,,1403.0,39.742
10039,3,2828,7318.67868453176,4810.771380919565,,,,1399.0,39.727
10040,3,2829,7319.67868453176,4811.771380919565,,,,1398.0,39.714
10041,3,2830,7320.67868453176,4812.771380919565,,,,1395.0,39.698
10042,3,2831,7321.67868453176,4813.771380919565,,,,1392.0,39.682
10043,3,2832,7322.67868453176,4814.771380919565,,,,1386.0,39.661
10044,3,2833,7323.67868453176,4815.771380919565,,,,1383.0,39.641
10045,3,2834,7324.67868453176,4816.771380919565,,,,1382.0,39.622
10046,3,2835,7325.67868453176,4817.771380919565,,,,1380.0,39.605
10047,3,2836,7326.67868453176,4818.771380919565,,,,1379.0,39.588
10048,3,2837,7327.67868453176,4819.771380919565,,,,1377.0,39.571
10049,3,2838,7328.67868453176,4820.771380919565,,,,1376.0,39.555
10050,3,2839,7329.67868453176,4821.771380919565,,,,1373.0,39.538
10051,3,2840,7330.67868453176,4822.771380919565,,,,1373.0,39.522
10052,3,2841,7331.67868453176,4823.771380919565,,,,1372.0,39.505
10053,3,2842,7332.67868453176,4824.771380919565,,,,1368.0,39.489
10054,3,2843,7333.67868453176,4825.771380919565,,,,1370.0,39.473
10055,3,2844,7334.67868453176,4826.771380919565,,,,1370.0,39.46
10056,3,2845,7335.67868453176,4827.771380919565,,,,1368.0,39.446
10057,3,2846,7336.67868453176,4828.771380919565,,,,1365.0,39.431
10058,3,2847,7337.67868453176,4829.771380919565,,,,1361.0,39.416
10059,3,2848,7338.67868453176,4830.771380919565,,,,1360.0,39.4
10060,3,2849,7339.67868453176,4831.771380919565,,,,1358.0,39.384
10061,3,2850,7340.67868453176,4832.771380919565,,,,1355.0,39.366
10062,3,2851,7341.67868453176,4833.771380919565,,,,1352.0,39.349
10063,3,2852,7342.67868453176,4834.771380919565,,,,1351.0,39.332
10064,3,2853,7343.67868453176,4835.771380919565,,,,1350.0,39.317
10065,3,2854,7344.67868453176,4836.771380919565,,,,1350.0,39.301
10066,3,2855,7345.67868453176,4837.771380919565,,,,1350.0,39.285
10067,3,2856,7346.67868453176,4838.771380919565,,,,1348.0,39.269
10068,3,2857,7347.67868453176,4839.771380919565,,,,1346.0,39.251
10069,3,2858,7348.67868453176,4840.771380919565,,,,1344.0,39.234
10070,3,2859,7349.67868453176,4841.771380919565,,,,1342.0,39.216
10071,3,2860,7350.67868453176,4842.771380919565,,,,1340.0,39.198
10072,3,2861,7351.67868453176,4843.771380919565,,,,1340.0,39.18
10073,3,2862,7352.67868453176,4844.771380919565,,,,1338.0,39.164
10074,3,2863,7353.67868453176,4845.771380919565,,,,1338.0,39.149
10075,3,2864,7354.67868453176,4846.771380919565,,,,1339.0,39.133
10076,3,2865,7355.67868453176,4847.771380919565,,,,1338.0,39.118
10077,3,2866,7356.67868453176,4848.771380919565,,,,1335.0,39.103
10078,3,2867,7357.67868453176,4849.771380919565,,,,1334.0,39.088
10079,3,2868,7358.67868453176,4850.771380919565,,,,1334.0,39.074
10080,3,2869,7359.67868453176,4851.771380919565,,,,1332.0,39.059
10081,3,2870,7360.67868453176,4852.771380919565,,,,1331.0,39.043
10082,3,2871,7361.67868453176,4853.771380919565,,,,1328.0,39.029
10083,3,2872,7362.67868453176,4854.771380919565,,,,1326.0,39.013
10084,3,2873,7363.67868453176,4855.771380919565,,,,1324.0,38.998
10085,3,2874,7364.67868453176,4856.771380919565,,,,1322.0,38.982
10086,3,2875,7365.67868453176,4857.771380919565,,,,1319.0,38.964
10087,3,2876,7366.67868453176,4858.771380919565,,,,1316.0,38.946
10088,3,2877,7367.67868453176,4859.771380919565,,,,1315.0,38.929
10089,3,2878,7368.67868453176,4860.771380919565,,,,1314.0,38.912
10090,3,2879,7369.67868453176,4861.771380919565,,,,1313.0,38.895
10091,3,2880,7370.67868453176,4862.771380919565,,,,1311.0,38.879
10092,3,2881,7371.67868453176,4863.771380919565,,,,1310.0,38.864
10093,3,2882,7372.67868453176,4864.771380919565,,,,1308.0,38.848
10094,3,2883,7373.67868453176,4865.771380919565,,,,1306.0,38.832
10095,3,2884,7374.67868453176,4866.771380919565,,,,1304.0,38.816
10096,3,2885,7375.67868453176,4867.771380919565,,,,1302.0,38.8
10097,3,2886,7376.67868453176,4868.771380919565,,,,1301.0,38.784
10098,3,2887,7377.67868453176,4869.771380919565,,,,1299.0,38.768
10099,3,2888,7378.67868453176,4870.771380919565,,,,1298.0,38.751
10100,3,2889,7379.67868453176,4871.771380919565,,,,1295.0,38.736
10101,3,2890,7380.67868453176,4872.771380919565,,,,1297.0,38.72
10102,3,2891,7381.67868453176,4873.771380919565,,,,1296.0,38.704
10103,3,2892,7382.67868453176,4874.771380919565,,,,1295.0,38.687
10104,3,2893,7383.67868453176,4875.771380919565,,,,1295.0,38.67
10105,3,2894,7384.67868453176,4876.771380919565,,,,1293.0,38.654
10106,3,2895,7385.67868453176,4877.771380919565,,,,1292.0,38.639
10107,3,2896,7386.67868453176,4878.771380919565,,,,1291.0,38.622
10108,3,2897,7387.67868453176,4879.771380919565,,,,1291.0,38.607
10109,3,2898,7388.67868453176,4880.771380919565,,,,1286.0,38.59
10110,3,2899,7389.67868453176,4881.771380919565,,,,1285.0,38.574
10111,3,2900,7390.67868453176,4882.771380919565,,,,1283.0,38.558
10112,3,2901,7391.67868453176,4883.771380919565,,,,1281.0,38.543
10113,3,2902,7392.67868453176,4884.771380919565,,,,1281.0,38.526
10114,3,2903,7393.67868453176,4885.771380919565,,,,1278.0,38.511
10115,3,2904,7394.67868453176,4886.771380919565,,,,1276.0,38.495
10116,3,2905,7395.67868453176,4887.771380919565,,,,1275.0,38.479
10117,3,2906,7396.67868453176,4888.771380919565,,,,1274.0,38.463
10118,3,2907,7397.67868453176,4889.771380919565,,,,1271.0,38.447
10119,3,2908,7398.67868453176,4890.771380919565,,,,1270.0,38.431
10120,3,2909,7399.67868453176,4891.771380919565,,,,1269.0,38.415
10121,3,2910,7400.67868453176,4892.771380919565,,,,1268.0,38.401
10122,3,2911,7401.67868453176,4893.771380919565,,,,1265.0,38.386
10123,3,2912,7402.67868453176,4894.771380919565,,,,1264.0,38.371
10124,3,2913,7403.67868453176,4895.771380919565,,,,1262.0,38.357
10125,3,2914,7404.67868453176,4896.771380919565,,,,1258.0,38.341
10126,3,2915,7405.67868453176,4897.771380919565,,,,1256.0,38.325
10127,3,2916,7406.67868453176,4898.771380919565,,,,1255.0,38.309
10128,3,2917,7407.67868453176,4899.771380919565,,,,1253.0,38.292
10129,3,2918,7408.67868453176,4900.771380919565,,,,1253.0,38.277
10130,3,2919,7409.67868453176,4901.771380919565,,,,1252.0,38.262
10131,3,2920,7410.67868453176,4902.771380919565,,,,1251.0,38.246
10132,3,2921,7411.67868453176,4903.771380919565,,,,1249.0,38.229
10133,3,2922,7412.67868453176,4904.771380919565,,,,1245.0,38.214
10134,3,2923,7413.67868453176,4905.771380919565,,,,1243.0,38.197
10135,3,2924,7414.67868453176,4906.771380919565,,,,1242.0,38.181
10136,3,2925,7415.67868453176,4907.771380919565,,,,1241.0,38.165
10137,3,2926,7416.67868453176,4908.771380919565,,,,1241.0,38.149
10138,3,2927,7417.67868453176,4909.771380919565,,,,1238.0,38.132
10139,3,2928,7418.67868453176,4910.771380919565,,,,1236.0,38.115
10140,3,2929,7419.67868453176,4911.771380919565,,,,1233.0,38.1
10141,3,2930,7420.67868453176,4912.771380919565,,,,1233.0,38.083
10142,3,2931,7421.67868453176,4913.771380919565,,,,1236.0,38.067
10143,3,2932,7422.67868453176,4914.771380919565,,,,1235.0,38.053
10144,3,2933,7423.67868453176,4915.771380919565,,,,1235.0,38.039
10145,3,2934,7424.67868453176,4916.771380919565,,,,1233.0,38.025
10146,3,2935,7425.67868453176,4917.771380919565,,,,1231.0,38.01
10147,3,2936,7426.67868453176,4918.771380919565,,,,1229.0,37.995
10148,3,2937,7427.67868453176,4919.771380919565,,,,1226.0,37.979
10149,3,2938,7428.67868453176,4920.771380919565,,,,1223.0,37.964
10150,3,2939,7429.67868453176,4921.771380919565,,,,1223.0,37.95
10151,3,2940,7430.67868453176,4922.771380919565,,,,1224.0,37.935
10152,3,2941,7431.67868453176,4923.771380919565,,,,1225.0,37.921
10153,3,2942,7432.67868453176,4924.771380919565,,,,1226.0,37.908
10154,3,2943,7433.67868453176,4925.771380919565,,,,1226.0,37.895
10155,3,2944,7434.67868453176,4926.771380919565,,,,1225.0,37.881
10156,3,2945,7435.67868453176,4927.771380919565,,,,1222.0,37.868
10157,3,2946,7436.67868453176,4928.771380919565,,,,1223.0,37.855
10158,3,2947,7437.67868453176,4929.771380919565,,,,1221.0,37.841
10159,3,2948,7438.67868453176,4930.771380919565,,,,1218.0,37.826
10160,3,2949,7439.67868453176,4931.771380919565,,,,1216.0,37.811
10161,3,2950,7440.67868453176,4932.771380919565,,,,1215.0,37.795
10162,3,2951,7441.67868453176,4933.771380919565,,,,1213.0,37.78
10163,3,2952,7442.67868453176,4934.771380919565,,,,1212.0,37.766
10164,3,2953,7443.67868453176,4935.771380919565,,,,1212.0,37.753
10165,3,2954,7444.67868453176,4936.771380919565,,,,1209.0,37.738
10166,3,2955,7445.67868453176,4937.771380919565,,,,1204.0,37.724
10167,3,2956,7446.67868453176,4938.771380919565,,,,1203.0,37.71
10168,3,2957,7447.67868453176,4939.771380919565,,,,1199.0,37.696
10169,3,2958,7448.67868453176,4940.771380919565,,,,1198.0,37.683
10170,3,2959,7449.67868453176,4941.771380919565,,,,1195.0,37.669
10171,3,2960,7450.67868453176,4942.771380919565,,,,1195.0,37.655
10172,3,2961,7451.67868453176,4943.771380919565,,,,1193.0,37.641
10173,3,2962,7452.67868453176,4944.771380919565,,,,1192.0,37.628
10174,3,2963,7453.67868453176,4945.771380919565,,,,1192.0,37.615
10175,3,2964,7454.67868453176,4946.771380919565,,,,1192.0,37.604
10176,3,2965,7455.67868453176,4947.771380919565,,,,1188.0,37.593
10177,3,2966,7456.67868453176,4948.771380919565,,,,1191.0,37.582
10178,3,2967,7457.67868453176,4949.771380919565,,,,1190.0,37.568
10179,3,2968,7458.67868453176,4950.771380919565,,,,1184.0,37.553
10180,3,2969,7459.67868453176,4951.771380919565,,,,1181.0,37.536
10181,3,2970,7460.67868453176,4952.771380919565,,,,1178.0,37.519
10182,3,2971,7461.67868453176,4953.771380919565,,,,1175.0,37.503
10183,3,2972,7462.67868453176,4954.771380919565,,,,1173.0,37.487
10184,3,2973,7463.67868453176,4955.771380919565,,,,1172.0,37.473
10185,3,2974,7464.67868453176,4956.771380919565,,,,1170.0,37.459
10186,3,2975,7465.67868453176,4957.771380919565,,,,1169.0,37.445
10187,3,2976,7466.67868453176,4958.771380919565,,,,1166.0,37.431
10188,3,2977,7467.67868453176,4959.771380919565,,,,1161.0,37.416
10189,3,2978,7468.67868453176,4960.771380919565,,,,1158.0,37.403
10190,3,2979,7469.67868453176,4961.771380919565,,,,1156.0,37.389
10191,3,2980,7470.67868453176,4962.771380919565,,,,1156.0,37.376
10192,3,2981,7471.67868453176,4963.771380919565,,,,1156.0,37.363
10193,3,2982,7472.67868453176,4964.771380919565,,,,1157.0,37.35
10194,3,2983,7473.67868453176,4965.771380919565,,,,1157.0,37.338
10195,3,2984,7474.67868453176,4966.771380919565,,,,1156.0,37.324
10196,3,2985,7475.67868453176,4967.771380919565,,,,1152.0,37.31
10197,3,2986,7476.67868453176,4968.771380919565,,,,1152.0,37.295
10198,3,2987,7477.67868453176,4969.771380919565,,,,1149.0,37.279
10199,3,2988,7478.67868453176,4970.771380919565,,,,1146.0,37.264
10200,3,2989,7479.67868453176,4971.771380919565,,,,1143.0,37.249
10201,3,2990,7480.67868453176,4972.771380919565,,,,1144.0,37.232
10202,3,2991,7481.67868453176,4973.771380919565,,,,1142.0,37.217
10203,3,2992,7482.67868453176,4974.771380919565,,,,1139.0,37.201
10204,3,2993,7483.67868453176,4975.771380919565,,,,1138.0,37.185
10205,3,2994,7484.67868453176,4976.771380919565,,,,1135.0,37.171
10206,3,2995,7485.67868453176,4977.771380919565,,,,1134.0,37.157
10207,3,2996,7486.67868453176,4978.771380919565,,,,1131.0,37.145
10208,3,2997,7487.67868453176,4979.771380919565,,,,1131.0,37.134
10209,3,2998,7488.67868453176,4980.771380919565,,,,1129.0,37.123
10210,3,2999,7489.67868453176,4981.771380919565,,,,1128.0,37.111
10211,3,3000,7490.67868453176,4982.771380919565,,,,1126.0,37.101
10212,3,3001,7491.67868453176,4983.771380919565,,,,1121.0,37.088
10213,3,3002,7492.67868453176,4984.771380919565,,,,1118.0,37.076
10214,3,3003,7493.67868453176,4985.771380919565,,,,1117.0,37.064
10215,3,3004,7494.67868453176,4986.771380919565,,,,1116.0,37.051
10216,3,3005,7495.67868453176,4987.771380919565,,,,1114.0,37.037
10217,3,3006,7496.67868453176,4988.771380919565,,,,1112.0,37.025
10218,3,3007,7497.67868453176,4989.771380919565,,,,1110.0,37.012
10219,3,3008,7498.67868453176,4990.771380919565,,,,1110.0,36.998
10220,3,3009,7499.67868453176,4991.771380919565,,,,1108.0,36.985
10221,3,3010,7500.67868453176,4992.771380919565,,,,1106.0,36.974
10222,3,3011,7501.67868453176,4993.771380919565,,,,1103.0,36.96
10223,3,3012,7502.67868453176,4994.771380919565,,,,1102.0,36.946
10224,3,3013,7503.67868453176,4995.771380919565,,,,1102.0,36.934
10225,3,3014,7504.67868453176,4996.771380919565,,,,1101.0,36.922
10226,3,3015,7505.67868453176,4997.771380919565,,,,1100.0,36.909
10227,3,3016,7506.67868453176,4998.771380919565,,,,1098.0,36.899
10228,3,3017,7507.67868453176,4999.771380919565,,,,1095.0,36.886
10229,3,3018,7508.67868453176,5000.771380919565,,,,1093.0,36.875
10230,3,3019,7509.67868453176,5001.771380919565,,,,1090.0,36.861
10231,3,3020,7510.67868453176,5002.771380919565,,,,1087.0,36.848
10232,3,3021,7511.67868453176,5003.771380919565,,,,1086.0,36.836
10233,3,3022,7512.67868453176,5004.771380919565,,,,1085.0,36.823
10234,3,3023,7513.67868453176,5005.771380919565,,,,1085.0,36.81
10235,3,3024,7514.67868453176,5006.771380919565,,,,1084.0,36.799
10236,3,3025,7515.67868453176,5007.771380919565,,,,1083.0,36.787
10237,3,3026,7516.67868453176,5008.771380919565,,,,1081.0,36.775
10238,3,3027,7517.67868453176,5009.771380919565,,,,1081.0,36.764
10239,3,3028,7518.67868453176,5010.771380919565,,,,1079.0,36.751
10240,3,3029,7519.67868453176,5011.771380919565,,,,1078.0,36.738
10241,3,3030,7520.67868453176,5012.771380919565,,,,1076.0,36.726
10242,3,3031,7521.67868453176,5013.771380919565,,,,1074.0,36.713
10243,3,3032,7522.67868453176,5014.771380919565,,,,1073.0,36.701
10244,3,3033,7523.67868453176,5015.771380919565,,,,1071.0,36.688
10245,3,3034,7524.67868453176,5016.771380919565,,,,1070.0,36.674
10246,3,3035,7525.67868453176,5017.771380919565,,,,1072.0,36.66
10247,3,3036,7526.67868453176,5018.771380919565,,,,1070.0,36.645
10248,3,3037,7527.67868453176,5019.771380919565,,,,1071.0,36.632
10249,3,3038,7528.67868453176,5020.771380919565,,,,1067.0,36.618
10250,3,3039,7529.67868453176,5021.771380919565,,,,1066.0,36.604
10251,3,3040,7530.67868453176,5022.771380919565,,,,1062.0,36.588
10252,3,3041,7531.67868453176,5023.771380919565,,,,1058.0,36.574
10253,3,3042,7532.67868453176,5024.771380919565,,,,1059.0,36.558
10254,3,3043,7533.67868453176,5025.771380919565,,,,1056.0,36.544
10255,3,3044,7534.67868453176,5026.771380919565,,,,1055.0,36.53
10256,3,3045,7535.67868453176,5027.771380919565,,,,1052.0,36.517
10257,3,3046,7536.67868453176,5028.771380919565,,,,1050.0,36.504
10258,3,3047,7537.67868453176,5029.771380919565,,,,1048.0,36.492
10259,3,3048,7538.67868453176,5030.771380919565,,,,1045.0,36.479
10260,3,3049,7539.67868453176,5031.771380919565,,,,1042.0,36.466
10261,3,3050,7540.67868453176,5032.771380919565,,,,1040.0,36.453
10262,3,3051,7541.67868453176,5033.771380919565,,,,1035.0,36.439
10263,3,3052,7542.67868453176,5034.771380919565,,,,1035.0,36.427
10264,3,3053,7543.67868453176,5035.771380919565,,,,1035.0,36.416
10265,3,3054,7544.67868453176,5036.771380919565,,,,1034.0,36.404
10266,3,3055,7545.67868453176,5037.771380919565,,,,1034.0,36.394
10267,3,3056,7546.67868453176,5038.771380919565,,,,1033.0,36.383
10268,3,3057,7547.67868453176,5039.771380919565,,,,1030.0,36.373
10269,3,3058,7548.67868453176,5040.771380919565,,,,1024.0,36.362
10270,3,3059,7549.67868453176,5041.771380919565,,,,1019.0,36.35
10271,3,3060,7550.67868453176,5042.771380919565,,,,1019.0,36.339
10272,3,3061,7551.67868453176,5043.771380919565,,,,1017.0,36.328
10273,3,3062,7552.67868453176,5044.771380919565,,,,1012.0,36.318
10274,3,3063,7553.67868453176,5045.771380919565,,,,1010.0,36.307
10275,3,3064,7554.67868453176,5046.771380919565,,,,1008.0,36.297
10276,3,3065,7555.67868453176,5047.771380919565,,,,1007.0,36.286
10277,3,3066,7556.67868453176,5048.771380919565,,,,1004.0,36.273
10278,3,3067,7557.67868453176,5049.771380919565,,,,1002.0,36.259
10279,3,3068,7558.67868453176,5050.771380919565,,,,1002.0,36.245
10280,3,3069,7559.67868453176,5051.771380919565,,,,1001.0,36.233
10281,3,3070,7560.67868453176,5052.771380919565,,,,999.0,36.221
10282,3,3071,7561.67868453176,5053.771380919565,,,,998.0,36.209
10283,3,3072,7562.67868453176,5054.771380919565,,,,994.0,36.197
10284,3,3073,7563.67868453176,5055.771380919565,,,,993.0,36.183
10285,3,3074,7564.67868453176,5056.771380919565,,,,990.0,36.169
10286,3,3075,7565.67868453176,5057.771380919565,,,,987.0,36.156
10287,3,3076,7566.67868453176,5058.771380919565,,,,986.0,36.141
10288,3,3077,7567.67868453176,5059.771380919565,,,,985.0,36.128
10289,3,3078,7568.67868453176,5060.771380919565,,,,985.0,36.115
10290,3,3079,7569.67868453176,5061.771380919565,,,,983.0,36.101
10291,3,3080,7570.67868453176,5062.771380919565,,,,982.0,36.088
10292,3,3081,7571.67868453176,5063.771380919565,,,,981.0,36.075
10293,3,3082,7572.67868453176,5064.771380919565,,,,979.0,36.063
10294,3,3083,7573.67868453176,5065.771380919565,,,,976.0,36.049
10295,3,3084,7574.67868453176,5066.771380919565,,,,973.0,36.034
10296,3,3085,7575.67868453176,5067.771380919565,,,,972.0,36.021
10297,3,3086,7576.67868453176,5068.771380919565,,,,971.0,36.005
10298,3,3087,7577.67868453176,5069.771380919565,,,,968.0,35.99
10299,3,3088,7578.67868453176,5070.771380919565,,,,967.0,35.973
10300,3,3089,7579.67868453176,5071.771380919565,,,,967.0,35.957
10301,3,3090,7580.67868453176,5072.771380919565,,,,967.0,35.944
10302,3,3091,7581.67868453176,5073.771380919565,,,,969.0,35.93
10303,3,3092,7582.67868453176,5074.771380919565,,,,967.0,35.917
10304,3,3093,7583.67868453176,5075.771380919565,,,,966.0,35.902
10305,3,3094,7584.67868453176,5076.771380919565,,,,964.0,35.889
10306,3,3095,7585.67868453176,5077.771380919565,,,,962.0,35.876
10307,3,3096,7586.67868453176,5078.771380919565,,,,958.0,35.862
10308,3,3097,7587.67868453176,5079.771380919565,,,,955.0,35.85
10309,3,3098,7588.67868453176,5080.771380919565,,,,953.0,35.839
10310,3,3099,7589.67868453176,5081.771380919565,,,,950.0,35.828
10311,3,3100,7590.67868453176,5082.771380919565,,,,947.0,35.819
10312,3,3101,7591.67868453176,5083.771380919565,,,,946.0,35.808
10313,3,3102,7592.67868453176,5084.771380919565,,,,945.0,35.798
10314,3,3103,7593.67868453176,5085.771380919565,,,,944.0,35.786
10315,3,3104,7594.67868453176,5086.771380919565,,,,943.0,35.776
10316,3,3105,7595.67868453176,5087.771380919565,,,,941.0,35.766
10317,3,3106,7596.67868453176,5088.771380919565,,,,937.0,35.757
10318,3,3107,7597.67868453176,5089.771380919565,,,,935.0,35.749
10319,3,3108,7598.67868453176,5090.771380919565,,,,933.0,35.741
10320,3,3109,7599.67868453176,5091.771380919565,,,,929.0,35.733
10321,3,3110,7600.67868453176,5092.771380919565,,,,926.0,35.723
10322,3,3111,7601.67868453176,5093.771380919565,,,,923.0,35.713
10323,3,3112,7602.67868453176,5094.771380919565,,,,920.0,35.702
10324,3,3113,7603.67868453176,5095.771380919565,,,,916.0,35.69
10325,3,3114,7604.67868453176,5096.771380919565,,,,912.0,35.678
10326,3,3115,7605.67868453176,5097.771380919565,,,,908.0,35.665
10327,3,3116,7606.67868453176,5098.771380919565,,,,905.0,35.652
10328,3,3117,7607.67868453176,5099.771380919565,,,,904.0,35.637
10329,3,3118,7608.67868453176,5100.771380919565,,,,903.0,35.624
10330,3,3119,7609.67868453176,5101.771380919565,,,,901.0,35.61
10331,3,3120,7610.67868453176,5102.771380919565,,,,900.0,35.596
10332,3,3121,7611.67868453176,5103.771380919565,,,,898.0,35.582
10333,3,3122,7612.67868453176,5104.771380919565,,,,896.0,35.57
10334,3,3123,7613.67868453176,5105.771380919565,,,,896.0,35.556
10335,3,3124,7614.67868453176,5106.771380919565,,,,896.0,35.544
10336,3,3125,7615.67868453176,5107.771380919565,,,,893.0,35.53
10337,3,3126,7616.67868453176,5108.771380919565,,,,891.0,35.516
10338,3,3127,7617.67868453176,5109.771380919565,,,,887.0,35.501
10339,3,3128,7618.67868453176,5110.771380919565,,,,885.0,35.487
10340,3,3129,7619.67868453176,5111.771380919565,,,,884.0,35.471
10341,3,3130,7620.67868453176,5112.771380919565,,,,884.0,35.457
10342,3,3131,7621.67868453176,5113.771380919565,,,,883.0,35.444
10343,3,3132,7622.67868453176,5114.771380919565,,,,882.0,35.43
10344,3,3133,7623.67868453176,5115.771380919565,,,,883.0,35.418
10345,3,3134,7624.67868453176,5116.771380919565,,,,884.0,35.404
10346,3,3135,7625.67868453176,5117.771380919565,,,,882.0,35.391
10347,3,3136,7626.67868453176,5118.771380919565,,,,882.0,35.379
10348,3,3137,7627.67868453176,5119.771380919565,,,,880.0,35.366
10349,3,3138,7628.67868453176,5120.771380919565,,,,876.0,35.353
10350,3,3139,7629.67868453176,5121.771380919565,,,,875.0,35.341
10351,3,3140,7630.67868453176,5122.771380919565,,,,874.0,35.328
10352,3,3141,7631.67868453176,5123.771380919565,,,,874.0,35.315
10353,3,3142,7632.67868453176,5124.771380919565,,,,872.0,35.304
10354,3,3143,7633.67868453176,5125.771380919565,,,,871.0,35.292
10355,3,3144,7634.67868453176,5126.771380919565,,,,870.0,35.28
10356,3,3145,7635.67868453176,5127.771380919565,,,,868.0,35.269
10357,3,3146,7636.67868453176,5128.771380919565,,,,868.0,35.257
10358,3,3147,7637.67868453176,5129.771380919565,,,,867.0,35.247
10359,3,3148,7638.67868453176,5130.771380919565,,,,863.0,35.235
10360,3,3149,7639.67868453176,5131.771380919565,,,,861.0,35.223
10361,3,3150,7640.67868453176,5132.771380919565,,,,861.0,35.209
10362,3,3151,7641.67868453176,5133.771380919565,,,,859.0,35.195
10363,3,3152,7642.67868453176,5134.771380919565,,,,858.0,35.182
10364,3,3153,7643.67868453176,5135.771380919565,,,,856.0,35.17
10365,3,3154,7644.67868453176,5136.771380919565,,,,857.0,35.157
10366,3,3155,7645.67868453176,5137.771380919565,,,,854.0,35.144
10367,3,3156,7646.67868453176,5138.771380919565,,,,852.0,35.132
10368,3,3157,7647.67868453176,5139.771380919565,,,,852.0,35.122
10369,3,3158,7648.67868453176,5140.771380919565,,,,852.0,35.111
10370,3,3159,7649.67868453176,5141.771380919565,,,,850.0,35.101
10371,3,3160,7650.67868453176,5142.771380919565,,,,850.0,35.093
10372,3,3161,7651.67868453176,5143.771380919565,,,,851.0,35.084
10373,3,3162,7652.67868453176,5144.771380919565,,,,849.0,35.077
10374,3,3163,7653.67868453176,5145.771380919565,,,,849.0,35.07
10375,3,3164,7654.67868453176,5146.771380919565,,,,850.0,35.064
10376,3,3165,7655.67868453176,5147.771380919565,,,,849.0,35.056
10377,3,3166,7656.67868453176,5148.771380919565,,,,849.0,35.049
10378,3,3167,7657.67868453176,5149.771380919565,,,,850.0,35.044
10379,3,3168,7658.67868453176,5150.771380919565,,,,848.0,35.036
10380,3,3169,7659.67868453176,5151.771380919565,,,,849.0,35.028
10381,3,3170,7660.67868453176,5152.771380919565,,,,846.0,35.02
10382,3,3171,7661.67868453176,5153.771380919565,,,,845.0,35.012
10383,3,3172,7662.67868453176,5154.771380919565,,,,843.0,35.003
10384,3,3173,7663.67868453176,5155.771380919565,,,,842.0,34.994
10385,3,3174,7664.67868453176,5156.771380919565,,,,841.0,34.983
10386,3,3175,7665.67868453176,5157.771380919565,,,,838.0,34.974
10387,3,3176,7666.67868453176,5158.771380919565,,,,836.0,34.963
10388,3,3177,7667.67868453176,5159.771380919565,,,,836.0,34.953
10389,3,3178,7668.67868453176,5160.771380919565,,,,834.0,34.943
10390,3,3179,7669.67868453176,5161.771380919565,,,,835.0,34.932
10391,3,3180,7670.67868453176,5162.771380919565,,,,835.0,34.922
10392,3,3181,7671.67868453176,5163.771380919565,,,,835.0,34.913
10393,3,3182,7672.67868453176,5164.771380919565,,,,836.0,34.904
10394,3,3183,7673.67868453176,5165.771380919565,,,,838.0,34.895
10395,3,3184,7674.67868453176,5166.771380919565,,,,839.0,34.886
10396,3,3185,7675.67868453176,5167.771380919565,,,,841.0,34.877
10397,3,3186,7676.67868453176,5168.771380919565,,,,841.0,34.868
10398,3,3187,7677.67868453176,5169.771380919565,,,,840.0,34.859
10399,3,3188,7678.67868453176,5170.771380919565,,,,841.0,34.85
10400,3,3189,7679.67868453176,5171.771380919565,,,,842.0,34.842
10401,3,3190,7680.67868453176,5172.771380919565,,,,846.0,34.834
10402,3,3191,7681.67868453176,5173.771380919565,,,,845.0,34.828
10403,3,3192,7682.67868453176,5174.771380919565,,,,847.0,34.822
10404,3,3193,7683.67868453176,5175.771380919565,,,,847.0,34.816
10405,3,3194,7684.67868453176,5176.771380919565,,,,846.0,34.811
10406,3,3195,7685.67868453176,5177.771380919565,,,,843.0,34.804
10407,3,3196,7686.67868453176,5178.771380919565,,,,844.0,34.799
10408,3,3197,7687.67868453176,5179.771380919565,,,,845.0,34.794
10409,3,3198,7688.67868453176,5180.771380919565,,,,846.0,34.788
10410,3,3199,7689.67868453176,5181.771380919565,,,,846.0,34.783
10411,3,3200,7690.67868453176,5182.771380919565,,,,846.0,34.777
10412,3,3201,7691.67868453176,5183.771380919565,,,,849.0,34.77
10413,3,3202,7692.67868453176,5184.771380919565,,,,850.0,34.763
10414,3,3203,7693.67868453176,5185.771380919565,,,,852.0,34.755
10415,3,3204,7694.67868453176,5186.771380919565,,,,853.0,34.745
10416,3,3205,7695.67868453176,5187.771380919565,,,,854.0,34.735
10417,3,3206,7696.67868453176,5188.771380919565,,,,854.0,34.724
10418,3,3207,7697.67868453176,5189.771380919565,,,,856.0,34.714
10419,3,3208,7698.67868453176,5190.771380919565,,,,858.0,34.704
10420,3,3209,7699.67868453176,5191.771380919565,,,,859.0,34.694
10421,3,3210,7700.67868453176,5192.771380919565,,,,860.0,34.685
10422,3,3211,7701.67868453176,5193.771380919565,,,,859.0,34.675
10423,3,3212,7702.67868453176,5194.771380919565,,,,861.0,34.664
10424,3,3213,7703.67868453176,5195.771380919565,,,,861.0,34.655
10425,3,3214,7704.67868453176,5196.771380919565,,,,863.0,34.646
10426,3,3215,7705.67868453176,5197.771380919565,,,,864.0,34.637
10427,3,3216,7706.67868453176,5198.771380919565,,,,864.0,34.627
10428,3,3217,7707.67868453176,5199.771380919565,,,,865.0,34.618
10429,3,3218,7708.67868453176,5200.771380919565,,,,867.0,34.607
10430,3,3219,7709.67868453176,5201.771380919565,,,,868.0,34.599
10431,3,3220,7710.67868453176,5202.771380919565,,,,873.0,34.59
10432,3,3221,7711.67868453176,5203.771380919565,,,,874.0,34.581
10433,3,3222,7712.67868453176,5204.771380919565,,,,875.0,34.572
10434,3,3223,7713.67868453176,5205.771380919565,,,,879.0,34.562
10435,3,3224,7714.67868453176,5206.771380919565,,,,880.0,34.554
10436,3,3225,7715.67868453176,5207.771380919565,,,,882.0,34.543
10437,3,3226,7716.67868453176,5208.771380919565,,,,880.0,34.531
10438,3,3227,7717.67868453176,5209.771380919565,,,,877.0,34.518
10439,3,3228,7718.67868453176,5210.771380919565,,,,883.0,34.505
10440,3,3229,7719.67868453176,5211.771380919565,,,,885.0,34.493
10441,3,3230,7720.67868453176,5212.771380919565,,,,886.0,34.481
10442,3,3231,7721.67868453176,5213.771380919565,,,,888.0,34.468
10443,3,3232,7722.67868453176,5214.771380919565,,,,885.0,34.457
10444,3,3233,7723.67868453176,5215.771380919565,,,,887.0,34.447
10445,3,3234,7724.67868453176,5216.771380919565,,,,884.0,34.438
10446,3,3235,7725.67868453176,5217.771380919565,,,,884.0,34.43
10447,3,3236,7726.67868453176,5218.771380919565,,,,888.0,34.423
10448,3,3237,7727.67868453176,5219.771380919565,,,,893.0,34.418
10449,3,3238,7728.67868453176,5220.771380919565,,,,895.0,34.412
10450,3,3239,7729.67868453176,5221.771380919565,,,,898.0,34.406
10451,3,3240,7730.67868453176,5222.771380919565,,,,900.0,34.399
10452,3,3241,7731.67868453176,5223.771380919565,,,,900.0,34.392
10453,3,3242,7732.67868453176,5224.771380919565,,,,901.0,34.385
10454,3,3243,7733.67868453176,5225.771380919565,,,,903.0,34.376
10455,3,3244,7734.67868453176,5226.771380919565,,,,907.0,34.368
10456,3,3245,7735.67868453176,5227.771380919565,,,,909.0,34.358
10457,3,3246,7736.67868453176,5228.771380919565,,,,913.0,34.35
10458,3,3247,7737.67868453176,5229.771380919565,,,,915.0,34.34
10459,3,3248,7738.67868453176,5230.771380919565,,,,916.0,34.331
10460,3,3249,7739.67868453176,5231.771380919565,,,,917.0,34.321
10461,3,3250,7740.67868453176,5232.771380919565,,,,916.0,34.311
10462,3,3251,7741.67868453176,5233.771380919565,,,,914.0,34.303
10463,3,3252,7742.67868453176,5234.771380919565,,,,917.0,34.3
10464,3,3253,7743.67868453176,5235.771380919565,,,,924.0,34.297
10465,3,3254,7744.67868453176,5236.771380919565,,,,927.0,34.292
10466,3,3255,7745.67868453176,5237.771380919565,,,,929.0,34.286
10467,3,3256,7746.67868453176,5238.771380919565,,,,931.0,34.276
10468,3,3257,7747.67868453176,5239.771380919565,,,,932.0,34.266
10469,3,3258,7748.67868453176,5240.771380919565,,,,930.0,34.256
10470,3,3259,7749.67868453176,5241.771380919565,,,,934.0,34.248
10471,3,3260,7750.67868453176,5242.771380919565,,,,936.0,34.24
10472,3,3261,7751.67868453176,5243.771380919565,,,,938.0,34.234
10473,3,3262,7752.67868453176,5244.771380919565,,,,938.0,34.228
10474,3,3263,7753.67868453176,5245.771380919565,,,,940.0,34.223
10475,3,3264,7754.67868453176,5246.771380919565,,,,942.0,34.218
10476,3,3265,7755.67868453176,5247.771380919565,,,,947.0,34.213
10477,3,3266,7756.67868453176,5248.771380919565,,,,955.0,34.208
10478,3,3267,7757.67868453176,5249.771380919565,,,,959.0,34.201
10479,3,3268,7758.67868453176,5250.771380919565,,,,962.0,34.196
10480,3,3269,7759.67868453176,5251.771380919565,,,,965.0,34.189
10481,3,3270,7760.67868453176,5252.771380919565,,,,968.0,34.183
10482,3,3271,7761.67868453176,5253.771380919565,,,,970.0,34.176
10483,3,3272,7762.67868453176,5254.771380919565,,,,972.0,34.168
10484,3,3273,7763.67868453176,5255.771380919565,,,,975.0,34.163
10485,3,3274,7764.67868453176,5256.771380919565,,,,982.0,34.157
10486,3,3275,7765.67868453176,5257.771380919565,,,,986.0,34.154
10512,3,3301,7791.67868453176,5283.771380919565,,,,1058.0,34.147
10513,3,3302,7792.67868453176,5284.771380919565,,,,1061.0,34.138
10514,3,3303,7793.67868453176,5285.771380919565,,,,1065.0,34.129
10515,3,3304,7794.67868453176,5286.771380919565,,,,1068.0,34.121
10516,3,3305,7795.67868453176,5287.771380919565,,,,1070.0,34.116
10641,3,3430,7920.67868453176,5412.771380919565,,,,1446.0,34.105
10642,3,3431,7921.67868453176,5413.771380919565,,,,1447.0,34.088
10643,3,3432,7922.67868453176,5414.771380919565,,,,1445.0,34.074
10644,3,3433,7923.67868453176,5415.771380919565,,,,1446.0,34.062
10645,3,3434,7924.67868453176,5416.771380919565,,,,1446.0,34.051
10646,3,3435,7925.67868453176,5417.771380919565,,,,1448.0,34.042
10647,3,3436,7926.67868453176,5418.771380919565,,,,1450.0,34.034
10648,3,3437,7927.67868453176,5419.771380919565,,,,1450.0,34.025
10649,3,3438,7928.67868453176,5420.771380919565,,,,1448.0,34.016
10650,3,3439,7929.67868453176,5421.771380919565,,,,1445.0,34.005
10651,3,3440,7930.67868453176,5422.771380919565,,,,1446.0,33.994
10652,3,3441,7931.67868453176,5423.771380919565,,,,1445.0,33.984
10653,3,3442,7932.67868453176,5424.771380919565,,,,1444.0,33.973
10654,3,3443,7933.67868453176,5425.771380919565,,,,1442.0,33.962
10655,3,3444,7934.67868453176,5426.771380919565,,,,1443.0,33.95
10656,3,3445,7935.67868453176,5427.771380919565,,,,1443.0,33.939
10657,3,3446,7936.67868453176,5428.771380919565,,,,1442.0,33.928
10658,3,3447,7937.67868453176,5429.771380919565,,,,1440.0,33.917
10659,3,3448,7938.67868453176,5430.771380919565,,,,1440.0,33.904
10660,3,3449,7939.67868453176,5431.771380919565,,,,1439.0,33.892
10661,3,3450,7940.67868453176,5432.771380919565,,,,1439.0,33.881
10662,3,3451,7941.67868453176,5433.771380919565,,,,1437.0,33.87
10663,3,3452,7942.67868453176,5434.771380919565,,,,1434.0,33.859
10664,3,3453,7943.67868453176,5435.771380919565,,,,1430.0,33.846
10665,3,3454,7944.67868453176,5436.771380919565,,,,1429.0,33.831
10666,3,3455,7945.67868453176,5437.771380919565,,,,1423.0,33.816
10667,3,3456,7946.67868453176,5438.771380919565,,,,1429.0,33.803
10668,3,3457,7947.67868453176,5439.771380919565,,,,1428.0,33.791
10669,3,3458,7948.67868453176,5440.771380919565,,,,1427.0,33.778
10670,3,3459,7949.67868453176,5441.771380919565,,,,1424.0,33.764
10671,3,3460,7950.67868453176,5442.771380919565,,,,1423.0,33.751
10672,3,3461,7951.67868453176,5443.771380919565,,,,1421.0,33.736
10673,3,3462,7952.67868453176,5444.771380919565,,,,1418.0,33.723
10674,3,3463,7953.67868453176,5445.771380919565,,,,1418.0,33.71
10675,3,3464,7954.67868453176,5446.771380919565,,,,1416.0,33.698
10676,3,3465,7955.67868453176,5447.771380919565,,,,1420.0,33.686
10677,3,3466,7956.67868453176,5448.771380919565,,,,1417.0,33.676
10678,3,3467,7957.67868453176,5449.771380919565,,,,1420.0,33.665
10679,3,3468,7958.67868453176,5450.771380919565,,,,1414.0,33.654
10680,3,3469,7959.67868453176,5451.771380919565,,,,1409.0,33.642
10681,3,3470,7960.67868453176,5452.771380919565,,,,1412.0,33.63
10682,3,3471,7961.67868453176,5453.771380919565,,,,1410.0,33.619
10683,3,3472,7962.67868453176,5454.771380919565,,,,1409.0,33.606
10684,3,3473,7963.67868453176,5455.771380919565,,,,1406.0,33.593
10685,3,3474,7964.67868453176,5456.771380919565,,,,1399.0,33.579
10686,3,3475,7965.67868453176,5457.771380919565,,,,1403.0,33.565
10687,3,3476,7966.67868453176,5458.771380919565,,,,1400.0,33.551
10688,3,3477,7967.67868453176,5459.771380919565,,,,1397.0,33.537
10689,3,3478,7968.67868453176,5460.771380919565,,,,1393.0,33.523
10690,3,3479,7969.67868453176,5461.771380919565,,,,1395.0,33.511
10691,3,3480,7970.67868453176,5462.771380919565,,,,1394.0,33.497
10692,3,3481,7971.67868453176,5463.771380919565,,,,1395.0,33.485
10693,3,3482,7972.67868453176,5464.771380919565,,,,1393.0,33.47
10694,3,3483,7973.67868453176,5465.771380919565,,,,1390.0,33.456
10695,3,3484,7974.67868453176,5466.771380919565,,,,1390.0,33.441
10696,3,3485,7975.67868453176,5467.771380919565,,,,1388.0,33.427
10697,3,3486,7976.67868453176,5468.771380919565,,,,1387.0,33.412
10698,3,3487,7977.67868453176,5469.771380919565,,,,1388.0,33.398
10699,3,3488,7978.67868453176,5470.771380919565,,,,1384.0,33.382
10700,3,3489,7979.67868453176,5471.771380919565,,,,1383.0,33.365
10701,3,3490,7980.67868453176,5472.771380919565,,,,1381.0,33.348
10702,3,3491,7981.67868453176,5473.771380919565,,,,1378.0,33.331
10703,3,3492,7982.67868453176,5474.771380919565,,,,1376.0,33.315
10704,3,3493,7983.67868453176,5475.771380919565,,,,1375.0,33.298
10705,3,3494,7984.67868453176,5476.771380919565,,,,1372.0,33.282
10706,3,3495,7985.67868453176,5477.771380919565,,,,1373.0,33.267
10707,3,3496,7986.67868453176,5478.771380919565,,,,1373.0,33.251
10708,3,3497,7987.67868453176,5479.771380919565,,,,1374.0,33.235
10709,3,3498,7988.67868453176,5480.771380919565,,,,1373.0,33.22
10710,3,3499,7989.67868453176,5481.771380919565,,,,1374.0,33.206
10711,3,3500,7990.67868453176,5482.771380919565,,,,1373.0,33.192
10712,3,3501,7991.67868453176,5483.771380919565,,,,1369.0,33.177
10713,3,3502,7992.67868453176,5484.771380919565,,,,1372.0,33.163
10714,3,3503,7993.67868453176,5485.771380919565,,,,1369.0,33.149
10715,3,3504,7994.67868453176,5486.771380919565,,,,1369.0,33.135
10716,3,3505,7995.67868453176,5487.771380919565,,,,1369.0,33.121
10717,3,3506,7996.67868453176,5488.771380919565,,,,1366.0,33.107
10718,3,3507,7997.67868453176,5489.771380919565,,,,1367.0,33.093
10719,3,3508,7998.67868453176,5490.771380919565,,,,1365.0,33.079
10720,3,3509,7999.67868453176,5491.771380919565,,,,1365.0,33.065
10721,3,3510,8000.67868453176,5492.771380919565,,,,1364.0,33.051
10722,3,3511,8001.67868453176,5493.771380919565,,,,1362.0,33.037
10723,3,3512,8002.67868453176,5494.771380919565,,,,1362.0,33.022
10724,3,3513,8003.67868453176,5495.771380919565,,,,1360.0,33.008
10725,3,3514,8004.67868453176,5496.771380919565,,,,1358.0,32.993
10726,3,3515,8005.67868453176,5497.771380919565,,,,1356.0,32.979
10727,3,3516,8006.67868453176,5498.771380919565,,,,1356.0,32.964
10728,3,3517,8007.67868453176,5499.771380919565,,,,1355.0,32.95
10729,3,3518,8008.67868453176,5500.771380919565,,,,1353.0,32.934
10730,3,3519,8009.67868453176,5501.771380919565,,,,1352.0,32.919
10731,3,3520,8010.67868453176,5502.771380919565,,,,1350.0,32.903
10732,3,3521,8011.67868453176,5503.771380919565,,,,1348.0,32.886
10733,3,3522,8012.67868453176,5504.771380919565,,,,1348.0,32.869
10734,3,3523,8013.67868453176,5505.771380919565,,,,1345.0,32.852
10735,3,3524,8014.67868453176,5506.771380919565,,,,1342.0,32.834
10736,3,3525,8015.67868453176,5507.771380919565,,,,1342.0,32.817
10737,3,3526,8016.67868453176,5508.771380919565,,,,1342.0,32.801
10738,3,3527,8017.67868453176,5509.771380919565,,,,1342.0,32.785
10739,3,3528,8018.67868453176,5510.771380919565,,,,1344.0,32.769
10740,3,3529,8019.67868453176,5511.771380919565,,,,1343.0,32.753
10741,3,3530,8020.67868453176,5512.771380919565,,,,1340.0,32.736
10742,3,3531,8021.67868453176,5513.771380919565,,,,1339.0,32.72
10743,3,3532,8022.67868453176,5514.771380919565,,,,1335.0,32.702
10744,3,3533,8023.67868453176,5515.771380919565,,,,1333.0,32.682
10745,3,3534,8024.67868453176,5516.771380919565,,,,1332.0,32.665
10746,3,3535,8025.67868453176,5517.771380919565,,,,1332.0,32.647
10747,3,3536,8026.67868453176,5518.771380919565,,,,1330.0,32.629
10748,3,3537,8027.67868453176,5519.771380919565,,,,1331.0,32.614
10749,3,3538,8028.67868453176,5520.771380919565,,,,1329.0,32.598
10750,3,3539,8029.67868453176,5521.771380919565,,,,1328.0,32.583
10751,3,3540,8030.67868453176,5522.771380919565,,,,1327.0,32.568
10752,3,3541,8031.67868453176,5523.771380919565,,,,1324.0,32.552
10753,3,3542,8032.67868453176,5524.771380919565,,,,1322.0,32.537
10754,3,3543,8033.67868453176,5525.771380919565,,,,1320.0,32.522
10755,3,3544,8034.67868453176,5526.771380919565,,,,1317.0,32.505
10756,3,3545,8035.67868453176,5527.771380919565,,,,1316.0,32.489
10757,3,3546,8036.67868453176,5528.771380919565,,,,1315.0,32.473
10758,3,3547,8037.67868453176,5529.771380919565,,,,1315.0,32.459
10759,3,3548,8038.67868453176,5530.771380919565,,,,1314.0,32.444
10760,3,3549,8039.67868453176,5531.771380919565,,,,1309.0,32.428
10761,3,3550,8040.67868453176,5532.771380919565,,,,1307.0,32.412
10762,3,3551,8041.67868453176,5533.771380919565,,,,1305.0,32.396
10763,3,3552,8042.67868453176,5534.771380919565,,,,1304.0,32.381
10764,3,3553,8043.67868453176,5535.771380919565,,,,1302.0,32.365
10765,3,3554,8044.67868453176,5536.771380919565,,,,1300.0,32.349
10766,3,3555,8045.67868453176,5537.771380919565,,,,1301.0,32.334
10767,3,3556,8046.67868453176,5538.771380919565,,,,1301.0,32.318
10768,3,3557,8047.67868453176,5539.771380919565,,,,1299.0,32.302
10769,3,3558,8048.67868453176,5540.771380919565,,,,1297.0,32.285
10770,3,3559,8049.67868453176,5541.771380919565,,,,1298.0,32.271
10771,3,3560,8050.67868453176,5542.771380919565,,,,1298.0,32.256
10772,3,3561,8051.67868453176,5543.771380919565,,,,1300.0,32.24
10773,3,3562,8052.67868453176,5544.771380919565,,,,1297.0,32.225
10774,3,3563,8053.67868453176,5545.771380919565,,,,1295.0,32.209
10775,3,3564,8054.67868453176,5546.771380919565,,,,1292.0,32.192
10776,3,3565,8055.67868453176,5547.771380919565,,,,1291.0,32.176
10777,3,3566,8056.67868453176,5548.771380919565,,,,1290.0,32.158
10778,3,3567,8057.67868453176,5549.771380919565,,,,1289.0,32.142
10779,3,3568,8058.67868453176,5550.771380919565,,,,1286.0,32.125
10780,3,3569,8059.67868453176,5551.771380919565,,,,1281.0,32.109
10781,3,3570,8060.67868453176,5552.771380919565,,,,1280.0,32.091
10782,3,3571,8061.67868453176,5553.771380919565,,,,1278.0,32.074
10783,3,3572,8062.67868453176,5554.771380919565,,,,1277.0,32.057
10784,3,3573,8063.67868453176,5555.771380919565,,,,1277.0,32.041
10785,3,3574,8064.67868453176,5556.771380919565,,,,1275.0,32.025
10786,3,3575,8065.67868453176,5557.771380919565,,,,1276.0,32.01
10787,3,3576,8066.67868453176,5558.771380919565,,,,1274.0,31.994
10788,3,3577,8067.67868453176,5559.771380919565,,,,1269.0,31.979
10789,3,3578,8068.67868453176,5560.771380919565,,,,1267.0,31.962
10790,3,3579,8069.67868453176,5561.771380919565,,,,1266.0,31.945
10791,3,3580,8070.67868453176,5562.771380919565,,,,1266.0,31.929
10792,3,3581,8071.67868453176,5563.771380919565,,,,1267.0,31.913
10793,3,3582,8072.67868453176,5564.771380919565,,,,1265.0,31.898
10794,3,3583,8073.67868453176,5565.771380919565,,,,1266.0,31.882
10795,3,3584,8074.67868453176,5566.771380919565,,,,1263.0,31.867
10796,3,3585,8075.67868453176,5567.771380919565,,,,1260.0,31.85
10797,3,3586,8076.67868453176,5568.771380919565,,,,1257.0,31.834
10798,3,3587,8077.67868453176,5569.771380919565,,,,1255.0,31.816
10799,3,3588,8078.67868453176,5570.771380919565,,,,1252.0,31.8
10800,3,3589,8079.67868453176,5571.771380919565,,,,1252.0,31.784
10801,3,3590,8080.67868453176,5572.771380919565,,,,1251.0,31.769
10802,3,3591,8081.67868453176,5573.771380919565,,,,1250.0,31.752
10803,3,3592,8082.67868453176,5574.771380919565,,,,1248.0,31.737
10804,3,3593,8083.67868453176,5575.771380919565,,,,1245.0,31.721
10805,3,3594,8084.67868453176,5576.771380919565,,,,1243.0,31.704
10806,3,3595,8085.67868453176,5577.771380919565,,,,1243.0,31.688
10807,3,3596,8086.67868453176,5578.771380919565,,,,1242.0,31.671
10808,3,3597,8087.67868453176,5579.771380919565,,,,1241.0,31.656
10809,3,3598,8088.67868453176,5580.771380919565,,,,1239.0,31.64
10810,3,3599,8089.67868453176,5581.771380919565,,,,1238.0,31.625
10811,3,3600,8090.67868453176,5582.771380919565,,,,1236.0,31.61
10812,3,3601,8091.67868453176,5583.771380919565,,,,1235.0,31.594
10813,3,3602,8092.67868453176,5584.771380919565,,,,1232.0,31.577
10814,3,3603,8093.67868453176,5585.771380919565,,,,1230.0,31.561
10815,3,3604,8094.67868453176,5586.771380919565,,,,1229.0,31.545
10816,3,3605,8095.67868453176,5587.771380919565,,,,1228.0,31.53
10817,3,3606,8096.67868453176,5588.771380919565,,,,1228.0,31.515
10818,3,3607,8097.67868453176,5589.771380919565,,,,1226.0,31.499
10819,3,3608,8098.67868453176,5590.771380919565,,,,1225.0,31.484
10820,3,3609,8099.67868453176,5591.771380919565,,,,1222.0,31.468
10821,3,3610,8100.67868453176,5592.771380919565,,,,1221.0,31.452
10822,3,3611,8101.67868453176,5593.771380919565,,,,1217.0,31.438
10823,3,3612,8102.67868453176,5594.771380919565,,,,1216.0,31.424
10824,3,3613,8103.67868453176,5595.771380919565,,,,1218.0,31.411
10825,3,3614,8104.67868453176,5596.771380919565,,,,1218.0,31.401
10826,3,3615,8105.67868453176,5597.771380919565,,,,1218.0,31.39
10827,3,3616,8106.67868453176,5598.771380919565,,,,1215.0,31.381
10828,3,3617,8107.67868453176,5599.771380919565,,,,1213.0,31.371
10829,3,3618,8108.67868453176,5600.771380919565,,,,1210.0,31.362
10830,3,3619,8109.67868453176,5601.771380919565,,,,1209.0,31.352
10831,3,3620,8110.67868453176,5602.771380919565,,,,1208.0,31.346
10832,3,3621,8111.67868453176,5603.771380919565,,,,1208.0,31.341
10833,3,3622,8112.67868453176,5604.771380919565,,,,1209.0,31.339
10834,4,1,8113.67868453176,5605.771380919565,,,,1205.0,31.26
10844,4,11,8123.67868453176,5615.771380919565,,,,1196.0,31.254
10845,4,12,8124.67868453176,5616.771380919565,,,,1192.0,31.238
10846,4,13,8125.67868453176,5617.771380919565,,,,1190.0,31.221
10847,4,14,8126.67868453176,5618.771380919565,,,,1189.0,31.204
10848,4,15,8127.67868453176,5619.771380919565,,,,1186.0,31.185
10849,4,16,8128.67868453176,5620.771380919565,,,,1185.0,31.168
10850,4,17,8129.67868453176,5621.771380919565,,,,1183.0,31.15
10851,4,18,8130.67868453176,5622.771380919565,,,,1183.0,31.133
10852,4,19,8131.67868453176,5623.771380919565,,,,1180.0,31.114
10853,4,20,8132.67868453176,5624.771380919565,,,,1181.0,31.096
10854,4,21,8133.67868453176,5625.771380919565,,,,1179.0,31.079
10855,4,22,8134.67868453176,5626.771380919565,,,,1177.0,31.061
10856,4,23,8135.67868453176,5627.771380919565,,,,1177.0,31.043
10857,4,24,8136.67868453176,5628.771380919565,,,,1176.0,31.025
10858,4,25,8137.67868453176,5629.771380919565,,,,1173.0,31.007
10859,4,26,8138.67868453176,5630.771380919565,,,,1173.0,30.989
10860,4,27,8139.67868453176,5631.771380919565,,,,1169.0,30.972
10861,4,28,8140.67868453176,5632.771380919565,,,,1168.0,30.954
10862,4,29,8141.67868453176,5633.771380919565,,,,1168.0,30.937
10863,4,30,8142.67868453176,5634.771380919565,,,,1167.0,30.92
10864,4,31,8143.67868453176,5635.771380919565,,,,1163.0,30.902
10865,4,32,8144.67868453176,5636.771380919565,,,,1163.0,30.883
10866,4,33,8145.67868453176,5637.771380919565,,,,1162.0,30.865
10867,4,34,8146.67868453176,5638.771380919565,,,,1160.0,30.846
10868,4,35,8147.67868453176,5639.771380919565,,,,1158.0,30.826
10869,4,36,8148.67868453176,5640.771380919565,,,,1154.0,30.806
10870,4,37,8149.67868453176,5641.771380919565,,,,1152.0,30.786
10871,4,38,8150.67868453176,5642.771380919565,,,,1150.0,30.766
10872,4,39,8151.67868453176,5643.771380919565,,,,1149.0,30.749
10873,4,40,8152.67868453176,5644.771380919565,,,,1146.0,30.731
10874,4,41,8153.67868453176,5645.771380919565,,,,1146.0,30.713
10875,4,42,8154.67868453176,5646.771380919565,,,,1143.0,30.695
10876,4,43,8155.67868453176,5647.771380919565,,,,1143.0,30.676
10877,4,44,8156.67868453176,5648.771380919565,,,,1139.0,30.657
10878,4,45,8157.67868453176,5649.771380919565,,,,1138.0,30.638
10879,4,46,8158.67868453176,5650.771380919565,,,,1135.0,30.619
10880,4,47,8159.67868453176,5651.771380919565,,,,1132.0,30.599
10881,4,48,8160.67868453176,5652.771380919565,,,,1131.0,30.58
10882,4,49,8161.67868453176,5653.771380919565,,,,1130.0,30.562
10883,4,50,8162.67868453176,5654.771380919565,,,,1129.0,30.543
10884,4,51,8163.67868453176,5655.771380919565,,,,1129.0,30.524
10885,4,52,8164.67868453176,5656.771380919565,,,,1129.0,30.505
10886,4,53,8165.67868453176,5657.771380919565,,,,1129.0,30.488
10887,4,54,8166.67868453176,5658.771380919565,,,,1130.0,30.468
10888,4,55,8167.67868453176,5659.771380919565,,,,1128.0,30.451
10889,4,56,8168.67868453176,5660.771380919565,,,,1128.0,30.433
10890,4,57,8169.67868453176,5661.771380919565,,,,1126.0,30.414
10891,4,58,8170.67868453176,5662.771380919565,,,,1127.0,30.396
10892,4,59,8171.67868453176,5663.771380919565,,,,1126.0,30.377
10893,4,60,8172.67868453176,5664.771380919565,,,,1124.0,30.359
10894,4,61,8173.67868453176,5665.771380919565,,,,1126.0,30.341
10895,4,62,8174.67868453176,5666.771380919565,,,,1125.0,30.321
10896,4,63,8175.67868453176,5667.771380919565,,,,1125.0,30.303
10897,4,64,8176.67868453176,5668.771380919565,,,,1124.0,30.286
10898,4,65,8177.67868453176,5669.771380919565,,,,1124.0,30.267
10899,4,66,8178.67868453176,5670.771380919565,,,,1122.0,30.249
10900,4,67,8179.67868453176,5671.771380919565,,,,1121.0,30.231
10901,4,68,8180.67868453176,5672.771380919565,,,,1120.0,30.212
10902,4,69,8181.67868453176,5673.771380919565,,,,1118.0,30.194
10903,4,70,8182.67868453176,5674.771380919565,,,,1119.0,30.177
10904,4,71,8183.67868453176,5675.771380919565,,,,1117.0,30.16
10905,4,72,8184.67868453176,5676.771380919565,,,,1115.0,30.142
10906,4,73,8185.67868453176,5677.771380919565,,,,1113.0,30.124
10907,4,74,8186.67868453176,5678.771380919565,,,,1111.0,30.105
10908,4,75,8187.67868453176,5679.771380919565,,,,1106.0,30.087
10909,4,76,8188.67868453176,5680.771380919565,,,,1106.0,30.067
10910,4,77,8189.67868453176,5681.771380919565,,,,1105.0,30.049
10911,4,78,8190.67868453176,5682.771380919565,,,,1104.0,30.031
10912,4,79,8191.67868453176,5683.771380919565,,,,1104.0,30.012
10913,4,80,8192.67868453176,5684.771380919565,,,,1104.0,29.994
10914,4,81,8193.67868453176,5685.771380919565,,,,1101.0,29.975
10915,4,82,8194.67868453176,5686.771380919565,,,,1100.0,29.956
10916,4,83,8195.67868453176,5687.771380919565,,,,1098.0,29.938
10917,4,84,8196.67868453176,5688.771380919565,,,,1097.0,29.92
10918,4,85,8197.67868453176,5689.771380919565,,,,1094.0,29.9
10919,4,86,8198.67868453176,5690.771380919565,,,,1092.0,29.88
10920,4,87,8199.67868453176,5691.771380919565,,,,1090.0,29.861
10921,4,88,8200.67868453176,5692.771380919565,,,,1087.0,29.842
10922,4,89,8201.67868453176,5693.771380919565,,,,1084.0,29.822
10923,4,90,8202.67868453176,5694.771380919565,,,,1082.0,29.802
10924,4,91,8203.67868453176,5695.771380919565,,,,1080.0,29.784
10925,4,92,8204.67868453176,5696.771380919565,,,,1081.0,29.765
10926,4,93,8205.67868453176,5697.771380919565,,,,1081.0,29.747
10927,4,94,8206.67868453176,5698.771380919565,,,,1081.0,29.729
10928,4,95,8207.67868453176,5699.771380919565,,,,1078.0,29.71
10929,4,96,8208.67868453176,5700.771380919565,,,,1076.0,29.692
10930,4,97,8209.67868453176,5701.771380919565,,,,1075.0,29.672
10931,4,98,8210.67868453176,5702.771380919565,,,,1074.0,29.653
10932,4,99,8211.67868453176,5703.771380919565,,,,1072.0,29.634
10933,4,100,8212.67868453176,5704.771380919565,,,,1069.0,29.616
10934,4,101,8213.67868453176,5705.771380919565,,,,1066.0,29.598
10935,4,102,8214.67868453176,5706.771380919565,,,,1066.0,29.581
10936,4,103,8215.67868453176,5707.771380919565,,,,1066.0,29.564
10937,4,104,8216.67868453176,5708.771380919565,,,,1066.0,29.547
10938,4,105,8217.67868453176,5709.771380919565,,,,1065.0,29.53
10939,4,106,8218.67868453176,5710.771380919565,,,,1064.0,29.514
10940,4,107,8219.67868453176,5711.771380919565,,,,1062.0,29.496
10941,4,108,8220.67868453176,5712.771380919565,,,,1060.0,29.479
10942,4,109,8221.67868453176,5713.771380919565,,,,1057.0,29.461
10943,4,110,8222.67868453176,5714.771380919565,,,,1053.0,29.444
10944,4,111,8223.67868453176,5715.771380919565,,,,1053.0,29.426
10945,4,112,8224.67868453176,5716.771380919565,,,,1049.0,29.407
10946,4,113,8225.67868453176,5717.771380919565,,,,1047.0,29.388
10947,4,114,8226.67868453176,5718.771380919565,,,,1045.0,29.369
10948,4,115,8227.67868453176,5719.771380919565,,,,1042.0,29.351
10949,4,116,8228.67868453176,5720.771380919565,,,,1040.0,29.333
10950,4,117,8229.67868453176,5721.771380919565,,,,1038.0,29.316
10951,4,118,8230.67868453176,5722.771380919565,,,,1035.0,29.3
10952,4,119,8231.67868453176,5723.771380919565,,,,1032.0,29.283
10953,4,120,8232.67868453176,5724.771380919565,,,,1029.0,29.267
10954,4,121,8233.67868453176,5725.771380919565,,,,1026.0,29.249
10955,4,122,8234.67868453176,5726.771380919565,,,,1025.0,29.232
10956,4,123,8235.67868453176,5727.771380919565,,,,1025.0,29.216
10957,4,124,8236.67868453176,5728.771380919565,,,,1024.0,29.2
10958,4,125,8237.67868453176,5729.771380919565,,,,1025.0,29.185
10959,4,126,8238.67868453176,5730.771380919565,,,,1023.0,29.171
10960,4,127,8239.67868453176,5731.771380919565,,,,1020.0,29.156
10961,4,128,8240.67868453176,5732.771380919565,,,,1019.0,29.141
10962,4,129,8241.67868453176,5733.771380919565,,,,1017.0,29.125
10963,4,130,8242.67868453176,5734.771380919565,,,,1016.0,29.109
10964,4,131,8243.67868453176,5735.771380919565,,,,1016.0,29.094
10965,4,132,8244.67868453176,5736.771380919565,,,,1016.0,29.078
10966,4,133,8245.67868453176,5737.771380919565,,,,1016.0,29.064
10967,4,134,8246.67868453176,5738.771380919565,,,,1016.0,29.049
10968,4,135,8247.67868453176,5739.771380919565,,,,1014.0,29.035
10969,4,136,8248.67868453176,5740.771380919565,,,,1015.0,29.02
10970,4,137,8249.67868453176,5741.771380919565,,,,1015.0,29.003
10971,4,138,8250.67868453176,5742.771380919565,,,,1017.0,28.988
10972,4,139,8251.67868453176,5743.771380919565,,,,1018.0,28.972
10973,4,140,8252.67868453176,5744.771380919565,,,,1021.0,28.956
10974,4,141,8253.67868453176,5745.771380919565,,,,1024.0,28.94
10975,4,142,8254.67868453176,5746.771380919565,,,,1026.0,28.926
10976,4,143,8255.67868453176,5747.771380919565,,,,1026.0,28.911
10977,4,144,8256.67868453176,5748.771380919565,,,,1028.0,28.898
10978,4,145,8257.67868453176,5749.771380919565,,,,1031.0,28.885
10979,4,146,8258.67868453176,5750.771380919565,,,,1030.0,28.873
10980,4,147,8259.67868453176,5751.771380919565,,,,1030.0,28.863
10981,4,148,8260.67868453176,5752.771380919565,,,,1030.0,28.856
10982,4,149,8261.67868453176,5753.771380919565,,,,1029.0,28.853
11003,4,170,8282.67868453176,5774.771380919565,,,,1068.0,28.851
11004,4,171,8283.67868453176,5775.771380919565,,,,1071.0,28.841
11005,4,172,8284.67868453176,5776.771380919565,,,,1071.0,28.832
11006,4,173,8285.67868453176,5777.771380919565,,,,1072.0,28.828
11007,4,174,8286.67868453176,5778.771380919565,,,,1071.0,28.825
11049,4,216,8328.67868453176,5820.771380919565,,,,1138.0,28.811
11050,4,217,8329.67868453176,5821.771380919565,,,,1141.0,28.795
11051,4,218,8330.67868453176,5822.771380919565,,,,1143.0,28.78
11052,4,219,8331.67868453176,5823.771380919565,,,,1144.0,28.767
11053,4,220,8332.67868453176,5824.771380919565,,,,1147.0,28.754
11054,4,221,8333.67868453176,5825.771380919565,,,,1148.0,28.744
11055,4,222,8334.67868453176,5826.771380919565,,,,1147.0,28.734
11056,4,223,8335.67868453176,5827.771380919565,,,,1145.0,28.727
11057,4,224,8336.67868453176,5828.771380919565,,,,1144.0,28.723
11094,4,261,8373.67868453176,5865.771380919565,,,,1163.0,28.715
11095,4,262,8374.67868453176,5866.771380919565,,,,1165.0,28.704
11096,4,263,8375.67868453176,5867.771380919565,,,,1164.0,28.69
11097,4,264,8376.67868453176,5868.771380919565,,,,1162.0,28.677
11098,4,265,8377.67868453176,5869.771380919565,,,,1165.0,28.664
11099,4,266,8378.67868453176,5870.771380919565,,,,1166.0,28.653
11100,4,267,8379.67868453176,5871.771380919565,,,,1166.0,28.642
11101,4,268,8380.67868453176,5872.771380919565,,,,1165.0,28.63
11102,4,269,8381.67868453176,5873.771380919565,,,,1162.0,28.617
11103,4,270,8382.67868453176,5874.771380919565,,,,1159.0,28.605
11104,4,271,8383.67868453176,5875.771380919565,,,,1160.0,28.596
11105,4,272,8384.67868453176,5876.771380919565,,,,1162.0,28.586
11106,4,273,8385.67868453176,5877.771380919565,,,,1161.0,28.577
11107,4,274,8386.67868453176,5878.771380919565,,,,1160.0,28.569
11108,4,275,8387.67868453176,5879.771380919565,,,,1156.0,28.559
11109,4,276,8388.67868453176,5880.771380919565,,,,1153.0,28.548
11110,4,277,8389.67868453176,5881.771380919565,,,,1155.0,28.537
11111,4,278,8390.67868453176,5882.771380919565,,,,1157.0,28.528
11112,4,279,8391.67868453176,5883.771380919565,,,,1156.0,28.517
11113,4,280,8392.67868453176,5884.771380919565,,,,1153.0,28.507
11114,4,281,8393.67868453176,5885.771380919565,,,,1154.0,28.496
11115,4,282,8394.67868453176,5886.771380919565,,,,1152.0,28.485
11116,4,283,8395.67868453176,5887.771380919565,,,,1153.0,28.474
11117,4,284,8396.67868453176,5888.771380919565,,,,1153.0,28.464
11118,4,285,8397.67868453176,5889.771380919565,,,,1151.0,28.455
11119,4,286,8398.67868453176,5890.771380919565,,,,1148.0,28.446
11120,4,287,8399.67868453176,5891.771380919565,,,,1144.0,28.436
11121,4,288,8400.67868453176,5892.771380919565,,,,1141.0,28.429
11122,4,289,8401.67868453176,5893.771380919565,,,,1142.0,28.42
11123,4,290,8402.67868453176,5894.771380919565,,,,1139.0,28.414
11124,4,291,8403.67868453176,5895.771380919565,,,,1138.0,28.407
11125,4,292,8404.67868453176,5896.771380919565,,,,1138.0,28.401
11126,4,293,8405.67868453176,5897.771380919565,,,,1137.0,28.395
11127,4,294,8406.67868453176,5898.771380919565,,,,1132.0,28.387
11128,4,295,8407.67868453176,5899.771380919565,,,,1128.0,28.38
11129,4,296,8408.67868453176,5900.771380919565,,,,1126.0,28.374
11130,4,297,8409.67868453176,5901.771380919565,,,,1124.0,28.369
11131,4,298,8410.67868453176,5902.771380919565,,,,1122.0,28.363
11132,4,299,8411.67868453176,5903.771380919565,,,,1123.0,28.359
11133,4,300,8412.67868453176,5904.771380919565,,,,1123.0,28.354
11134,4,301,8413.67868453176,5905.771380919565,,,,1123.0,28.35
11135,4,302,8414.67868453176,5906.771380919565,,,,1123.0,28.345
11136,4,303,8415.67868453176,5907.771380919565,,,,1121.0,28.34
11137,4,304,8416.67868453176,5908.771380919565,,,,1118.0,28.336
11138,4,305,8417.67868453176,5909.771380919565,,,,1115.0,28.33
11139,4,306,8418.67868453176,5910.771380919565,,,,1112.0,28.326
11140,4,307,8419.67868453176,5911.771380919565,,,,1107.0,28.32
11141,4,308,8420.67868453176,5912.771380919565,,,,1105.0,28.318
11142,4,309,8421.67868453176,5913.771380919565,,,,1103.0,28.316
11143,4,310,8422.67868453176,5914.771380919565,,,,1100.0,28.315
11149,4,316,8428.67868453176,5920.771380919565,,,,1097.0,28.31
11150,4,317,8429.67868453176,5921.771380919565,,,,1095.0,28.304
11151,4,318,8430.67868453176,5922.771380919565,,,,1093.0,28.297
11152,4,319,8431.67868453176,5923.771380919565,,,,1092.0,28.291
11153,4,320,8432.67868453176,5924.771380919565,,,,1091.0,28.284
11154,4,321,8433.67868453176,5925.771380919565,,,,1091.0,28.278
11155,4,322,8434.67868453176,5926.771380919565,,,,1089.0,28.272
11156,4,323,8435.67868453176,5927.771380919565,,,,1089.0,28.268
11157,4,324,8436.67868453176,5928.771380919565,,,,1089.0,28.265
11158,4,325,8437.67868453176,5929.771380919565,,,,1091.0,28.262
11159,4,326,8438.67868453176,5930.771380919565,,,,1090.0,28.259
11160,4,327,8439.67868453176,5931.771380919565,,,,1091.0,28.255
11161,4,328,8440.67868453176,5932.771380919565,,,,1093.0,28.252
11162,4,329,8441.67868453176,5933.771380919565,,,,1093.0,28.248
11163,4,330,8442.67868453176,5934.771380919565,,,,1092.0,28.245
11164,4,331,8443.67868453176,5935.771380919565,,,,1093.0,28.242
11165,4,332,8444.67868453176,5936.771380919565,,,,1098.0,28.235
11166,4,333,8445.67868453176,5937.771380919565,,,,1100.0,28.23
11167,4,334,8446.67868453176,5938.771380919565,,,,1101.0,28.221
11168,4,335,8447.67868453176,5939.771380919565,,,,1101.0,28.211
11169,4,336,8448.67868453176,5940.771380919565,,,,1103.0,28.198
11170,4,337,8449.67868453176,5941.771380919565,,,,1105.0,28.184
11171,4,338,8450.67868453176,5942.771380919565,,,,1107.0,28.168
11172,4,339,8451.67868453176,5943.771380919565,,,,1108.0,28.154
11173,4,340,8452.67868453176,5944.771380919565,,,,1109.0,28.14
11174,4,341,8453.67868453176,5945.771380919565,,,,1110.0,28.127
11175,4,342,8454.67868453176,5946.771380919565,,,,1112.0,28.113
11176,4,343,8455.67868453176,5947.771380919565,,,,1113.0,28.102
11177,4,344,8456.67868453176,5948.771380919565,,,,1116.0,28.09
11178,4,345,8457.67868453176,5949.771380919565,,,,1116.0,28.079
11179,4,346,8458.67868453176,5950.771380919565,,,,1118.0,28.068
11180,4,347,8459.67868453176,5951.771380919565,,,,1117.0,28.058
11181,4,348,8460.67868453176,5952.771380919565,,,,1117.0,28.049
11182,4,349,8461.67868453176,5953.771380919565,,,,1119.0,28.04
11183,4,350,8462.67868453176,5954.771380919565,,,,1120.0,28.029
11184,4,351,8463.67868453176,5955.771380919565,,,,1123.0,28.02
11185,4,352,8464.67868453176,5956.771380919565,,,,1123.0,28.009
11186,4,353,8465.67868453176,5957.771380919565,,,,1123.0,27.998
11187,4,354,8466.67868453176,5958.771380919565,,,,1125.0,27.987
11188,4,355,8467.67868453176,5959.771380919565,,,,1126.0,27.976
11189,4,356,8468.67868453176,5960.771380919565,,,,1129.0,27.965
11190,4,357,8469.67868453176,5961.771380919565,,,,1131.0,27.953
11191,4,358,8470.67868453176,5962.771380919565,,,,1133.0,27.94
11192,4,359,8471.67868453176,5963.771380919565,,,,1134.0,27.926
11193,4,360,8472.67868453176,5964.771380919565,,,,1137.0,27.91
11194,4,361,8473.67868453176,5965.771380919565,,,,1139.0,27.894
11195,4,362,8474.67868453176,5966.771380919565,,,,1138.0,27.877
11196,4,363,8475.67868453176,5967.771380919565,,,,1136.0,27.859
11197,4,364,8476.67868453176,5968.771380919565,,,,1135.0,27.84
11198,4,365,8477.67868453176,5969.771380919565,,,,1133.0,27.82
11199,4,366,8478.67868453176,5970.771380919565,,,,1133.0,27.801
11200,4,367,8479.67868453176,5971.771380919565,,,,1130.0,27.782
11201,4,368,8480.67868453176,5972.771380919565,,,,1130.0,27.762
11202,4,369,8481.67868453176,5973.771380919565,,,,1129.0,27.744
11203,4,370,8482.67868453176,5974.771380919565,,,,1124.0,27.726
11204,4,371,8483.67868453176,5975.771380919565,,,,1123.0,27.708
11205,4,372,8484.67868453176,5976.771380919565,,,,1123.0,27.689
11206,4,373,8485.67868453176,5977.771380919565,,,,1125.0,27.671
11207,4,374,8486.67868453176,5978.771380919565,,,,1127.0,27.653
11208,4,375,8487.67868453176,5979.771380919565,,,,1130.0,27.635
11209,4,376,8488.67868453176,5980.771380919565,,,,1134.0,27.617
11210,4,377,8489.67868453176,5981.771380919565,,,,1135.0,27.599
11211,4,378,8490.67868453176,5982.771380919565,,,,1138.0,27.581
11212,4,379,8491.67868453176,5983.771380919565,,,,1136.0,27.562
11213,4,380,8492.67868453176,5984.771380919565,,,,1137.0,27.541
11214,4,381,8493.67868453176,5985.771380919565,,,,1138.0,27.523
11215,4,382,8494.67868453176,5986.771380919565,,,,1137.0,27.504
11216,4,383,8495.67868453176,5987.771380919565,,,,1136.0,27.486
11217,4,384,8496.67868453176,5988.771380919565,,,,1137.0,27.468
11218,4,385,8497.67868453176,5989.771380919565,,,,1137.0,27.45
11219,4,386,8498.67868453176,5990.771380919565,,,,1137.0,27.432
11220,4,387,8499.67868453176,5991.771380919565,,,,1130.0,27.413
11221,4,388,8500.67868453176,5992.771380919565,,,,1126.0,27.393
11222,4,389,8501.67868453176,5993.771380919565,,,,1123.0,27.373
11223,4,390,8502.67868453176,5994.771380919565,,,,1121.0,27.355
11224,4,391,8503.67868453176,5995.771380919565,,,,1121.0,27.338
11225,4,392,8504.67868453176,5996.771380919565,,,,1122.0,27.322
11226,4,393,8505.67868453176,5997.771380919565,,,,1119.0,27.306
11227,4,394,8506.67868453176,5998.771380919565,,,,1121.0,27.29
11228,4,395,8507.67868453176,5999.771380919565,,,,1119.0,27.275
11229,4,396,8508.67868453176,6000.771380919565,,,,1118.0,27.259
11230,4,397,8509.67868453176,6001.771380919565,,,,1115.0,27.241
11231,4,398,8510.67868453176,6002.771380919565,,,,1113.0,27.224
11232,4,399,8511.67868453176,6003.771380919565,,,,1111.0,27.205
11233,4,400,8512.67868453176,6004.771380919565,,,,1110.0,27.187
11234,4,401,8513.67868453176,6005.771380919565,,,,1107.0,27.169
11235,4,402,8514.67868453176,6006.771380919565,,,,1106.0,27.149
11236,4,403,8515.67868453176,6007.771380919565,,,,1104.0,27.131
11237,4,404,8516.67868453176,6008.771380919565,,,,1104.0,27.112
11238,4,405,8517.67868453176,6009.771380919565,,,,1103.0,27.094
11239,4,406,8518.67868453176,6010.771380919565,,,,1100.0,27.076
11240,4,407,8519.67868453176,6011.771380919565,,,,1098.0,27.058
11241,4,408,8520.67868453176,6012.771380919565,,,,1095.0,27.039
11242,4,409,8521.67868453176,6013.771380919565,,,,1092.0,27.021
11243,4,410,8522.67868453176,6014.771380919565,,,,1094.0,27.001
11244,4,411,8523.67868453176,6015.771380919565,,,,1093.0,26.984
11245,4,412,8524.67868453176,6016.771380919565,,,,1087.0,26.967
11246,4,413,8525.67868453176,6017.771380919565,,,,1091.0,26.949
11247,4,414,8526.67868453176,6018.771380919565,,,,1088.0,26.932
11248,4,415,8527.67868453176,6019.771380919565,,,,1084.0,26.915
11249,4,416,8528.67868453176,6020.771380919565,,,,1084.0,26.897
11250,4,417,8529.67868453176,6021.771380919565,,,,1083.0,26.879
11251,4,418,8530.67868453176,6022.771380919565,,,,1080.0,26.859
11252,4,419,8531.67868453176,6023.771380919565,,,,1083.0,26.839
11253,4,420,8532.67868453176,6024.771380919565,,,,1084.0,26.82
11254,4,421,8533.67868453176,6025.771380919565,,,,1081.0,26.801
11255,4,422,8534.67868453176,6026.771380919565,,,,1077.0,26.782
11256,4,423,8535.67868453176,6027.771380919565,,,,1078.0,26.764
11257,4,424,8536.67868453176,6028.771380919565,,,,1079.0,26.747
11258,4,425,8537.67868453176,6029.771380919565,,,,1074.0,26.729
11259,4,426,8538.67868453176,6030.771380919565,,,,1079.0,26.712
11260,4,427,8539.67868453176,6031.771380919565,,,,1077.0,26.694
11261,4,428,8540.67868453176,6032.771380919565,,,,1076.0,26.674
11262,4,429,8541.67868453176,6033.771380919565,,,,1074.0,26.654
11263,4,430,8542.67868453176,6034.771380919565,,,,1072.0,26.635
11264,4,431,8543.67868453176,6035.771380919565,,,,1073.0,26.615
11265,4,432,8544.67868453176,6036.771380919565,,,,1072.0,26.596
11266,4,433,8545.67868453176,6037.771380919565,,,,1072.0,26.578
11267,4,434,8546.67868453176,6038.771380919565,,,,1070.0,26.559
11268,4,435,8547.67868453176,6039.771380919565,,,,1069.0,26.539
11269,4,436,8548.67868453176,6040.771380919565,,,,1069.0,26.521
11270,4,437,8549.67868453176,6041.771380919565,,,,1067.0,26.503
11271,4,438,8550.67868453176,6042.771380919565,,,,1066.0,26.486
11272,4,439,8551.67868453176,6043.771380919565,,,,1065.0,26.467
11273,4,440,8552.67868453176,6044.771380919565,,,,1061.0,26.448
11274,4,441,8553.67868453176,6045.771380919565,,,,1058.0,26.427
11275,4,442,8554.67868453176,6046.771380919565,,,,1056.0,26.408
11276,4,443,8555.67868453176,6047.771380919565,,,,1057.0,26.388
11277,4,444,8556.67868453176,6048.771380919565,,,,1058.0,26.37
11278,4,445,8557.67868453176,6049.771380919565,,,,1060.0,26.352
11279,4,446,8558.67868453176,6050.771380919565,,,,1060.0,26.335
11280,4,447,8559.67868453176,6051.771380919565,,,,1056.0,26.315
11281,4,448,8560.67868453176,6052.771380919565,,,,1056.0,26.297
11282,4,449,8561.67868453176,6053.771380919565,,,,1053.0,26.279
11283,4,450,8562.67868453176,6054.771380919565,,,,1054.0,26.261
11284,4,451,8563.67868453176,6055.771380919565,,,,1054.0,26.245
11285,4,452,8564.67868453176,6056.771380919565,,,,1054.0,26.226
11286,4,453,8565.67868453176,6057.771380919565,,,,1049.0,26.208
11287,4,454,8566.67868453176,6058.771380919565,,,,1046.0,26.188
11288,4,455,8567.67868453176,6059.771380919565,,,,1046.0,26.168
11289,4,456,8568.67868453176,6060.771380919565,,,,1045.0,26.148
11290,4,457,8569.67868453176,6061.771380919565,,,,1044.0,26.128
11291,4,458,8570.67868453176,6062.771380919565,,,,1044.0,26.108
11292,4,459,8571.67868453176,6063.771380919565,,,,1043.0,26.09
11293,4,460,8572.67868453176,6064.771380919565,,,,1042.0,26.071
11294,4,461,8573.67868453176,6065.771380919565,,,,1042.0,26.05
11295,4,462,8574.67868453176,6066.771380919565,,,,1042.0,26.032
11296,4,463,8575.67868453176,6067.771380919565,,,,1040.0,26.013
11297,4,464,8576.67868453176,6068.771380919565,,,,1038.0,25.995
11298,4,465,8577.67868453176,6069.771380919565,,,,1035.0,25.975
11299,4,466,8578.67868453176,6070.771380919565,,,,1031.0,25.955
11300,4,467,8579.67868453176,6071.771380919565,,,,1029.0,25.933
11301,4,468,8580.67868453176,6072.771380919565,,,,1026.0,25.913
11302,4,469,8581.67868453176,6073.771380919565,,,,1025.0,25.894
11303,4,470,8582.67868453176,6074.771380919565,,,,1025.0,25.874
11304,4,471,8583.67868453176,6075.771380919565,,,,1026.0,25.857
11305,4,472,8584.67868453176,6076.771380919565,,,,1023.0,25.839
11306,4,473,8585.67868453176,6077.771380919565,,,,1022.0,25.821
11307,4,474,8586.67868453176,6078.771380919565,,,,1023.0,25.804
11308,4,475,8587.67868453176,6079.771380919565,,,,1023.0,25.787
11309,4,476,8588.67868453176,6080.771380919565,,,,1021.0,25.77
11310,4,477,8589.67868453176,6081.771380919565,,,,1020.0,25.752
11311,4,478,8590.67868453176,6082.771380919565,,,,1019.0,25.733
11312,4,479,8591.67868453176,6083.771380919565,,,,1017.0,25.714
11313,4,480,8592.67868453176,6084.771380919565,,,,1015.0,25.695
11314,4,481,8593.67868453176,6085.771380919565,,,,1013.0,25.676
11315,4,482,8594.67868453176,6086.771380919565,,,,1011.0,25.656
11316,4,483,8595.67868453176,6087.771380919565,,,,1008.0,25.636
11317,4,484,8596.67868453176,6088.771380919565,,,,1004.0,25.615
11318,4,485,8597.67868453176,6089.771380919565,,,,1002.0,25.594
11319,4,486,8598.67868453176,6090.771380919565,,,,999.0,25.574
11320,4,487,8599.67868453176,6091.771380919565,,,,997.0,25.554
11321,4,488,8600.67868453176,6092.771380919565,,,,998.0,25.534
11322,4,489,8601.67868453176,6093.771380919565,,,,998.0,25.516
11323,4,490,8602.67868453176,6094.771380919565,,,,997.0,25.498
11324,4,491,8603.67868453176,6095.771380919565,,,,997.0,25.479
11325,4,492,8604.67868453176,6096.771380919565,,,,994.0,25.461
11326,4,493,8605.67868453176,6097.771380919565,,,,992.0,25.441
11327,4,494,8606.67868453176,6098.771380919565,,,,989.0,25.422
11328,4,495,8607.67868453176,6099.771380919565,,,,988.0,25.402
11329,4,496,8608.67868453176,6100.771380919565,,,,986.0,25.383
11330,4,497,8609.67868453176,6101.771380919565,,,,984.0,25.363
11331,4,498,8610.67868453176,6102.771380919565,,,,981.0,25.343
11332,4,499,8611.67868453176,6103.771380919565,,,,978.0,25.324
11333,4,500,8612.67868453176,6104.771380919565,,,,978.0,25.304
11334,4,501,8613.67868453176,6105.771380919565,,,,978.0,25.285
11335,4,502,8614.67868453176,6106.771380919565,,,,977.0,25.267
11336,4,503,8615.67868453176,6107.771380919565,,,,974.0,25.249
11337,4,504,8616.67868453176,6108.771380919565,,,,970.0,25.231
11338,4,505,8617.67868453176,6109.771380919565,,,,967.0,25.212
11339,4,506,8618.67868453176,6110.771380919565,,,,965.0,25.192
11340,4,507,8619.67868453176,6111.771380919565,,,,962.0,25.174
11341,4,508,8620.67868453176,6112.771380919565,,,,962.0,25.155
11342,4,509,8621.67868453176,6113.771380919565,,,,961.0,25.135
11343,4,510,8622.67868453176,6114.771380919565,,,,960.0,25.117
11344,4,511,8623.67868453176,6115.771380919565,,,,959.0,25.097
11345,4,512,8624.67868453176,6116.771380919565,,,,958.0,25.079
11346,4,513,8625.67868453176,6117.771380919565,,,,955.0,25.06
11347,4,514,8626.67868453176,6118.771380919565,,,,955.0,25.042
11348,4,515,8627.67868453176,6119.771380919565,,,,953.0,25.022
11349,4,516,8628.67868453176,6120.771380919565,,,,948.0,25.004
11350,4,517,8629.67868453176,6121.771380919565,,,,945.0,24.984
11351,4,518,8630.67868453176,6122.771380919565,,,,944.0,24.965
11352,4,519,8631.67868453176,6123.771380919565,,,,940.0,24.945
11353,4,520,8632.67868453176,6124.771380919565,,,,939.0,24.926
11354,4,521,8633.67868453176,6125.771380919565,,,,939.0,24.907
11355,4,522,8634.67868453176,6126.771380919565,,,,937.0,24.89
11356,4,523,8635.67868453176,6127.771380919565,,,,939.0,24.872
11357,4,524,8636.67868453176,6128.771380919565,,,,939.0,24.855
11358,4,525,8637.67868453176,6129.771380919565,,,,939.0,24.838
11359,4,526,8638.67868453176,6130.771380919565,,,,940.0,24.822
11360,4,527,8639.67868453176,6131.771380919565,,,,939.0,24.805
11361,4,528,8640.67868453176,6132.771380919565,,,,939.0,24.787
11362,4,529,8641.67868453176,6133.771380919565,,,,940.0,24.771
11363,4,530,8642.67868453176,6134.771380919565,,,,941.0,24.756
11364,4,531,8643.67868453176,6135.771380919565,,,,941.0,24.739
11365,4,532,8644.67868453176,6136.771380919565,,,,940.0,24.723
11366,4,533,8645.67868453176,6137.771380919565,,,,939.0,24.706
11367,4,534,8646.67868453176,6138.771380919565,,,,936.0,24.689
11368,4,535,8647.67868453176,6139.771380919565,,,,936.0,24.672
11369,4,536,8648.67868453176,6140.771380919565,,,,932.0,24.654
11370,4,537,8649.67868453176,6141.771380919565,,,,928.0,24.636
11371,4,538,8650.67868453176,6142.771380919565,,,,925.0,24.618
11372,4,539,8651.67868453176,6143.771380919565,,,,925.0,24.601
11373,4,540,8652.67868453176,6144.771380919565,,,,927.0,24.584
11374,4,541,8653.67868453176,6145.771380919565,,,,925.0,24.568
11375,4,542,8654.67868453176,6146.771380919565,,,,924.0,24.551
11376,4,543,8655.67868453176,6147.771380919565,,,,923.0,24.536
11377,4,544,8656.67868453176,6148.771380919565,,,,922.0,24.52
11378,4,545,8657.67868453176,6149.771380919565,,,,922.0,24.503
11379,4,546,8658.67868453176,6150.771380919565,,,,923.0,24.486
11380,4,547,8659.67868453176,6151.771380919565,,,,924.0,24.47
11381,4,548,8660.67868453176,6152.771380919565,,,,924.0,24.454
11382,4,549,8661.67868453176,6153.771380919565,,,,923.0,24.438
11383,4,550,8662.67868453176,6154.771380919565,,,,922.0,24.42
11384,4,551,8663.67868453176,6155.771380919565,,,,919.0,24.403
11385,4,552,8664.67868453176,6156.771380919565,,,,917.0,24.385
11386,4,553,8665.67868453176,6157.771380919565,,,,914.0,24.368
11387,4,554,8666.67868453176,6158.771380919565,,,,911.0,24.35
11388,4,555,8667.67868453176,6159.771380919565,,,,910.0,24.331
11389,4,556,8668.67868453176,6160.771380919565,,,,906.0,24.312
11390,4,557,8669.67868453176,6161.771380919565,,,,904.0,24.291
11391,4,558,8670.67868453176,6162.771380919565,,,,901.0,24.272
11392,4,559,8671.67868453176,6163.771380919565,,,,899.0,24.251
11393,4,560,8672.67868453176,6164.771380919565,,,,898.0,24.232
11394,4,561,8673.67868453176,6165.771380919565,,,,896.0,24.213
11395,4,562,8674.67868453176,6166.771380919565,,,,893.0,24.194
11396,4,563,8675.67868453176,6167.771380919565,,,,890.0,24.175
11397,4,564,8676.67868453176,6168.771380919565,,,,886.0,24.159
11398,4,565,8677.67868453176,6169.771380919565,,,,884.0,24.14
11399,4,566,8678.67868453176,6170.771380919565,,,,881.0,24.121
11400,4,567,8679.67868453176,6171.771380919565,,,,877.0,24.101
11401,4,568,8680.67868453176,6172.771380919565,,,,876.0,24.083
11402,4,569,8681.67868453176,6173.771380919565,,,,873.0,24.064
11403,4,570,8682.67868453176,6174.771380919565,,,,871.0,24.044
11404,4,571,8683.67868453176,6175.771380919565,,,,869.0,24.025
11405,4,572,8684.67868453176,6176.771380919565,,,,864.0,24.004
11406,4,573,8685.67868453176,6177.771380919565,,,,862.0,23.984
11407,4,574,8686.67868453176,6178.771380919565,,,,860.0,23.965
11408,4,575,8687.67868453176,6179.771380919565,,,,858.0,23.946
11409,4,576,8688.67868453176,6180.771380919565,,,,858.0,23.927
11410,4,577,8689.67868453176,6181.771380919565,,,,856.0,23.909
11411,4,578,8690.67868453176,6182.771380919565,,,,855.0,23.891
11412,4,579,8691.67868453176,6183.771380919565,,,,852.0,23.874
11413,4,580,8692.67868453176,6184.771380919565,,,,849.0,23.854
11414,4,581,8693.67868453176,6185.771380919565,,,,847.0,23.836
11415,4,582,8694.67868453176,6186.771380919565,,,,845.0,23.815
11416,4,583,8695.67868453176,6187.771380919565,,,,844.0,23.796
11417,4,584,8696.67868453176,6188.771380919565,,,,841.0,23.776
11418,4,585,8697.67868453176,6189.771380919565,,,,841.0,23.759
11419,4,586,8698.67868453176,6190.771380919565,,,,839.0,23.741
11420,4,587,8699.67868453176,6191.771380919565,,,,838.0,23.724
11421,4,588,8700.67868453176,6192.771380919565,,,,837.0,23.707
11422,4,589,8701.67868453176,6193.771380919565,,,,834.0,23.688
11423,4,590,8702.67868453176,6194.771380919565,,,,832.0,23.671
11424,4,591,8703.67868453176,6195.771380919565,,,,829.0,23.652
11425,4,592,8704.67868453176,6196.771380919565,,,,826.0,23.633
11426,4,593,8705.67868453176,6197.771380919565,,,,824.0,23.616
11427,4,594,8706.67868453176,6198.771380919565,,,,820.0,23.598
11428,4,595,8707.67868453176,6199.771380919565,,,,816.0,23.582
11429,4,596,8708.67868453176,6200.771380919565,,,,816.0,23.564
11430,4,597,8709.67868453176,6201.771380919565,,,,815.0,23.546
11431,4,598,8710.67868453176,6202.771380919565,,,,813.0,23.529
11432,4,599,8711.67868453176,6203.771380919565,,,,811.0,23.511
11433,4,600,8712.67868453176,6204.771380919565,,,,809.0,23.494
11434,4,601,8713.67868453176,6205.771380919565,,,,807.0,23.476
11435,4,602,8714.67868453176,6206.771380919565,,,,804.0,23.46
11436,4,603,8715.67868453176,6207.771380919565,,,,802.0,23.444
11437,4,604,8716.67868453176,6208.771380919565,,,,800.0,23.428
11438,4,605,8717.67868453176,6209.771380919565,,,,799.0,23.414
11439,4,606,8718.67868453176,6210.771380919565,,,,795.0,23.398
11440,4,607,8719.67868453176,6211.771380919565,,,,795.0,23.383
11441,4,608,8720.67868453176,6212.771380919565,,,,791.0,23.368
11442,4,609,8721.67868453176,6213.771380919565,,,,790.0,23.353
11443,4,610,8722.67868453176,6214.771380919565,,,,788.0,23.337
11444,4,611,8723.67868453176,6215.771380919565,,,,786.0,23.322
11445,4,612,8724.67868453176,6216.771380919565,,,,783.0,23.305
11446,4,613,8725.67868453176,6217.771380919565,,,,778.0,23.288
11447,4,614,8726.67868453176,6218.771380919565,,,,778.0,23.27
11448,4,615,8727.67868453176,6219.771380919565,,,,776.0,23.254
11449,4,616,8728.67868453176,6220.771380919565,,,,773.0,23.238
11450,4,617,8729.67868453176,6221.771380919565,,,,771.0,23.221
11451,4,618,8730.67868453176,6222.771380919565,,,,769.0,23.203
11452,4,619,8731.67868453176,6223.771380919565,,,,767.0,23.188
11453,4,620,8732.67868453176,6224.771380919565,,,,766.0,23.172
11454,4,621,8733.67868453176,6225.771380919565,,,,762.0,23.156
11455,4,622,8734.67868453176,6226.771380919565,,,,760.0,23.14
11456,4,623,8735.67868453176,6227.771380919565,,,,757.0,23.123
11457,4,624,8736.67868453176,6228.771380919565,,,,754.0,23.108
11458,4,625,8737.67868453176,6229.771380919565,,,,753.0,23.092
11459,4,626,8738.67868453176,6230.771380919565,,,,752.0,23.077
11460,4,627,8739.67868453176,6231.771380919565,,,,747.0,23.062
11461,4,628,8740.67868453176,6232.771380919565,,,,745.0,23.049
11462,4,629,8741.67868453176,6233.771380919565,,,,743.0,23.036
11463,4,630,8742.67868453176,6234.771380919565,,,,740.0,23.024
11464,4,631,8743.67868453176,6235.771380919565,,,,737.0,23.011
11465,4,632,8744.67868453176,6236.771380919565,,,,734.0,22.997
11466,4,633,8745.67868453176,6237.771380919565,,,,730.0,22.982
11467,4,634,8746.67868453176,6238.771380919565,,,,728.0,22.968
11468,4,635,8747.67868453176,6239.771380919565,,,,726.0,22.952
11469,4,636,8748.67868453176,6240.771380919565,,,,726.0,22.935
11470,4,637,8749.67868453176,6241.771380919565,,,,724.0,22.92
11471,4,638,8750.67868453176,6242.771380919565,,,,724.0,22.903
11472,4,639,8751.67868453176,6243.771380919565,,,,720.0,22.889
11473,4,640,8752.67868453176,6244.771380919565,,,,719.0,22.873
11474,4,641,8753.67868453176,6245.771380919565,,,,717.0,22.856
11475,4,642,8754.67868453176,6246.771380919565,,,,715.0,22.84
11476,4,643,8755.67868453176,6247.771380919565,,,,713.0,22.823
11477,4,644,8756.67868453176,6248.771380919565,,,,709.0,22.806
11478,4,645,8757.67868453176,6249.771380919565,,,,708.0,22.788
11479,4,646,8758.67868453176,6250.771380919565,,,,706.0,22.77
11480,4,647,8759.67868453176,6251.771380919565,,,,703.0,22.753
11481,4,648,8760.67868453176,6252.771380919565,,,,701.0,22.734
11482,4,649,8761.67868453176,6253.771380919565,,,,698.0,22.716
11483,4,650,8762.67868453176,6254.771380919565,,,,697.0,22.697
11484,4,651,8763.67868453176,6255.771380919565,,,,698.0,22.681
11485,4,652,8764.67868453176,6256.771380919565,,,,698.0,22.665
11486,4,653,8765.67868453176,6257.771380919565,,,,697.0,22.651
11487,4,654,8766.67868453176,6258.771380919565,,,,697.0,22.639
11488,4,655,8767.67868453176,6259.771380919565,,,,696.0,22.626
11489,4,656,8768.67868453176,6260.771380919565,,,,697.0,22.613
11490,4,657,8769.67868453176,6261.771380919565,,,,697.0,22.6
11491,4,658,8770.67868453176,6262.771380919565,,,,699.0,22.586
11492,4,659,8771.67868453176,6263.771380919565,,,,698.0,22.572
11493,4,660,8772.67868453176,6264.771380919565,,,,696.0,22.559
11494,4,661,8773.67868453176,6265.771380919565,,,,690.0,22.546
11495,4,662,8774.67868453176,6266.771380919565,,,,689.0,22.533
11496,4,663,8775.67868453176,6267.771380919565,,,,690.0,22.518
11497,4,664,8776.67868453176,6268.771380919565,,,,691.0,22.505
11498,4,665,8777.67868453176,6269.771380919565,,,,693.0,22.492
11499,4,666,8778.67868453176,6270.771380919565,,,,695.0,22.482
11500,4,667,8779.67868453176,6271.771380919565,,,,698.0,22.47
11501,4,668,8780.67868453176,6272.771380919565,,,,700.0,22.459
11502,4,669,8781.67868453176,6273.771380919565,,,,700.0,22.446
11503,4,670,8782.67868453176,6274.771380919565,,,,701.0,22.432
11504,4,671,8783.67868453176,6275.771380919565,,,,703.0,22.42
11505,4,672,8784.67868453176,6276.771380919565,,,,706.0,22.409
11506,4,673,8785.67868453176,6277.771380919565,,,,707.0,22.4
11507,4,674,8786.67868453176,6278.771380919565,,,,710.0,22.394
11508,4,675,8787.67868453176,6279.771380919565,,,,709.0,22.389
11509,4,676,8788.67868453176,6280.771380919565,,,,710.0,22.388
11550,4,717,8829.67868453176,6321.771380919565,,,,790.0,22.387
11551,4,718,8830.67868453176,6322.771380919565,,,,791.0,22.385
11735,4,902,9014.67868453176,6506.771380919565,,,,1005.0,22.383
11736,4,903,9015.67868453176,6507.771380919565,,,,1006.0,22.373
11737,4,904,9016.67868453176,6508.771380919565,,,,1005.0,22.364
11738,4,905,9017.67868453176,6509.771380919565,,,,1007.0,22.354
11739,4,906,9018.67868453176,6510.771380919565,,,,1007.0,22.345
11740,4,907,9019.67868453176,6511.771380919565,,,,1007.0,22.338
11741,4,908,9020.67868453176,6512.771380919565,,,,1008.0,22.333
11742,4,909,9021.67868453176,6513.771380919565,,,,1013.0,22.331
11942,4,1109,9221.67868453176,6713.771380919565,,,,1269.0,22.319
11943,4,1110,9222.67868453176,6714.771380919565,,,,1268.0,22.306
11944,4,1111,9223.67868453176,6715.771380919565,,,,1269.0,22.293
11945,4,1112,9224.67868453176,6716.771380919565,,,,1271.0,22.279
11946,4,1113,9225.67868453176,6717.771380919565,,,,1272.0,22.266
11947,4,1114,9226.67868453176,6718.771380919565,,,,1273.0,22.252
11948,4,1115,9227.67868453176,6719.771380919565,,,,1272.0,22.238
11949,4,1116,9228.67868453176,6720.771380919565,,,,1269.0,22.223
11950,4,1117,9229.67868453176,6721.771380919565,,,,1267.0,22.209
11951,4,1118,9230.67868453176,6722.771380919565,,,,1268.0,22.194
11952,4,1119,9231.67868453176,6723.771380919565,,,,1269.0,22.18
11953,4,1120,9232.67868453176,6724.771380919565,,,,1267.0,22.165
11954,4,1121,9233.67868453176,6725.771380919565,,,,1263.0,22.148
11955,4,1122,9234.67868453176,6726.771380919565,,,,1263.0,22.132
11956,4,1123,9235.67868453176,6727.771380919565,,,,1263.0,22.114
11957,4,1124,9236.67868453176,6728.771380919565,,,,1262.0,22.098
11958,4,1125,9237.67868453176,6729.771380919565,,,,1262.0,22.081
11959,4,1126,9238.67868453176,6730.771380919565,,,,1263.0,22.067
11960,4,1127,9239.67868453176,6731.771380919565,,,,1263.0,22.051
11961,4,1128,9240.67868453176,6732.771380919565,,,,1261.0,22.037
11962,4,1129,9241.67868453176,6733.771380919565,,,,1261.0,22.02
11963,4,1130,9242.67868453176,6734.771380919565,,,,1263.0,22.003
11964,4,1131,9243.67868453176,6735.771380919565,,,,1263.0,21.989
11965,4,1132,9244.67868453176,6736.771380919565,,,,1263.0,21.973
11966,4,1133,9245.67868453176,6737.771380919565,,,,1264.0,21.958
11967,4,1134,9246.67868453176,6738.771380919565,,,,1262.0,21.944
11968,4,1135,9247.67868453176,6739.771380919565,,,,1261.0,21.927
11969,4,1136,9248.67868453176,6740.771380919565,,,,1261.0,21.911
11970,4,1137,9249.67868453176,6741.771380919565,,,,1259.0,21.894
11971,4,1138,9250.67868453176,6742.771380919565,,,,1258.0,21.876
11972,4,1139,9251.67868453176,6743.771380919565,,,,1259.0,21.859
11973,4,1140,9252.67868453176,6744.771380919565,,,,1259.0,21.841
11974,4,1141,9253.67868453176,6745.771380919565,,,,1261.0,21.824
11975,4,1142,9254.67868453176,6746.771380919565,,,,1262.0,21.808
11976,4,1143,9255.67868453176,6747.771380919565,,,,1263.0,21.793
11977,4,1144,9256.67868453176,6748.771380919565,,,,1265.0,21.778
11978,4,1145,9257.67868453176,6749.771380919565,,,,1262.0,21.763
11979,4,1146,9258.67868453176,6750.771380919565,,,,1264.0,21.749
11980,4,1147,9259.67868453176,6751.771380919565,,,,1266.0,21.735
11981,4,1148,9260.67868453176,6752.771380919565,,,,1266.0,21.721
11982,4,1149,9261.67868453176,6753.771380919565,,,,1265.0,21.707
11983,4,1150,9262.67868453176,6754.771380919565,,,,1264.0,21.695
11984,4,1151,9263.67868453176,6755.771380919565,,,,1264.0,21.682
11985,4,1152,9264.67868453176,6756.771380919565,,,,1268.0,21.669
11986,4,1153,9265.67868453176,6757.771380919565,,,,1264.0,21.656
11987,4,1154,9266.67868453176,6758.771380919565,,,,1266.0,21.644
11988,4,1155,9267.67868453176,6759.771380919565,,,,1265.0,21.632
11989,4,1156,9268.67868453176,6760.771380919565,,,,1262.0,21.619
11990,4,1157,9269.67868453176,6761.771380919565,,,,1262.0,21.606
11991,4,1158,9270.67868453176,6762.771380919565,,,,1261.0,21.593
11992,4,1159,9271.67868453176,6763.771380919565,,,,1257.0,21.576
11993,4,1160,9272.67868453176,6764.771380919565,,,,1254.0,21.56
11994,4,1161,9273.67868453176,6765.771380919565,,,,1251.0,21.544
11995,4,1162,9274.67868453176,6766.771380919565,,,,1251.0,21.527
11996,4,1163,9275.67868453176,6767.771380919565,,,,1250.0,21.507
11997,4,1164,9276.67868453176,6768.771380919565,,,,1250.0,21.489
11998,4,1165,9277.67868453176,6769.771380919565,,,,1247.0,21.472
11999,4,1166,9278.67868453176,6770.771380919565,,,,1248.0,21.455
12000,4,1167,9279.67868453176,6771.771380919565,,,,1249.0,21.438
12001,4,1168,9280.67868453176,6772.771380919565,,,,1247.0,21.421
12002,4,1169,9281.67868453176,6773.771380919565,,,,1247.0,21.405
12003,4,1170,9282.67868453176,6774.771380919565,,,,1245.0,21.388
12004,4,1171,9283.67868453176,6775.771380919565,,,,1240.0,21.37
12005,4,1172,9284.67868453176,6776.771380919565,,,,1238.0,21.352
12006,4,1173,9285.67868453176,6777.771380919565,,,,1236.0,21.334
12007,4,1174,9286.67868453176,6778.771380919565,,,,1235.0,21.315
12008,4,1175,9287.67868453176,6779.771380919565,,,,1231.0,21.295
12009,4,1176,9288.67868453176,6780.771380919565,,,,1228.0,21.277
12010,4,1177,9289.67868453176,6781.771380919565,,,,1226.0,21.258
12011,4,1178,9290.67868453176,6782.771380919565,,,,1224.0,21.239
12012,4,1179,9291.67868453176,6783.771380919565,,,,1222.0,21.221
12013,4,1180,9292.67868453176,6784.771380919565,,,,1218.0,21.201
12014,4,1181,9293.67868453176,6785.771380919565,,,,1217.0,21.183
12015,4,1182,9294.67868453176,6786.771380919565,,,,1216.0,21.164
12016,4,1183,9295.67868453176,6787.771380919565,,,,1214.0,21.146
12017,4,1184,9296.67868453176,6788.771380919565,,,,1214.0,21.127
12018,4,1185,9297.67868453176,6789.771380919565,,,,1212.0,21.109
12019,4,1186,9298.67868453176,6790.771380919565,,,,1209.0,21.09
12020,4,1187,9299.67868453176,6791.771380919565,,,,1209.0,21.07
12021,4,1188,9300.67868453176,6792.771380919565,,,,1206.0,21.052
12022,4,1189,9301.67868453176,6793.771380919565,,,,1203.0,21.034
12023,4,1190,9302.67868453176,6794.771380919565,,,,1200.0,21.013
12024,4,1191,9303.67868453176,6795.771380919565,,,,1199.0,20.994
12025,4,1192,9304.67868453176,6796.771380919565,,,,1196.0,20.975
12026,4,1193,9305.67868453176,6797.771380919565,,,,1192.0,20.955
12027,4,1194,9306.67868453176,6798.771380919565,,,,1192.0,20.936
12028,4,1195,9307.67868453176,6799.771380919565,,,,1191.0,20.916
12029,4,1196,9308.67868453176,6800.771380919565,,,,1190.0,20.898
12030,4,1197,9309.67868453176,6801.771380919565,,,,1187.0,20.879
12031,4,1198,9310.67868453176,6802.771380919565,,,,1187.0,20.86
12032,4,1199,9311.67868453176,6803.771380919565,,,,1186.0,20.838
12033,4,1200,9312.67868453176,6804.771380919565,,,,1185.0,20.819
12034,4,1201,9313.67868453176,6805.771380919565,,,,1184.0,20.799
12035,4,1202,9314.67868453176,6806.771380919565,,,,1182.0,20.78
12036,4,1203,9315.67868453176,6807.771380919565,,,,1181.0,20.763
12037,4,1204,9316.67868453176,6808.771380919565,,,,1180.0,20.745
12038,4,1205,9317.67868453176,6809.771380919565,,,,1176.0,20.727
12039,4,1206,9318.67868453176,6810.771380919565,,,,1174.0,20.706
12040,4,1207,9319.67868453176,6811.771380919565,,,,1174.0,20.688
12041,4,1208,9320.67868453176,6812.771380919565,,,,1170.0,20.669
12042,4,1209,9321.67868453176,6813.771380919565,,,,1170.0,20.651
12043,4,1210,9322.67868453176,6814.771380919565,,,,1168.0,20.633
12044,4,1211,9323.67868453176,6815.771380919565,,,,1166.0,20.615
12045,4,1212,9324.67868453176,6816.771380919565,,,,1166.0,20.597
12046,4,1213,9325.67868453176,6817.771380919565,,,,1164.0,20.58
12047,4,1214,9326.67868453176,6818.771380919565,,,,1163.0,20.565
12048,4,1215,9327.67868453176,6819.771380919565,,,,1161.0,20.548
12049,4,1216,9328.67868453176,6820.771380919565,,,,1159.0,20.531
12050,4,1217,9329.67868453176,6821.771380919565,,,,1158.0,20.514
12051,4,1218,9330.67868453176,6822.771380919565,,,,1158.0,20.497
12052,4,1219,9331.67868453176,6823.771380919565,,,,1157.0,20.482
12053,4,1220,9332.67868453176,6824.771380919565,,,,1156.0,20.465
12054,4,1221,9333.67868453176,6825.771380919565,,,,1155.0,20.449
12055,4,1222,9334.67868453176,6826.771380919565,,,,1148.0,20.432
12056,4,1223,9335.67868453176,6827.771380919565,,,,1151.0,20.416
12057,4,1224,9336.67868453176,6828.771380919565,,,,1150.0,20.399
12058,4,1225,9337.67868453176,6829.771380919565,,,,1147.0,20.381
12059,4,1226,9338.67868453176,6830.771380919565,,,,1143.0,20.362
12060,4,1227,9339.67868453176,6831.771380919565,,,,1142.0,20.343
12061,4,1228,9340.67868453176,6832.771380919565,,,,1140.0,20.324
12062,4,1229,9341.67868453176,6833.771380919565,,,,1140.0,20.307
12063,4,1230,9342.67868453176,6834.771380919565,,,,1137.0,20.287
12064,4,1231,9343.67868453176,6835.771380919565,,,,1134.0,20.268
12065,4,1232,9344.67868453176,6836.771380919565,,,,1131.0,20.248
12066,4,1233,9345.67868453176,6837.771380919565,,,,1130.0,20.228
12067,4,1234,9346.67868453176,6838.771380919565,,,,1127.0,20.209
12068,4,1235,9347.67868453176,6839.771380919565,,,,1126.0,20.19
12069,4,1236,9348.67868453176,6840.771380919565,,,,1123.0,20.17
12070,4,1237,9349.67868453176,6841.771380919565,,,,1122.0,20.153
12071,4,1238,9350.67868453176,6842.771380919565,,,,1116.0,20.135
12072,4,1239,9351.67868453176,6843.771380919565,,,,1115.0,20.118
12073,4,1240,9352.67868453176,6844.771380919565,,,,1113.0,20.1
12074,4,1241,9353.67868453176,6845.771380919565,,,,1111.0,20.082
12075,4,1242,9354.67868453176,6846.771380919565,,,,1111.0,20.066
12076,4,1243,9355.67868453176,6847.771380919565,,,,1108.0,20.049
12077,4,1244,9356.67868453176,6848.771380919565,,,,1108.0,20.033
12078,4,1245,9357.67868453176,6849.771380919565,,,,1104.0,20.014
12079,4,1246,9358.67868453176,6850.771380919565,,,,1099.0,19.996
12080,4,1247,9359.67868453176,6851.771380919565,,,,1094.0,19.976
12081,4,1248,9360.67868453176,6852.771380919565,,,,1093.0,19.956
12082,4,1249,9361.67868453176,6853.771380919565,,,,1092.0,19.935
12083,4,1250,9362.67868453176,6854.771380919565,,,,1093.0,19.917
12084,4,1251,9363.67868453176,6855.771380919565,,,,1093.0,19.899
12085,4,1252,9364.67868453176,6856.771380919565,,,,1092.0,19.882
12086,4,1253,9365.67868453176,6857.771380919565,,,,1094.0,19.866
12087,4,1254,9366.67868453176,6858.771380919565,,,,1093.0,19.851
12088,4,1255,9367.67868453176,6859.771380919565,,,,1092.0,19.835
12089,4,1256,9368.67868453176,6860.771380919565,,,,1093.0,19.818
12090,4,1257,9369.67868453176,6861.771380919565,,,,1091.0,19.8
12091,4,1258,9370.67868453176,6862.771380919565,,,,1090.0,19.782
12092,4,1259,9371.67868453176,6863.771380919565,,,,1087.0,19.764
12093,4,1260,9372.67868453176,6864.771380919565,,,,1084.0,19.744
12094,4,1261,9373.67868453176,6865.771380919565,,,,1082.0,19.723
12095,4,1262,9374.67868453176,6866.771380919565,,,,1082.0,19.703
12096,4,1263,9375.67868453176,6867.771380919565,,,,1079.0,19.684
12097,4,1264,9376.67868453176,6868.771380919565,,,,1078.0,19.663
12098,4,1265,9377.67868453176,6869.771380919565,,,,1076.0,19.643
12099,4,1266,9378.67868453176,6870.771380919565,,,,1072.0,19.622
12100,4,1267,9379.67868453176,6871.771380919565,,,,1068.0,19.604
12101,4,1268,9380.67868453176,6872.771380919565,,,,1067.0,19.584
12102,4,1269,9381.67868453176,6873.771380919565,,,,1063.0,19.565
12103,4,1270,9382.67868453176,6874.771380919565,,,,1059.0,19.545
12104,4,1271,9383.67868453176,6875.771380919565,,,,1056.0,19.525
12105,4,1272,9384.67868453176,6876.771380919565,,,,1054.0,19.506
12106,4,1273,9385.67868453176,6877.771380919565,,,,1052.0,19.485
12107,4,1274,9386.67868453176,6878.771380919565,,,,1052.0,19.467
12108,4,1275,9387.67868453176,6879.771380919565,,,,1051.0,19.447
12109,4,1276,9388.67868453176,6880.771380919565,,,,1049.0,19.428
12110,4,1277,9389.67868453176,6881.771380919565,,,,1046.0,19.408
12111,4,1278,9390.67868453176,6882.771380919565,,,,1045.0,19.388
12112,4,1279,9391.67868453176,6883.771380919565,,,,1043.0,19.367
12113,4,1280,9392.67868453176,6884.771380919565,,,,1044.0,19.347
12114,4,1281,9393.67868453176,6885.771380919565,,,,1043.0,19.329
12115,4,1282,9394.67868453176,6886.771380919565,,,,1042.0,19.311
12116,4,1283,9395.67868453176,6887.771380919565,,,,1041.0,19.292
12117,4,1284,9396.67868453176,6888.771380919565,,,,1038.0,19.273
12118,4,1285,9397.67868453176,6889.771380919565,,,,1035.0,19.254
12119,4,1286,9398.67868453176,6890.771380919565,,,,1031.0,19.233
12120,4,1287,9399.67868453176,6891.771380919565,,,,1026.0,19.213
12121,4,1288,9400.67868453176,6892.771380919565,,,,1023.0,19.192
12122,4,1289,9401.67868453176,6893.771380919565,,,,1024.0,19.172
12123,4,1290,9402.67868453176,6894.771380919565,,,,1024.0,19.152
12124,4,1291,9403.67868453176,6895.771380919565,,,,1023.0,19.133
12125,4,1292,9404.67868453176,6896.771380919565,,,,1023.0,19.115
12126,4,1293,9405.67868453176,6897.771380919565,,,,1023.0,19.096
12127,4,1294,9406.67868453176,6898.771380919565,,,,1020.0,19.078
12128,4,1295,9407.67868453176,6899.771380919565,,,,1017.0,19.058
12129,4,1296,9408.67868453176,6900.771380919565,,,,1014.0,19.037
12130,4,1297,9409.67868453176,6901.771380919565,,,,1011.0,19.016
12131,4,1298,9410.67868453176,6902.771380919565,,,,1008.0,18.994
12132,4,1299,9411.67868453176,6903.771380919565,,,,1007.0,18.973
12133,4,1300,9412.67868453176,6904.771380919565,,,,1005.0,18.952
12134,4,1301,9413.67868453176,6905.771380919565,,,,1008.0,18.931
12135,4,1302,9414.67868453176,6906.771380919565,,,,1005.0,18.91
12136,4,1303,9415.67868453176,6907.771380919565,,,,1004.0,18.892
12137,4,1304,9416.67868453176,6908.771380919565,,,,1001.0,18.871
12138,4,1305,9417.67868453176,6909.771380919565,,,,997.0,18.851
12139,4,1306,9418.67868453176,6910.771380919565,,,,995.0,18.831
12140,4,1307,9419.67868453176,6911.771380919565,,,,993.0,18.812
12141,4,1308,9420.67868453176,6912.771380919565,,,,992.0,18.792
12142,4,1309,9421.67868453176,6913.771380919565,,,,990.0,18.773
12143,4,1310,9422.67868453176,6914.771380919565,,,,985.0,18.753
12144,4,1311,9423.67868453176,6915.771380919565,,,,984.0,18.733
12145,4,1312,9424.67868453176,6916.771380919565,,,,986.0,18.714
12146,4,1313,9425.67868453176,6917.771380919565,,,,986.0,18.694
12147,4,1314,9426.67868453176,6918.771380919565,,,,986.0,18.676
12148,4,1315,9427.67868453176,6919.771380919565,,,,978.0,18.657
12149,4,1316,9428.67868453176,6920.771380919565,,,,981.0,18.638
12150,4,1317,9429.67868453176,6921.771380919565,,,,976.0,18.619
12151,4,1318,9430.67868453176,6922.771380919565,,,,972.0,18.597
12152,4,1319,9431.67868453176,6923.771380919565,,,,970.0,18.575
12153,4,1320,9432.67868453176,6924.771380919565,,,,967.0,18.553
12154,4,1321,9433.67868453176,6925.771380919565,,,,967.0,18.532
12155,4,1322,9434.67868453176,6926.771380919565,,,,965.0,18.512
12156,4,1323,9435.67868453176,6927.771380919565,,,,965.0,18.493
12157,4,1324,9436.67868453176,6928.771380919565,,,,963.0,18.472
12158,4,1325,9437.67868453176,6929.771380919565,,,,962.0,18.452
12159,4,1326,9438.67868453176,6930.771380919565,,,,960.0,18.431
12160,4,1327,9439.67868453176,6931.771380919565,,,,961.0,18.411
12161,4,1328,9440.67868453176,6932.771380919565,,,,960.0,18.391
12162,4,1329,9441.67868453176,6933.771380919565,,,,960.0,18.372
12163,4,1330,9442.67868453176,6934.771380919565,,,,960.0,18.352
12164,4,1331,9443.67868453176,6935.771380919565,,,,959.0,18.333
12165,4,1332,9444.67868453176,6936.771380919565,,,,960.0,18.316
12166,4,1333,9445.67868453176,6937.771380919565,,,,959.0,18.297
12167,4,1334,9446.67868453176,6938.771380919565,,,,957.0,18.278
12168,4,1335,9447.67868453176,6939.771380919565,,,,958.0,18.262
12169,4,1336,9448.67868453176,6940.771380919565,,,,957.0,18.243
12170,4,1337,9449.67868453176,6941.771380919565,,,,959.0,18.226
12171,4,1338,9450.67868453176,6942.771380919565,,,,960.0,18.208
12172,4,1339,9451.67868453176,6943.771380919565,,,,959.0,18.19
12173,4,1340,9452.67868453176,6944.771380919565,,,,960.0,18.173
12174,4,1341,9453.67868453176,6945.771380919565,,,,960.0,18.155
12175,4,1342,9454.67868453176,6946.771380919565,,,,960.0,18.138
12176,4,1343,9455.67868453176,6947.771380919565,,,,957.0,18.12
12177,4,1344,9456.67868453176,6948.771380919565,,,,953.0,18.103
12178,4,1345,9457.67868453176,6949.771380919565,,,,951.0,18.085
12179,4,1346,9458.67868453176,6950.771380919565,,,,948.0,18.066
12180,4,1347,9459.67868453176,6951.771380919565,,,,947.0,18.045
12181,4,1348,9460.67868453176,6952.771380919565,,,,944.0,18.026
12182,4,1349,9461.67868453176,6953.771380919565,,,,944.0,18.007
12183,4,1350,9462.67868453176,6954.771380919565,,,,945.0,17.989
12184,4,1351,9463.67868453176,6955.771380919565,,,,944.0,17.971
12185,4,1352,9464.67868453176,6956.771380919565,,,,943.0,17.953
12186,4,1353,9465.67868453176,6957.771380919565,,,,942.0,17.935
12187,4,1354,9466.67868453176,6958.771380919565,,,,943.0,17.916
12188,4,1355,9467.67868453176,6959.771380919565,,,,941.0,17.899
12189,4,1356,9468.67868453176,6960.771380919565,,,,938.0,17.883
12190,4,1357,9469.67868453176,6961.771380919565,,,,935.0,17.865
12191,4,1358,9470.67868453176,6962.771380919565,,,,930.0,17.847
12192,4,1359,9471.67868453176,6963.771380919565,,,,926.0,17.828
12193,4,1360,9472.67868453176,6964.771380919565,,,,925.0,17.809
12194,4,1361,9473.67868453176,6965.771380919565,,,,927.0,17.791
12195,4,1362,9474.67868453176,6966.771380919565,,,,928.0,17.773
12196,4,1363,9475.67868453176,6967.771380919565,,,,925.0,17.756
12197,4,1364,9476.67868453176,6968.771380919565,,,,923.0,17.74
12198,4,1365,9477.67868453176,6969.771380919565,,,,924.0,17.726
12199,4,1366,9478.67868453176,6970.771380919565,,,,921.0,17.71
12200,4,1367,9479.67868453176,6971.771380919565,,,,920.0,17.696
12201,4,1368,9480.67868453176,6972.771380919565,,,,921.0,17.684
12202,4,1369,9481.67868453176,6973.771380919565,,,,920.0,17.669
12203,4,1370,9482.67868453176,6974.771380919565,,,,919.0,17.656
12204,4,1371,9483.67868453176,6975.771380919565,,,,917.0,17.643
12205,4,1372,9484.67868453176,6976.771380919565,,,,915.0,17.629
12206,4,1373,9485.67868453176,6977.771380919565,,,,914.0,17.615
12207,4,1374,9486.67868453176,6978.771380919565,,,,912.0,17.601
12208,4,1375,9487.67868453176,6979.771380919565,,,,908.0,17.587
12209,4,1376,9488.67868453176,6980.771380919565,,,,909.0,17.575
12210,4,1377,9489.67868453176,6981.771380919565,,,,908.0,17.561
12211,4,1378,9490.67868453176,6982.771380919565,,,,907.0,17.547
12212,4,1379,9491.67868453176,6983.771380919565,,,,904.0,17.53
12213,4,1380,9492.67868453176,6984.771380919565,,,,902.0,17.511
12214,4,1381,9493.67868453176,6985.771380919565,,,,901.0,17.492
12215,4,1382,9494.67868453176,6986.771380919565,,,,902.0,17.474
12216,4,1383,9495.67868453176,6987.771380919565,,,,902.0,17.457
12217,4,1384,9496.67868453176,6988.771380919565,,,,901.0,17.44
12218,4,1385,9497.67868453176,6989.771380919565,,,,899.0,17.423
12219,4,1386,9498.67868453176,6990.771380919565,,,,896.0,17.406
12220,4,1387,9499.67868453176,6991.771380919565,,,,896.0,17.39
12221,4,1388,9500.67868453176,6992.771380919565,,,,895.0,17.375
12222,4,1389,9501.67868453176,6993.771380919565,,,,894.0,17.36
12223,4,1390,9502.67868453176,6994.771380919565,,,,892.0,17.347
12224,4,1391,9503.67868453176,6995.771380919565,,,,892.0,17.334
12225,4,1392,9504.67868453176,6996.771380919565,,,,895.0,17.323
12226,4,1393,9505.67868453176,6997.771380919565,,,,895.0,17.311
12227,4,1394,9506.67868453176,6998.771380919565,,,,895.0,17.299
12228,4,1395,9507.67868453176,6999.771380919565,,,,895.0,17.289
12229,4,1396,9508.67868453176,7000.771380919565,,,,896.0,17.277
12230,4,1397,9509.67868453176,7001.771380919565,,,,898.0,17.268
12231,4,1398,9510.67868453176,7002.771380919565,,,,901.0,17.26
12232,4,1399,9511.67868453176,7003.771380919565,,,,903.0,17.254
12233,4,1400,9512.67868453176,7004.771380919565,,,,906.0,17.25
12239,4,1406,9518.67868453176,7010.771380919565,,,,910.0,17.249
12240,4,1407,9519.67868453176,7011.771380919565,,,,911.0,17.239
12241,4,1408,9520.67868453176,7012.771380919565,,,,914.0,17.227
12242,4,1409,9521.67868453176,7013.771380919565,,,,915.0,17.21
12243,4,1410,9522.67868453176,7014.771380919565,,,,916.0,17.193
12244,4,1411,9523.67868453176,7015.771380919565,,,,920.0,17.173
12245,4,1412,9524.67868453176,7016.771380919565,,,,920.0,17.155
12246,4,1413,9525.67868453176,7017.771380919565,,,,922.0,17.135
12247,4,1414,9526.67868453176,7018.771380919565,,,,926.0,17.119
12248,4,1415,9527.67868453176,7019.771380919565,,,,929.0,17.106
12249,4,1416,9528.67868453176,7020.771380919565,,,,931.0,17.094
12250,4,1417,9529.67868453176,7021.771380919565,,,,930.0,17.088
12251,4,1418,9530.67868453176,7022.771380919565,,,,932.0,17.086
12280,4,1447,9559.67868453176,7051.771380919565,,,,967.0,17.073
12281,4,1448,9560.67868453176,7052.771380919565,,,,966.0,17.063
12282,4,1449,9561.67868453176,7053.771380919565,,,,965.0,17.056
12303,4,1470,9582.67868453176,7074.771380919565,,,,990.0,17.046
12304,4,1471,9583.67868453176,7075.771380919565,,,,991.0,17.037
12305,4,1472,9584.67868453176,7076.771380919565,,,,992.0,17.03
12306,4,1473,9585.67868453176,7077.771380919565,,,,994.0,17.028
12371,4,1538,9650.67868453176,7142.771380919565,,,,1087.0,17.023
12372,4,1539,9651.67868453176,7143.771380919565,,,,1088.0,17.013
12373,4,1540,9652.67868453176,7144.771380919565,,,,1088.0,17.007
12374,4,1541,9653.67868453176,7145.771380919565,,,,1090.0,17.003
12395,4,1562,9674.67868453176,7166.771380919565,,,,1111.0,16.996
12396,4,1563,9675.67868453176,7167.771380919565,,,,1114.0,16.986
12397,4,1564,9676.67868453176,7168.771380919565,,,,1116.0,16.98
12398,4,1565,9677.67868453176,7169.771380919565,,,,1119.0,16.976
12399,4,1566,9678.67868453176,7170.771380919565,,,,1119.0,16.974
12434,4,1601,9713.67868453176,7205.771380919565,,,,1162.0,16.967
12435,4,1602,9714.67868453176,7206.771380919565,,,,1165.0,16.952
12436,4,1603,9715.67868453176,7207.771380919565,,,,1162.0,16.937
12437,4,1604,9716.67868453176,7208.771380919565,,,,1166.0,16.924
12438,4,1605,9717.67868453176,7209.771380919565,,,,1165.0,16.913
12439,4,1606,9718.67868453176,7210.771380919565,,,,1165.0,16.902
12440,4,1607,9719.67868453176,7211.771380919565,,,,1166.0,16.895
12441,4,1608,9720.67868453176,7212.771380919565,,,,1167.0,16.889
12442,4,1609,9721.67868453176,7213.771380919565,,,,1168.0,16.883
12443,4,1610,9722.67868453176,7214.771380919565,,,,1170.0,16.879
12482,4,1649,9761.67868453176,7253.771380919565,,,,1203.0,16.866
12483,4,1650,9762.67868453176,7254.771380919565,,,,1202.0,16.848
12484,4,1651,9763.67868453176,7255.771380919565,,,,1203.0,16.832
12485,4,1652,9764.67868453176,7256.771380919565,,,,1203.0,16.816
12486,4,1653,9765.67868453176,7257.771380919565,,,,1201.0,16.799
12487,4,1654,9766.67868453176,7258.771380919565,,,,1200.0,16.782
12488,4,1655,9767.67868453176,7259.771380919565,,,,1197.0,16.766
12489,4,1656,9768.67868453176,7260.771380919565,,,,1199.0,16.751
12490,4,1657,9769.67868453176,7261.771380919565,,,,1197.0,16.737
12491,4,1658,9770.67868453176,7262.771380919565,,,,1198.0,16.723
12492,4,1659,9771.67868453176,7263.771380919565,,,,1196.0,16.71
12493,4,1660,9772.67868453176,7264.771380919565,,,,1193.0,16.697
12494,4,1661,9773.67868453176,7265.771380919565,,,,1193.0,16.685
12495,4,1662,9774.67868453176,7266.771380919565,,,,1193.0,16.672
12496,4,1663,9775.67868453176,7267.771380919565,,,,1192.0,16.658
12497,4,1664,9776.67868453176,7268.771380919565,,,,1190.0,16.643
12498,4,1665,9777.67868453176,7269.771380919565,,,,1186.0,16.629
12499,4,1666,9778.67868453176,7270.771380919565,,,,1183.0,16.613
12500,4,1667,9779.67868453176,7271.771380919565,,,,1179.0,16.594
12501,4,1668,9780.67868453176,7272.771380919565,,,,1174.0,16.576
12502,4,1669,9781.67868453176,7273.771380919565,,,,1173.0,16.556
12503,4,1670,9782.67868453176,7274.771380919565,,,,1174.0,16.539
12504,4,1671,9783.67868453176,7275.771380919565,,,,1178.0,16.525
12505,4,1672,9784.67868453176,7276.771380919565,,,,1179.0,16.51
12506,4,1673,9785.67868453176,7277.771380919565,,,,1180.0,16.496
12507,4,1674,9786.67868453176,7278.771380919565,,,,1178.0,16.483
12508,4,1675,9787.67868453176,7279.771380919565,,,,1175.0,16.469
12509,4,1676,9788.67868453176,7280.771380919565,,,,1175.0,16.452
12510,4,1677,9789.67868453176,7281.771380919565,,,,1167.0,16.436
12511,4,1678,9790.67868453176,7282.771380919565,,,,1166.0,16.419
12512,4,1679,9791.67868453176,7283.771380919565,,,,1165.0,16.399
12513,4,1680,9792.67868453176,7284.771380919565,,,,1166.0,16.383
12514,4,1681,9793.67868453176,7285.771380919565,,,,1166.0,16.37
12515,4,1682,9794.67868453176,7286.771380919565,,,,1170.0,16.356
12516,4,1683,9795.67868453176,7287.771380919565,,,,1167.0,16.343
12517,4,1684,9796.67868453176,7288.771380919565,,,,1167.0,16.33
12518,4,1685,9797.67868453176,7289.771380919565,,,,1169.0,16.318
12519,4,1686,9798.67868453176,7290.771380919565,,,,1169.0,16.304
12520,4,1687,9799.67868453176,7291.771380919565,,,,1159.0,16.289
12521,4,1688,9800.67868453176,7292.771380919565,,,,1160.0,16.274
12522,4,1689,9801.67868453176,7293.771380919565,,,,1152.0,16.259
12523,4,1690,9802.67868453176,7294.771380919565,,,,1159.0,16.243
12524,4,1691,9803.67868453176,7295.771380919565,,,,1155.0,16.227
12525,4,1692,9804.67868453176,7296.771380919565,,,,1151.0,16.209
12526,4,1693,9805.67868453176,7297.771380919565,,,,1149.0,16.191
12527,4,1694,9806.67868453176,7298.771380919565,,,,1146.0,16.173
12528,4,1695,9807.67868453176,7299.771380919565,,,,1143.0,16.159
12529,4,1696,9808.67868453176,7300.771380919565,,,,1143.0,16.143
12530,4,1697,9809.67868453176,7301.771380919565,,,,1142.0,16.128
12531,4,1698,9810.67868453176,7302.771380919565,,,,1140.0,16.114
12532,4,1699,9811.67868453176,7303.771380919565,,,,1138.0,16.101
12533,4,1700,9812.67868453176,7304.771380919565,,,,1136.0,16.087
12534,4,1701,9813.67868453176,7305.771380919565,,,,1135.0,16.074
12535,4,1702,9814.67868453176,7306.771380919565,,,,1135.0,16.061
12536,4,1703,9815.67868453176,7307.771380919565,,,,1135.0,16.046
12537,4,1704,9816.67868453176,7308.771380919565,,,,1135.0,16.031
12538,4,1705,9817.67868453176,7309.771380919565,,,,1135.0,16.015
12539,4,1706,9818.67868453176,7310.771380919565,,,,1136.0,15.999
12540,4,1707,9819.67868453176,7311.771380919565,,,,1134.0,15.983
12541,4,1708,9820.67868453176,7312.771380919565,,,,1136.0,15.967
12542,4,1709,9821.67868453176,7313.771380919565,,,,1136.0,15.952
12543,4,1710,9822.67868453176,7314.771380919565,,,,1139.0,15.937
12544,4,1711,9823.67868453176,7315.771380919565,,,,1139.0,15.922
12545,4,1712,9824.67868453176,7316.771380919565,,,,1137.0,15.908
12546,4,1713,9825.67868453176,7317.771380919565,,,,1139.0,15.892
12547,4,1714,9826.67868453176,7318.771380919565,,,,1138.0,15.877
12548,4,1715,9827.67868453176,7319.771380919565,,,,1139.0,15.864
12549,4,1716,9828.67868453176,7320.771380919565,,,,1138.0,15.849
12550,4,1717,9829.67868453176,7321.771380919565,,,,1137.0,15.832
12551,4,1718,9830.67868453176,7322.771380919565,,,,1136.0,15.817
12552,4,1719,9831.67868453176,7323.771380919565,,,,1135.0,15.799
12553,4,1720,9832.67868453176,7324.771380919565,,,,1135.0,15.781
12554,4,1721,9833.67868453176,7325.771380919565,,,,1136.0,15.764
12555,4,1722,9834.67868453176,7326.771380919565,,,,1138.0,15.746
12556,4,1723,9835.67868453176,7327.771380919565,,,,1139.0,15.727
12557,4,1724,9836.67868453176,7328.771380919565,,,,1138.0,15.708
12558,4,1725,9837.67868453176,7329.771380919565,,,,1138.0,15.69
12559,4,1726,9838.67868453176,7330.771380919565,,,,1138.0,15.671
12560,4,1727,9839.67868453176,7331.771380919565,,,,1136.0,15.653
12561,4,1728,9840.67868453176,7332.771380919565,,,,1135.0,15.635
12562,4,1729,9841.67868453176,7333.771380919565,,,,1135.0,15.616
12563,4,1730,9842.67868453176,7334.771380919565,,,,1135.0,15.599
12564,4,1731,9843.67868453176,7335.771380919565,,,,1135.0,15.581
12565,4,1732,9844.67868453176,7336.771380919565,,,,1134.0,15.564
12566,4,1733,9845.67868453176,7337.771380919565,,,,1136.0,15.547
12567,4,1734,9846.67868453176,7338.771380919565,,,,1134.0,15.53
12568,4,1735,9847.67868453176,7339.771380919565,,,,1136.0,15.514
12569,4,1736,9848.67868453176,7340.771380919565,,,,1135.0,15.497
12570,4,1737,9849.67868453176,7341.771380919565,,,,1135.0,15.479
12571,4,1738,9850.67868453176,7342.771380919565,,,,1135.0,15.462
12572,4,1739,9851.67868453176,7343.771380919565,,,,1135.0,15.443
12573,4,1740,9852.67868453176,7344.771380919565,,,,1135.0,15.424
12574,4,1741,9853.67868453176,7345.771380919565,,,,1137.0,15.406
12575,4,1742,9854.67868453176,7346.771380919565,,,,1136.0,15.389
12576,4,1743,9855.67868453176,7347.771380919565,,,,1133.0,15.37
12577,4,1744,9856.67868453176,7348.771380919565,,,,1133.0,15.352
12578,4,1745,9857.67868453176,7349.771380919565,,,,1131.0,15.334
12579,4,1746,9858.67868453176,7350.771380919565,,,,1129.0,15.318
12580,4,1747,9859.67868453176,7351.771380919565,,,,1127.0,15.3
12581,4,1748,9860.67868453176,7352.771380919565,,,,1123.0,15.283
12582,4,1749,9861.67868453176,7353.771380919565,,,,1122.0,15.267
12583,4,1750,9862.67868453176,7354.771380919565,,,,1122.0,15.251
12584,4,1751,9863.67868453176,7355.771380919565,,,,1120.0,15.238
12585,4,1752,9864.67868453176,7356.771380919565,,,,1122.0,15.227
12586,4,1753,9865.67868453176,7357.771380919565,,,,1122.0,15.221
12587,4,1754,9866.67868453176,7358.771380919565,,,,1121.0,15.219
12588,4,1755,9867.67868453176,7359.771380919565,,,,1119.0,15.218
12591,5,1,9870.67868453176,7362.771380919565,,,,1119.0,15.125
12598,5,8,9877.67868453176,7369.771380919565,,,,1110.0,15.12
12599,5,9,9878.67868453176,7370.771380919565,,,,1109.0,15.11
12600,5,10,9879.67868453176,7371.771380919565,,,,1106.0,15.099
12601,5,11,9880.67868453176,7372.771380919565,,,,1107.0,15.088
12602,5,12,9881.67868453176,7373.771380919565,,,,1106.0,15.078
12603,5,13,9882.67868453176,7374.771380919565,,,,1105.0,15.068
12604,5,14,9883.67868453176,7375.771380919565,,,,1104.0,15.059
12605,5,15,9884.67868453176,7376.771380919565,,,,1101.0,15.05
12606,5,16,9885.67868453176,7377.771380919565,,,,1102.0,15.041
12607,5,17,9886.67868453176,7378.771380919565,,,,1101.0,15.032
12608,5,18,9887.67868453176,7379.771380919565,,,,1102.0,15.023
12609,5,19,9888.67868453176,7380.771380919565,,,,1104.0,15.015
12610,5,20,9889.67868453176,7381.771380919565,,,,1105.0,15.008
12611,5,21,9890.67868453176,7382.771380919565,,,,1108.0,14.999
12612,5,22,9891.67868453176,7383.771380919565,,,,1112.0,14.991
12613,5,23,9892.67868453176,7384.771380919565,,,,1112.0,14.981
12614,5,24,9893.67868453176,7385.771380919565,,,,1114.0,14.97
12615,5,25,9894.67868453176,7386.771380919565,,,,1113.0,14.955
12616,5,26,9895.67868453176,7387.771380919565,,,,1110.0,14.942
12617,5,27,9896.67868453176,7388.771380919565,,,,1108.0,14.927
12618,5,28,9897.67868453176,7389.771380919565,,,,1106.0,14.914
12619,5,29,9898.67868453176,7390.771380919565,,,,1107.0,14.9
12620,5,30,9899.67868453176,7391.771380919565,,,,1106.0,14.888
12621,5,31,9900.67868453176,7392.771380919565,,,,1105.0,14.876
12622,5,32,9901.67868453176,7393.771380919565,,,,1105.0,14.865
12623,5,33,9902.67868453176,7394.771380919565,,,,1104.0,14.854
12624,5,34,9903.67868453176,7395.771380919565,,,,1104.0,14.844
12625,5,35,9904.67868453176,7396.771380919565,,,,1103.0,14.833
12626,5,36,9905.67868453176,7397.771380919565,,,,1101.0,14.822
12627,5,37,9906.67868453176,7398.771380919565,,,,1098.0,14.811
12628,5,38,9907.67868453176,7399.771380919565,,,,1099.0,14.799
12629,5,39,9908.67868453176,7400.771380919565,,,,1098.0,14.789
12630,5,40,9909.67868453176,7401.771380919565,,,,1099.0,14.776
12631,5,41,9910.67868453176,7402.771380919565,,,,1099.0,14.767
12632,5,42,9911.67868453176,7403.771380919565,,,,1100.0,14.757
12633,5,43,9912.67868453176,7404.771380919565,,,,1099.0,14.746
12634,5,44,9913.67868453176,7405.771380919565,,,,1102.0,14.737
12635,5,45,9914.67868453176,7406.771380919565,,,,1102.0,14.727
12636,5,46,9915.67868453176,7407.771380919565,,,,1101.0,14.718
12637,5,47,9916.67868453176,7408.771380919565,,,,1100.0,14.708
12638,5,48,9917.67868453176,7409.771380919565,,,,1100.0,14.698
12639,5,49,9918.67868453176,7410.771380919565,,,,1101.0,14.688
12640,5,50,9919.67868453176,7411.771380919565,,,,1102.0,14.678
12641,5,51,9920.67868453176,7412.771380919565,,,,1104.0,14.666
12642,5,52,9921.67868453176,7413.771380919565,,,,1108.0,14.655
12643,5,53,9922.67868453176,7414.771380919565,,,,1110.0,14.643
12644,5,54,9923.67868453176,7415.771380919565,,,,1113.0,14.63
12645,5,55,9924.67868453176,7416.771380919565,,,,1112.0,14.616
12646,5,56,9925.67868453176,7417.771380919565,,,,1113.0,14.6
12647,5,57,9926.67868453176,7418.771380919565,,,,1114.0,14.585
12648,5,58,9927.67868453176,7419.771380919565,,,,1114.0,14.568
12649,5,59,9928.67868453176,7420.771380919565,,,,1113.0,14.552
12650,5,60,9929.67868453176,7421.771380919565,,,,1115.0,14.535
12651,5,61,9930.67868453176,7422.771380919565,,,,1116.0,14.521
12652,5,62,9931.67868453176,7423.771380919565,,,,1118.0,14.506
12653,5,63,9932.67868453176,7424.771380919565,,,,1116.0,14.491
12654,5,64,9933.67868453176,7425.771380919565,,,,1120.0,14.477
12655,5,65,9934.67868453176,7426.771380919565,,,,1119.0,14.464
12656,5,66,9935.67868453176,7427.771380919565,,,,1120.0,14.452
12657,5,67,9936.67868453176,7428.771380919565,,,,1123.0,14.441
12658,5,68,9937.67868453176,7429.771380919565,,,,1125.0,14.429
12659,5,69,9938.67868453176,7430.771380919565,,,,1129.0,14.42
12660,5,70,9939.67868453176,7431.771380919565,,,,1131.0,14.412
12661,5,71,9940.67868453176,7432.771380919565,,,,1134.0,14.405
12662,5,72,9941.67868453176,7433.771380919565,,,,1135.0,14.401
12663,5,73,9942.67868453176,7434.771380919565,,,,1135.0,14.398
12702,5,112,9981.67868453176,7473.771380919565,,,,1168.0,14.393
12703,5,113,9982.67868453176,7474.771380919565,,,,1169.0,14.384
12704,5,114,9983.67868453176,7475.771380919565,,,,1171.0,14.377
12705,5,115,9984.67868453176,7476.771380919565,,,,1172.0,14.37
12706,5,116,9985.67868453176,7477.771380919565,,,,1173.0,14.365
12707,5,117,9986.67868453176,7478.771380919565,,,,1173.0,14.361
12708,5,118,9987.67868453176,7479.771380919565,,,,1176.0,14.359
12735,5,145,10014.67868453176,7506.771380919565,,,,1183.0,14.349
12736,5,146,10015.67868453176,7507.771380919565,,,,1181.0,14.337
12737,5,147,10016.67868453176,7508.771380919565,,,,1179.0,14.326
12738,5,148,10017.67868453176,7509.771380919565,,,,1176.0,14.316
12739,5,149,10018.67868453176,7510.771380919565,,,,1175.0,14.303
12740,5,150,10019.67868453176,7511.771380919565,,,,1173.0,14.29
12741,5,151,10020.67868453176,7512.771380919565,,,,1171.0,14.275
12742,5,152,10021.67868453176,7513.771380919565,,,,1168.0,14.257
12743,5,153,10022.67868453176,7514.771380919565,,,,1167.0,14.242
12744,5,154,10023.67868453176,7515.771380919565,,,,1166.0,14.227
12745,5,155,10024.67868453176,7516.771380919565,,,,1166.0,14.214
12746,5,156,10025.67868453176,7517.771380919565,,,,1166.0,14.201
12747,5,157,10026.67868453176,7518.771380919565,,,,1165.0,14.188
12748,5,158,10027.67868453176,7519.771380919565,,,,1166.0,14.176
12749,5,159,10028.67868453176,7520.771380919565,,,,1166.0,14.163
12750,5,160,10029.67868453176,7521.771380919565,,,,1166.0,14.148
12751,5,161,10030.67868453176,7522.771380919565,,,,1167.0,14.134
12752,5,162,10031.67868453176,7523.771380919565,,,,1166.0,14.118
12753,5,163,10032.67868453176,7524.771380919565,,,,1168.0,14.102
12754,5,164,10033.67868453176,7525.771380919565,,,,1168.0,14.086
12755,5,165,10034.67868453176,7526.771380919565,,,,1164.0,14.07
12756,5,166,10035.67868453176,7527.771380919565,,,,1165.0,14.054
12757,5,167,10036.67868453176,7528.771380919565,,,,1165.0,14.037
12758,5,168,10037.67868453176,7529.771380919565,,,,1164.0,14.02
12759,5,169,10038.67868453176,7530.771380919565,,,,1162.0,14.004
12760,5,170,10039.67868453176,7531.771380919565,,,,1159.0,13.988
12761,5,171,10040.67868453176,7532.771380919565,,,,1154.0,13.973
12762,5,172,10041.67868453176,7533.771380919565,,,,1155.0,13.956
12763,5,173,10042.67868453176,7534.771380919565,,,,1149.0,13.939
12764,5,174,10043.67868453176,7535.771380919565,,,,1145.0,13.92
12765,5,175,10044.67868453176,7536.771380919565,,,,1142.0,13.903
12766,5,176,10045.67868453176,7537.771380919565,,,,1140.0,13.885
12767,5,177,10046.67868453176,7538.771380919565,,,,1140.0,13.868
12768,5,178,10047.67868453176,7539.771380919565,,,,1139.0,13.853
12769,5,179,10048.67868453176,7540.771380919565,,,,1136.0,13.839
12770,5,180,10049.67868453176,7541.771380919565,,,,1134.0,13.825
12771,5,181,10050.67868453176,7542.771380919565,,,,1133.0,13.81
12772,5,182,10051.67868453176,7543.771380919565,,,,1130.0,13.794
12773,5,183,10052.67868453176,7544.771380919565,,,,1129.0,13.78
12774,5,184,10053.67868453176,7545.771380919565,,,,1126.0,13.764
12775,5,185,10054.67868453176,7546.771380919565,,,,1123.0,13.747
12776,5,186,10055.67868453176,7547.771380919565,,,,1119.0,13.731
12777,5,187,10056.67868453176,7548.771380919565,,,,1115.0,13.712
12778,5,188,10057.67868453176,7549.771380919565,,,,1113.0,13.695
12779,5,189,10058.67868453176,7550.771380919565,,,,1111.0,13.678
12780,5,190,10059.67868453176,7551.771380919565,,,,1110.0,13.66
12781,5,191,10060.67868453176,7552.771380919565,,,,1109.0,13.643
12782,5,192,10061.67868453176,7553.771380919565,,,,1108.0,13.628
12783,5,193,10062.67868453176,7554.771380919565,,,,1106.0,13.612
12784,5,194,10063.67868453176,7555.771380919565,,,,1106.0,13.597
12785,5,195,10064.67868453176,7556.771380919565,,,,1105.0,13.582
12786,5,196,10065.67868453176,7557.771380919565,,,,1107.0,13.566
12787,5,197,10066.67868453176,7558.771380919565,,,,1105.0,13.552
12788,5,198,10067.67868453176,7559.771380919565,,,,1103.0,13.537
12789,5,199,10068.67868453176,7560.771380919565,,,,1101.0,13.521
12790,5,200,10069.67868453176,7561.771380919565,,,,1097.0,13.504
12791,5,201,10070.67868453176,7562.771380919565,,,,1095.0,13.487
12792,5,202,10071.67868453176,7563.771380919565,,,,1092.0,13.469
12793,5,203,10072.67868453176,7564.771380919565,,,,1091.0,13.451
12794,5,204,10073.67868453176,7565.771380919565,,,,1089.0,13.434
12795,5,205,10074.67868453176,7566.771380919565,,,,1089.0,13.416
12796,5,206,10075.67868453176,7567.771380919565,,,,1087.0,13.398
12797,5,207,10076.67868453176,7568.771380919565,,,,1085.0,13.382
12798,5,208,10077.67868453176,7569.771380919565,,,,1085.0,13.365
12799,5,209,10078.67868453176,7570.771380919565,,,,1083.0,13.348
12800,5,210,10079.67868453176,7571.771380919565,,,,1082.0,13.332
12801,5,211,10080.67868453176,7572.771380919565,,,,1080.0,13.315
12802,5,212,10081.67868453176,7573.771380919565,,,,1081.0,13.299
12803,5,213,10082.67868453176,7574.771380919565,,,,1080.0,13.283
12804,5,214,10083.67868453176,7575.771380919565,,,,1078.0,13.267
12805,5,215,10084.67868453176,7576.771380919565,,,,1075.0,13.25
12806,5,216,10085.67868453176,7577.771380919565,,,,1074.0,13.232
12807,5,217,10086.67868453176,7578.771380919565,,,,1072.0,13.216
12808,5,218,10087.67868453176,7579.771380919565,,,,1072.0,13.199
12809,5,219,10088.67868453176,7580.771380919565,,,,1071.0,13.181
12810,5,220,10089.67868453176,7581.771380919565,,,,1070.0,13.165
12811,5,221,10090.67868453176,7582.771380919565,,,,1071.0,13.148
12812,5,222,10091.67868453176,7583.771380919565,,,,1071.0,13.131
12813,5,223,10092.67868453176,7584.771380919565,,,,1069.0,13.113
12814,5,224,10093.67868453176,7585.771380919565,,,,1068.0,13.096
12815,5,225,10094.67868453176,7586.771380919565,,,,1066.0,13.078
12816,5,226,10095.67868453176,7587.771380919565,,,,1066.0,13.06
12817,5,227,10096.67868453176,7588.771380919565,,,,1064.0,13.043
12818,5,228,10097.67868453176,7589.771380919565,,,,1064.0,13.025
12819,5,229,10098.67868453176,7590.771380919565,,,,1062.0,13.007
12820,5,230,10099.67868453176,7591.771380919565,,,,1061.0,12.989
12821,5,231,10100.67868453176,7592.771380919565,,,,1062.0,12.971
12822,5,232,10101.67868453176,7593.771380919565,,,,1060.0,12.954
12823,5,233,10102.67868453176,7594.771380919565,,,,1060.0,12.937
12824,5,234,10103.67868453176,7595.771380919565,,,,1058.0,12.919
12825,5,235,10104.67868453176,7596.771380919565,,,,1057.0,12.9
12826,5,236,10105.67868453176,7597.771380919565,,,,1055.0,12.882
12827,5,237,10106.67868453176,7598.771380919565,,,,1053.0,12.864
12828,5,238,10107.67868453176,7599.771380919565,,,,1054.0,12.846
12829,5,239,10108.67868453176,7600.771380919565,,,,1054.0,12.829
12830,5,240,10109.67868453176,7601.771380919565,,,,1053.0,12.812
12831,5,241,10110.67868453176,7602.771380919565,,,,1051.0,12.793
12832,5,242,10111.67868453176,7603.771380919565,,,,1048.0,12.775
12833,5,243,10112.67868453176,7604.771380919565,,,,1048.0,12.756
12834,5,244,10113.67868453176,7605.771380919565,,,,1047.0,12.737
12835,5,245,10114.67868453176,7606.771380919565,,,,1046.0,12.72
12836,5,246,10115.67868453176,7607.771380919565,,,,1046.0,12.702
12837,5,247,10116.67868453176,7608.771380919565,,,,1043.0,12.686
12838,5,248,10117.67868453176,7609.771380919565,,,,1042.0,12.668
12839,5,249,10118.67868453176,7610.771380919565,,,,1039.0,12.651
12840,5,250,10119.67868453176,7611.771380919565,,,,1036.0,12.633
12841,5,251,10120.67868453176,7612.771380919565,,,,1034.0,12.614
12842,5,252,10121.67868453176,7613.771380919565,,,,1032.0,12.596
12843,5,253,10122.67868453176,7614.771380919565,,,,1030.0,12.579
12844,5,254,10123.67868453176,7615.771380919565,,,,1030.0,12.561
12845,5,255,10124.67868453176,7616.771380919565,,,,1030.0,12.543
12846,5,256,10125.67868453176,7617.771380919565,,,,1030.0,12.528
12847,5,257,10126.67868453176,7618.771380919565,,,,1030.0,12.511
12848,5,258,10127.67868453176,7619.771380919565,,,,1027.0,12.494
12849,5,259,10128.67868453176,7620.771380919565,,,,1027.0,12.478
12850,5,260,10129.67868453176,7621.771380919565,,,,1024.0,12.46
12851,5,261,10130.67868453176,7622.771380919565,,,,1023.0,12.443
12852,5,262,10131.67868453176,7623.771380919565,,,,1021.0,12.426
12853,5,263,10132.67868453176,7624.771380919565,,,,1019.0,12.409
12854,5,264,10133.67868453176,7625.771380919565,,,,1017.0,12.392
12855,5,265,10134.67868453176,7626.771380919565,,,,1017.0,12.376
12856,5,266,10135.67868453176,7627.771380919565,,,,1016.0,12.36
12857,5,267,10136.67868453176,7628.771380919565,,,,1015.0,12.344
12858,5,268,10137.67868453176,7629.771380919565,,,,1015.0,12.328
12859,5,269,10138.67868453176,7630.771380919565,,,,1013.0,12.311
12860,5,270,10139.67868453176,7631.771380919565,,,,1012.0,12.294
12861,5,271,10140.67868453176,7632.771380919565,,,,1011.0,12.277
12862,5,272,10141.67868453176,7633.771380919565,,,,1009.0,12.259
12863,5,273,10142.67868453176,7634.771380919565,,,,1010.0,12.242
12864,5,274,10143.67868453176,7635.771380919565,,,,1008.0,12.224
12865,5,275,10144.67868453176,7636.771380919565,,,,1008.0,12.207
12866,5,276,10145.67868453176,7637.771380919565,,,,1005.0,12.191
12867,5,277,10146.67868453176,7638.771380919565,,,,1004.0,12.174
12868,5,278,10147.67868453176,7639.771380919565,,,,1001.0,12.158
12869,5,279,10148.67868453176,7640.771380919565,,,,998.0,12.14
12870,5,280,10149.67868453176,7641.771380919565,,,,997.0,12.124
12871,5,281,10150.67868453176,7642.771380919565,,,,996.0,12.108
12872,5,282,10151.67868453176,7643.771380919565,,,,995.0,12.093
12873,5,283,10152.67868453176,7644.771380919565,,,,996.0,12.076
12874,5,284,10153.67868453176,7645.771380919565,,,,996.0,12.061
12875,5,285,10154.67868453176,7646.771380919565,,,,994.0,12.045
12876,5,286,10155.67868453176,7647.771380919565,,,,993.0,12.029
12877,5,287,10156.67868453176,7648.771380919565,,,,990.0,12.013
12878,5,288,10157.67868453176,7649.771380919565,,,,989.0,11.995
12879,5,289,10158.67868453176,7650.771380919565,,,,986.0,11.977
12880,5,290,10159.67868453176,7651.771380919565,,,,986.0,11.96
12881,5,291,10160.67868453176,7652.771380919565,,,,984.0,11.943
12882,5,292,10161.67868453176,7653.771380919565,,,,983.0,11.928
12883,5,293,10162.67868453176,7654.771380919565,,,,981.0,11.912
12884,5,294,10163.67868453176,7655.771380919565,,,,980.0,11.897
12885,5,295,10164.67868453176,7656.771380919565,,,,978.0,11.881
12886,5,296,10165.67868453176,7657.771380919565,,,,975.0,11.866
12887,5,297,10166.67868453176,7658.771380919565,,,,972.0,11.849
12888,5,298,10167.67868453176,7659.771380919565,,,,970.0,11.834
12889,5,299,10168.67868453176,7660.771380919565,,,,967.0,11.817
12890,5,300,10169.67868453176,7661.771380919565,,,,967.0,11.802
12891,5,301,10170.67868453176,7662.771380919565,,,,965.0,11.786
12892,5,302,10171.67868453176,7663.771380919565,,,,963.0,11.77
12893,5,303,10172.67868453176,7664.771380919565,,,,962.0,11.754
12894,5,304,10173.67868453176,7665.771380919565,,,,962.0,11.74
12895,5,305,10174.67868453176,7666.771380919565,,,,961.0,11.726
12896,5,306,10175.67868453176,7667.771380919565,,,,959.0,11.709
12897,5,307,10176.67868453176,7668.771380919565,,,,954.0,11.692
12898,5,308,10177.67868453176,7669.771380919565,,,,951.0,11.676
12899,5,309,10178.67868453176,7670.771380919565,,,,948.0,11.66
12900,5,310,10179.67868453176,7671.771380919565,,,,947.0,11.643
12901,5,311,10180.67868453176,7672.771380919565,,,,946.0,11.628
12902,5,312,10181.67868453176,7673.771380919565,,,,944.0,11.612
12903,5,313,10182.67868453176,7674.771380919565,,,,942.0,11.597
12904,5,314,10183.67868453176,7675.771380919565,,,,939.0,11.582
12905,5,315,10184.67868453176,7676.771380919565,,,,938.0,11.566
12906,5,316,10185.67868453176,7677.771380919565,,,,936.0,11.551
12907,5,317,10186.67868453176,7678.771380919565,,,,933.0,11.534
12908,5,318,10187.67868453176,7679.771380919565,,,,930.0,11.519
12909,5,319,10188.67868453176,7680.771380919565,,,,929.0,11.501
12910,5,320,10189.67868453176,7681.771380919565,,,,928.0,11.484
12911,5,321,10190.67868453176,7682.771380919565,,,,927.0,11.467
12912,5,322,10191.67868453176,7683.771380919565,,,,926.0,11.449
12913,5,323,10192.67868453176,7684.771380919565,,,,924.0,11.433
12914,5,324,10193.67868453176,7685.771380919565,,,,922.0,11.415
12915,5,325,10194.67868453176,7686.771380919565,,,,924.0,11.399
12916,5,326,10195.67868453176,7687.771380919565,,,,925.0,11.383
12917,5,327,10196.67868453176,7688.771380919565,,,,923.0,11.369
12918,5,328,10197.67868453176,7689.771380919565,,,,921.0,11.354
12919,5,329,10198.67868453176,7690.771380919565,,,,918.0,11.338
12920,5,330,10199.67868453176,7691.771380919565,,,,916.0,11.323
12921,5,331,10200.67868453176,7692.771380919565,,,,913.0,11.309
12922,5,332,10201.67868453176,7693.771380919565,,,,911.0,11.291
12923,5,333,10202.67868453176,7694.771380919565,,,,910.0,11.274
12924,5,334,10203.67868453176,7695.771380919565,,,,909.0,11.258
12925,5,335,10204.67868453176,7696.771380919565,,,,907.0,11.241
12926,5,336,10205.67868453176,7697.771380919565,,,,905.0,11.225
12927,5,337,10206.67868453176,7698.771380919565,,,,902.0,11.207
12928,5,338,10207.67868453176,7699.771380919565,,,,898.0,11.19
12929,5,339,10208.67868453176,7700.771380919565,,,,897.0,11.173
12930,5,340,10209.67868453176,7701.771380919565,,,,893.0,11.156
12931,5,341,10210.67868453176,7702.771380919565,,,,889.0,11.139
12932,5,342,10211.67868453176,7703.771380919565,,,,885.0,11.122
12933,5,343,10212.67868453176,7704.771380919565,,,,883.0,11.106
12934,5,344,10213.67868453176,7705.771380919565,,,,880.0,11.09
12935,5,345,10214.67868453176,7706.771380919565,,,,877.0,11.074
12936,5,346,10215.67868453176,7707.771380919565,,,,875.0,11.058
12937,5,347,10216.67868453176,7708.771380919565,,,,873.0,11.043
12938,5,348,10217.67868453176,7709.771380919565,,,,869.0,11.028
12939,5,349,10218.67868453176,7710.771380919565,,,,867.0,11.013
12940,5,350,10219.67868453176,7711.771380919565,,,,863.0,10.998
12941,5,351,10220.67868453176,7712.771380919565,,,,859.0,10.984
12942,5,352,10221.67868453176,7713.771380919565,,,,856.0,10.968
12943,5,353,10222.67868453176,7714.771380919565,,,,852.0,10.953
12944,5,354,10223.67868453176,7715.771380919565,,,,850.0,10.938
12945,5,355,10224.67868453176,7716.771380919565,,,,848.0,10.922
12946,5,356,10225.67868453176,7717.771380919565,,,,846.0,10.908
12947,5,357,10226.67868453176,7718.771380919565,,,,845.0,10.892
12948,5,358,10227.67868453176,7719.771380919565,,,,840.0,10.879
12949,5,359,10228.67868453176,7720.771380919565,,,,836.0,10.864
12950,5,360,10229.67868453176,7721.771380919565,,,,832.0,10.849
12951,5,361,10230.67868453176,7722.771380919565,,,,829.0,10.833
12952,5,362,10231.67868453176,7723.771380919565,,,,828.0,10.818
12953,5,363,10232.67868453176,7724.771380919565,,,,827.0,10.803
12954,5,364,10233.67868453176,7725.771380919565,,,,825.0,10.789
12955,5,365,10234.67868453176,7726.771380919565,,,,823.0,10.774
12956,5,366,10235.67868453176,7727.771380919565,,,,821.0,10.759
12957,5,367,10236.67868453176,7728.771380919565,,,,819.0,10.743
12958,5,368,10237.67868453176,7729.771380919565,,,,818.0,10.727
12959,5,369,10238.67868453176,7730.771380919565,,,,815.0,10.711
12960,5,370,10239.67868453176,7731.771380919565,,,,812.0,10.695
12961,5,371,10240.67868453176,7732.771380919565,,,,807.0,10.679
12962,5,372,10241.67868453176,7733.771380919565,,,,805.0,10.663
12963,5,373,10242.67868453176,7734.771380919565,,,,799.0,10.649
12964,5,374,10243.67868453176,7735.771380919565,,,,797.0,10.635
12965,5,375,10244.67868453176,7736.771380919565,,,,795.0,10.623
12966,5,376,10245.67868453176,7737.771380919565,,,,793.0,10.612
12967,5,377,10246.67868453176,7738.771380919565,,,,790.0,10.602
12968,5,378,10247.67868453176,7739.771380919565,,,,790.0,10.593
12969,5,379,10248.67868453176,7740.771380919565,,,,788.0,10.583
12970,5,380,10249.67868453176,7741.771380919565,,,,787.0,10.572
12971,5,381,10250.67868453176,7742.771380919565,,,,786.0,10.562
12972,5,382,10251.67868453176,7743.771380919565,,,,783.0,10.549
12973,5,383,10252.67868453176,7744.771380919565,,,,781.0,10.537
12974,5,384,10253.67868453176,7745.771380919565,,,,778.0,10.524
12975,5,385,10254.67868453176,7746.771380919565,,,,778.0,10.513
12976,5,386,10255.67868453176,7747.771380919565,,,,778.0,10.5
12977,5,387,10256.67868453176,7748.771380919565,,,,777.0,10.489
12978,5,388,10257.67868453176,7749.771380919565,,,,772.0,10.478
12979,5,389,10258.67868453176,7750.771380919565,,,,771.0,10.465
12980,5,390,10259.67868453176,7751.771380919565,,,,768.0,10.453
12981,5,391,10260.67868453176,7752.771380919565,,,,765.0,10.441
12982,5,392,10261.67868453176,7753.771380919565,,,,765.0,10.428
12983,5,393,10262.67868453176,7754.771380919565,,,,764.0,10.416
12984,5,394,10263.67868453176,7755.771380919565,,,,764.0,10.402
12985,5,395,10264.67868453176,7756.771380919565,,,,762.0,10.39
12986,5,396,10265.67868453176,7757.771380919565,,,,762.0,10.376
12987,5,397,10266.67868453176,7758.771380919565,,,,762.0,10.364
12988,5,398,10267.67868453176,7759.771380919565,,,,762.0,10.35
12989,5,399,10268.67868453176,7760.771380919565,,,,761.0,10.338
12990,5,400,10269.67868453176,7761.771380919565,,,,757.0,10.322
12991,5,401,10270.67868453176,7762.771380919565,,,,754.0,10.309
12992,5,402,10271.67868453176,7763.771380919565,,,,751.0,10.294
12993,5,403,10272.67868453176,7764.771380919565,,,,753.0,10.279
12994,5,404,10273.67868453176,7765.771380919565,,,,751.0,10.264
12995,5,405,10274.67868453176,7766.771380919565,,,,751.0,10.25
12996,5,406,10275.67868453176,7767.771380919565,,,,749.0,10.235
12997,5,407,10276.67868453176,7768.771380919565,,,,751.0,10.222
12998,5,408,10277.67868453176,7769.771380919565,,,,750.0,10.208
12999,5,409,10278.67868453176,7770.771380919565,,,,749.0,10.193
13000,5,410,10279.67868453176,7771.771380919565,,,,747.0,10.177
13001,5,411,10280.67868453176,7772.771380919565,,,,744.0,10.161
13002,5,412,10281.67868453176,7773.771380919565,,,,743.0,10.144
13003,5,413,10282.67868453176,7774.771380919565,,,,743.0,10.128
13004,5,414,10283.67868453176,7775.771380919565,,,,742.0,10.112
13005,5,415,10284.67868453176,7776.771380919565,,,,745.0,10.098
13006,5,416,10285.67868453176,7777.771380919565,,,,743.0,10.084
13007,5,417,10286.67868453176,7778.771380919565,,,,740.0,10.07
13008,5,418,10287.67868453176,7779.771380919565,,,,738.0,10.056
13009,5,419,10288.67868453176,7780.771380919565,,,,738.0,10.042
13010,5,420,10289.67868453176,7781.771380919565,,,,737.0,10.029
13011,5,421,10290.67868453176,7782.771380919565,,,,734.0,10.017
13012,5,422,10291.67868453176,7783.771380919565,,,,734.0,10.007
13013,5,423,10292.67868453176,7784.771380919565,,,,732.0,9.997
13014,5,424,10293.67868453176,7785.771380919565,,,,729.0,9.988
13015,5,425,10294.67868453176,7786.771380919565,,,,724.0,9.978
13016,5,426,10295.67868453176,7787.771380919565,,,,723.0,9.968
13017,5,427,10296.67868453176,7788.771380919565,,,,719.0,9.958
13018,5,428,10297.67868453176,7789.771380919565,,,,719.0,9.947
13019,5,429,10298.67868453176,7790.771380919565,,,,716.0,9.936
13020,5,430,10299.67868453176,7791.771380919565,,,,715.0,9.923
13021,5,431,10300.67868453176,7792.771380919565,,,,716.0,9.91
13022,5,432,10301.67868453176,7793.771380919565,,,,715.0,9.899
13023,5,433,10302.67868453176,7794.771380919565,,,,715.0,9.886
13024,5,434,10303.67868453176,7795.771380919565,,,,713.0,9.874
13025,5,435,10304.67868453176,7796.771380919565,,,,709.0,9.86
13026,5,436,10305.67868453176,7797.771380919565,,,,707.0,9.846
13027,5,437,10306.67868453176,7798.771380919565,,,,705.0,9.832
13028,5,438,10307.67868453176,7799.771380919565,,,,703.0,9.82
13029,5,439,10308.67868453176,7800.771380919565,,,,702.0,9.809
13030,5,440,10309.67868453176,7801.771380919565,,,,700.0,9.798
13031,5,441,10310.67868453176,7802.771380919565,,,,697.0,9.79
13032,5,442,10311.67868453176,7803.771380919565,,,,695.0,9.784
13033,5,443,10312.67868453176,7804.771380919565,,,,697.0,9.776
13034,5,444,10313.67868453176,7805.771380919565,,,,698.0,9.77
13035,5,445,10314.67868453176,7806.771380919565,,,,699.0,9.761
13036,5,446,10315.67868453176,7807.771380919565,,,,698.0,9.752
13037,5,447,10316.67868453176,7808.771380919565,,,,699.0,9.742
13038,5,448,10317.67868453176,7809.771380919565,,,,699.0,9.733
13039,5,449,10318.67868453176,7810.771380919565,,,,700.0,9.724
13040,5,450,10319.67868453176,7811.771380919565,,,,699.0,9.716
13041,5,451,10320.67868453176,7812.771380919565,,,,700.0,9.708
13042,5,452,10321.67868453176,7813.771380919565,,,,698.0,9.702
13043,5,453,10322.67868453176,7814.771380919565,,,,697.0,9.697
13044,5,454,10323.67868453176,7815.771380919565,,,,694.0,9.692
13045,5,455,10324.67868453176,7816.771380919565,,,,695.0,9.688
13046,5,456,10325.67868453176,7817.771380919565,,,,696.0,9.685
13047,5,457,10326.67868453176,7818.771380919565,,,,694.0,9.681
13048,5,458,10327.67868453176,7819.771380919565,,,,695.0,9.677
13049,5,459,10328.67868453176,7820.771380919565,,,,694.0,9.675
13050,5,460,10329.67868453176,7821.771380919565,,,,695.0,9.674
13096,5,506,10375.67868453176,7867.771380919565,,,,702.0,9.67
13097,5,507,10376.67868453176,7868.771380919565,,,,702.0,9.661
13098,5,508,10377.67868453176,7869.771380919565,,,,702.0,9.651
13099,5,509,10378.67868453176,7870.771380919565,,,,702.0,9.644
13100,5,510,10379.67868453176,7871.771380919565,,,,702.0,9.638
13101,5,511,10380.67868453176,7872.771380919565,,,,702.0,9.634
13102,5,512,10381.67868453176,7873.771380919565,,,,701.0,9.632
13106,5,516,10385.67868453176,7877.771380919565,,,,703.0,9.631
13107,5,517,10386.67868453176,7878.771380919565,,,,704.0,9.627
13108,5,518,10387.67868453176,7879.771380919565,,,,705.0,9.622
13109,5,519,10388.67868453176,7880.771380919565,,,,707.0,9.615
13110,5,520,10389.67868453176,7881.771380919565,,,,709.0,9.606
13111,5,521,10390.67868453176,7882.771380919565,,,,709.0,9.595
13112,5,522,10391.67868453176,7883.771380919565,,,,710.0,9.583
13113,5,523,10392.67868453176,7884.771380919565,,,,710.0,9.569
13114,5,524,10393.67868453176,7885.771380919565,,,,710.0,9.554
13115,5,525,10394.67868453176,7886.771380919565,,,,711.0,9.54
13116,5,526,10395.67868453176,7887.771380919565,,,,712.0,9.527
13117,5,527,10396.67868453176,7888.771380919565,,,,712.0,9.512
13118,5,528,10397.67868453176,7889.771380919565,,,,710.0,9.497
13119,5,529,10398.67868453176,7890.771380919565,,,,711.0,9.483
13120,5,530,10399.67868453176,7891.771380919565,,,,711.0,9.469
13121,5,531,10400.67868453176,7892.771380919565,,,,711.0,9.453
13122,5,532,10401.67868453176,7893.771380919565,,,,712.0,9.437
13123,5,533,10402.67868453176,7894.771380919565,,,,711.0,9.422
13124,5,534,10403.67868453176,7895.771380919565,,,,711.0,9.407
13125,5,535,10404.67868453176,7896.771380919565,,,,713.0,9.392
13126,5,536,10405.67868453176,7897.771380919565,,,,714.0,9.377
13127,5,537,10406.67868453176,7898.771380919565,,,,716.0,9.363
13128,5,538,10407.67868453176,7899.771380919565,,,,718.0,9.348
13129,5,539,10408.67868453176,7900.771380919565,,,,718.0,9.333
13130,5,540,10409.67868453176,7901.771380919565,,,,718.0,9.319
13131,5,541,10410.67868453176,7902.771380919565,,,,720.0,9.305
13132,5,542,10411.67868453176,7903.771380919565,,,,721.0,9.292
13133,5,543,10412.67868453176,7904.771380919565,,,,722.0,9.279
13134,5,544,10413.67868453176,7905.771380919565,,,,721.0,9.27
13135,5,545,10414.67868453176,7906.771380919565,,,,720.0,9.261
13136,5,546,10415.67868453176,7907.771380919565,,,,720.0,9.255
13137,5,547,10416.67868453176,7908.771380919565,,,,722.0,9.25
13138,5,548,10417.67868453176,7909.771380919565,,,,723.0,9.245
13139,5,549,10418.67868453176,7910.771380919565,,,,726.0,9.243
13164,5,574,10443.67868453176,7935.771380919565,,,,754.0,9.24
13165,5,575,10444.67868453176,7936.771380919565,,,,753.0,9.227
13166,5,576,10445.67868453176,7937.771380919565,,,,754.0,9.213
13167,5,577,10446.67868453176,7938.771380919565,,,,754.0,9.203
13168,5,578,10447.67868453176,7939.771380919565,,,,753.0,9.192
13169,5,579,10448.67868453176,7940.771380919565,,,,753.0,9.181
13170,5,580,10449.67868453176,7941.771380919565,,,,754.0,9.17
13171,5,581,10450.67868453176,7942.771380919565,,,,755.0,9.16
13172,5,582,10451.67868453176,7943.771380919565,,,,753.0,9.148
13173,5,583,10452.67868453176,7944.771380919565,,,,754.0,9.14
13174,5,584,10453.67868453176,7945.771380919565,,,,755.0,9.131
13175,5,585,10454.67868453176,7946.771380919565,,,,756.0,9.122
13176,5,586,10455.67868453176,7947.771380919565,,,,757.0,9.115
13177,5,587,10456.67868453176,7948.771380919565,,,,758.0,9.11
13178,5,588,10457.67868453176,7949.771380919565,,,,760.0,9.106
13179,5,589,10458.67868453176,7950.771380919565,,,,760.0,9.104
13205,5,615,10484.67868453176,7976.771380919565,,,,790.0,9.094
13206,5,616,10485.67868453176,7977.771380919565,,,,792.0,9.084
13207,5,617,10486.67868453176,7978.771380919565,,,,794.0,9.078
13208,5,618,10487.67868453176,7979.771380919565,,,,794.0,9.073
13209,5,619,10488.67868453176,7980.771380919565,,,,793.0,9.071
13246,5,656,10525.67868453176,8017.771380919565,,,,819.0,9.059
13247,5,657,10526.67868453176,8018.771380919565,,,,821.0,9.044
13248,5,658,10527.67868453176,8019.771380919565,,,,825.0,9.031
13249,5,659,10528.67868453176,8020.771380919565,,,,827.0,9.02
13250,5,660,10529.67868453176,8021.771380919565,,,,828.0,9.011
13251,5,661,10530.67868453176,8022.771380919565,,,,828.0,9.006
13452,5,862,10731.67868453176,8223.771380919565,,,,894.0,8.992
13453,5,863,10732.67868453176,8224.771380919565,,,,895.0,8.979
13454,5,864,10733.67868453176,8225.771380919565,,,,895.0,8.967
13455,5,865,10734.67868453176,8226.771380919565,,,,893.0,8.954
13456,5,866,10735.67868453176,8227.771380919565,,,,890.0,8.94
13457,5,867,10736.67868453176,8228.771380919565,,,,893.0,8.926
13458,5,868,10737.67868453176,8229.771380919565,,,,894.0,8.912
13459,5,869,10738.67868453176,8230.771380919565,,,,892.0,8.898
13460,5,870,10739.67868453176,8231.771380919565,,,,893.0,8.886
13461,5,871,10740.67868453176,8232.771380919565,,,,892.0,8.871
13462,5,872,10741.67868453176,8233.771380919565,,,,892.0,8.857
13463,5,873,10742.67868453176,8234.771380919565,,,,892.0,8.843
13464,5,874,10743.67868453176,8235.771380919565,,,,891.0,8.831
13465,5,875,10744.67868453176,8236.771380919565,,,,892.0,8.819
13466,5,876,10745.67868453176,8237.771380919565,,,,892.0,8.807
13467,5,877,10746.67868453176,8238.771380919565,,,,891.0,8.796
13468,5,878,10747.67868453176,8239.771380919565,,,,894.0,8.784
13469,5,879,10748.67868453176,8240.771380919565,,,,892.0,8.773
13470,5,880,10749.67868453176,8241.771380919565,,,,894.0,8.761
13471,5,881,10750.67868453176,8242.771380919565,,,,891.0,8.749
13472,5,882,10751.67868453176,8243.771380919565,,,,891.0,8.738
13473,5,883,10752.67868453176,8244.771380919565,,,,892.0,8.725
13474,5,884,10753.67868453176,8245.771380919565,,,,896.0,8.713
13475,5,885,10754.67868453176,8246.771380919565,,,,895.0,8.702
13476,5,886,10755.67868453176,8247.771380919565,,,,894.0,8.689
13477,5,887,10756.67868453176,8248.771380919565,,,,892.0,8.677
13478,5,888,10757.67868453176,8249.771380919565,,,,894.0,8.662
13479,5,889,10758.67868453176,8250.771380919565,,,,894.0,8.649
13480,5,890,10759.67868453176,8251.771380919565,,,,893.0,8.632
13481,5,891,10760.67868453176,8252.771380919565,,,,891.0,8.617
13482,5,892,10761.67868453176,8253.771380919565,,,,890.0,8.599
13483,5,893,10762.67868453176,8254.771380919565,,,,890.0,8.583
13484,5,894,10763.67868453176,8255.771380919565,,,,885.0,8.566
13485,5,895,10764.67868453176,8256.771380919565,,,,884.0,8.546
13486,5,896,10765.67868453176,8257.771380919565,,,,885.0,8.527
13487,5,897,10766.67868453176,8258.771380919565,,,,884.0,8.508
13488,5,898,10767.67868453176,8259.771380919565,,,,885.0,8.491
13489,5,899,10768.67868453176,8260.771380919565,,,,885.0,8.475
13490,5,900,10769.67868453176,8261.771380919565,,,,883.0,8.458
13491,5,901,10770.67868453176,8262.771380919565,,,,881.0,8.44
13492,5,902,10771.67868453176,8263.771380919565,,,,878.0,8.422
13493,5,903,10772.67868453176,8264.771380919565,,,,874.0,8.403
13494,5,904,10773.67868453176,8265.771380919565,,,,873.0,8.384
13495,5,905,10774.67868453176,8266.771380919565,,,,871.0,8.365
13496,5,906,10775.67868453176,8267.771380919565,,,,870.0,8.346
13497,5,907,10776.67868453176,8268.771380919565,,,,866.0,8.326
13498,5,908,10777.67868453176,8269.771380919565,,,,867.0,8.307
13499,5,909,10778.67868453176,8270.771380919565,,,,865.0,8.289
13500,5,910,10779.67868453176,8271.771380919565,,,,861.0,8.271
13501,5,911,10780.67868453176,8272.771380919565,,,,858.0,8.253
13502,5,912,10781.67868453176,8273.771380919565,,,,855.0,8.234
13503,5,913,10782.67868453176,8274.771380919565,,,,855.0,8.216
13504,5,914,10783.67868453176,8275.771380919565,,,,852.0,8.199
13505,5,915,10784.67868453176,8276.771380919565,,,,852.0,8.181
13506,5,916,10785.67868453176,8277.771380919565,,,,851.0,8.164
13507,5,917,10786.67868453176,8278.771380919565,,,,850.0,8.147
13508,5,918,10787.67868453176,8279.771380919565,,,,847.0,8.131
13509,5,919,10788.67868453176,8280.771380919565,,,,846.0,8.113
13510,5,920,10789.67868453176,8281.771380919565,,,,842.0,8.095
13511,5,921,10790.67868453176,8282.771380919565,,,,840.0,8.077
13512,5,922,10791.67868453176,8283.771380919565,,,,838.0,8.057
13513,5,923,10792.67868453176,8284.771380919565,,,,834.0,8.038
13514,5,924,10793.67868453176,8285.771380919565,,,,833.0,8.019
13515,5,925,10794.67868453176,8286.771380919565,,,,831.0,7.999
13516,5,926,10795.67868453176,8287.771380919565,,,,830.0,7.98
13517,5,927,10796.67868453176,8288.771380919565,,,,828.0,7.962
13518,5,928,10797.67868453176,8289.771380919565,,,,827.0,7.944
13519,5,929,10798.67868453176,8290.771380919565,,,,826.0,7.925
13520,5,930,10799.67868453176,8291.771380919565,,,,823.0,7.907
13521,5,931,10800.67868453176,8292.771380919565,,,,823.0,7.888
13522,5,932,10801.67868453176,8293.771380919565,,,,820.0,7.869
13523,5,933,10802.67868453176,8294.771380919565,,,,818.0,7.85
13524,5,934,10803.67868453176,8295.771380919565,,,,818.0,7.832
13525,5,935,10804.67868453176,8296.771380919565,,,,816.0,7.812
13526,5,936,10805.67868453176,8297.771380919565,,,,816.0,7.794
13527,5,937,10806.67868453176,8298.771380919565,,,,812.0,7.775
13528,5,938,10807.67868453176,8299.771380919565,,,,811.0,7.756
13529,5,939,10808.67868453176,8300.771380919565,,,,810.0,7.738
13530,5,940,10809.67868453176,8301.771380919565,,,,809.0,7.719
13531,5,941,10810.67868453176,8302.771380919565,,,,808.0,7.699
13532,5,942,10811.67868453176,8303.771380919565,,,,806.0,7.681
13533,5,943,10812.67868453176,8304.771380919565,,,,806.0,7.664
13534,5,944,10813.67868453176,8305.771380919565,,,,804.0,7.647
13535,5,945,10814.67868453176,8306.771380919565,,,,802.0,7.631
13536,5,946,10815.67868453176,8307.771380919565,,,,802.0,7.613
13537,5,947,10816.67868453176,8308.771380919565,,,,799.0,7.596
13538,5,948,10817.67868453176,8309.771380919565,,,,797.0,7.578
13539,5,949,10818.67868453176,8310.771380919565,,,,798.0,7.559
13540,5,950,10819.67868453176,8311.771380919565,,,,796.0,7.541
13541,5,951,10820.67868453176,8312.771380919565,,,,793.0,7.523
13542,5,952,10821.67868453176,8313.771380919565,,,,793.0,7.503
13543,5,953,10822.67868453176,8314.771380919565,,,,789.0,7.484
13544,5,954,10823.67868453176,8315.771380919565,,,,785.0,7.464
13545,5,955,10824.67868453176,8316.771380919565,,,,783.0,7.444
13546,5,956,10825.67868453176,8317.771380919565,,,,780.0,7.424
13547,5,957,10826.67868453176,8318.771380919565,,,,778.0,7.405
13548,5,958,10827.67868453176,8319.771380919565,,,,776.0,7.387
13549,5,959,10828.67868453176,8320.771380919565,,,,773.0,7.368
13550,5,960,10829.67868453176,8321.771380919565,,,,773.0,7.35
13551,5,961,10830.67868453176,8322.771380919565,,,,771.0,7.332
13552,5,962,10831.67868453176,8323.771380919565,,,,770.0,7.314
13553,5,963,10832.67868453176,8324.771380919565,,,,769.0,7.296
13554,5,964,10833.67868453176,8325.771380919565,,,,767.0,7.277
13555,5,965,10834.67868453176,8326.771380919565,,,,765.0,7.259
13556,5,966,10835.67868453176,8327.771380919565,,,,765.0,7.243
13557,5,967,10836.67868453176,8328.771380919565,,,,765.0,7.224
13558,5,968,10837.67868453176,8329.771380919565,,,,764.0,7.206
13559,5,969,10838.67868453176,8330.771380919565,,,,761.0,7.187
13560,5,970,10839.67868453176,8331.771380919565,,,,761.0,7.169
13561,5,971,10840.67868453176,8332.771380919565,,,,761.0,7.15
13562,5,972,10841.67868453176,8333.771380919565,,,,757.0,7.129
13563,5,973,10842.67868453176,8334.771380919565,,,,754.0,7.109
13564,5,974,10843.67868453176,8335.771380919565,,,,756.0,7.088
13565,5,975,10844.67868453176,8336.771380919565,,,,756.0,7.068
13566,5,976,10845.67868453176,8337.771380919565,,,,758.0,7.048
13567,5,977,10846.67868453176,8338.771380919565,,,,759.0,7.028
13568,5,978,10847.67868453176,8339.771380919565,,,,760.0,7.009
13569,5,979,10848.67868453176,8340.771380919565,,,,763.0,6.992
13570,5,980,10849.67868453176,8341.771380919565,,,,763.0,6.974
13571,5,981,10850.67868453176,8342.771380919565,,,,764.0,6.957
13572,5,982,10851.67868453176,8343.771380919565,,,,764.0,6.941
13573,5,983,10852.67868453176,8344.771380919565,,,,766.0,6.925
13574,5,984,10853.67868453176,8345.771380919565,,,,764.0,6.909
13575,5,985,10854.67868453176,8346.771380919565,,,,766.0,6.894
13576,5,986,10855.67868453176,8347.771380919565,,,,768.0,6.877
13577,5,987,10856.67868453176,8348.771380919565,,,,770.0,6.862
13578,5,988,10857.67868453176,8349.771380919565,,,,770.0,6.848
13579,5,989,10858.67868453176,8350.771380919565,,,,770.0,6.831
13580,5,990,10859.67868453176,8351.771380919565,,,,768.0,6.813
13581,5,991,10860.67868453176,8352.771380919565,,,,764.0,6.795
13582,5,992,10861.67868453176,8353.771380919565,,,,761.0,6.774
13583,5,993,10862.67868453176,8354.771380919565,,,,762.0,6.754
13584,5,994,10863.67868453176,8355.771380919565,,,,761.0,6.733
13585,5,995,10864.67868453176,8356.771380919565,,,,763.0,6.715
13586,5,996,10865.67868453176,8357.771380919565,,,,762.0,6.696
13587,5,997,10866.67868453176,8358.771380919565,,,,766.0,6.679
13588,5,998,10867.67868453176,8359.771380919565,,,,770.0,6.662
13589,5,999,10868.67868453176,8360.771380919565,,,,772.0,6.646
13590,5,1000,10869.67868453176,8361.771380919565,,,,772.0,6.631
13591,5,1001,10870.67868453176,8362.771380919565,,,,773.0,6.614
13592,5,1002,10871.67868453176,8363.771380919565,,,,768.0,6.595
13593,5,1003,10872.67868453176,8364.771380919565,,,,767.0,6.576
13594,5,1004,10873.67868453176,8365.771380919565,,,,769.0,6.556
13595,5,1005,10874.67868453176,8366.771380919565,,,,772.0,6.537
13596,5,1006,10875.67868453176,8367.771380919565,,,,774.0,6.517
13597,5,1007,10876.67868453176,8368.771380919565,,,,775.0,6.499
13598,5,1008,10877.67868453176,8369.771380919565,,,,777.0,6.481
13599,5,1009,10878.67868453176,8370.771380919565,,,,778.0,6.463
13600,5,1010,10879.67868453176,8371.771380919565,,,,777.0,6.446
13601,5,1011,10880.67868453176,8372.771380919565,,,,780.0,6.43
13602,5,1012,10881.67868453176,8373.771380919565,,,,780.0,6.414
13603,5,1013,10882.67868453176,8374.771380919565,,,,780.0,6.396
13604,5,1014,10883.67868453176,8375.771380919565,,,,782.0,6.379
13605,5,1015,10884.67868453176,8376.771380919565,,,,784.0,6.362
13606,5,1016,10885.67868453176,8377.771380919565,,,,784.0,6.346
13607,5,1017,10886.67868453176,8378.771380919565,,,,786.0,6.329
13608,5,1018,10887.67868453176,8379.771380919565,,,,788.0,6.311
13609,5,1019,10888.67868453176,8380.771380919565,,,,787.0,6.294
13610,5,1020,10889.67868453176,8381.771380919565,,,,785.0,6.276
13611,5,1021,10890.67868453176,8382.771380919565,,,,787.0,6.258
13612,5,1022,10891.67868453176,8383.771380919565,,,,785.0,6.239
13613,5,1023,10892.67868453176,8384.771380919565,,,,786.0,6.219
13614,5,1024,10893.67868453176,8385.771380919565,,,,788.0,6.2
13615,5,1025,10894.67868453176,8386.771380919565,,,,788.0,6.181
13616,5,1026,10895.67868453176,8387.771380919565,,,,789.0,6.162
13617,5,1027,10896.67868453176,8388.771380919565,,,,790.0,6.143
13618,5,1028,10897.67868453176,8389.771380919565,,,,790.0,6.123
13619,5,1029,10898.67868453176,8390.771380919565,,,,790.0,6.105
13620,5,1030,10899.67868453176,8391.771380919565,,,,793.0,6.087
13621,5,1031,10900.67868453176,8392.771380919565,,,,793.0,6.068
13622,5,1032,10901.67868453176,8393.771380919565,,,,794.0,6.05
13623,5,1033,10902.67868453176,8394.771380919565,,,,795.0,6.031
13624,5,1034,10903.67868453176,8395.771380919565,,,,794.0,6.013
13625,5,1035,10904.67868453176,8396.771380919565,,,,796.0,5.994
13626,5,1036,10905.67868453176,8397.771380919565,,,,799.0,5.975
13627,5,1037,10906.67868453176,8398.771380919565,,,,801.0,5.956
13628,5,1038,10907.67868453176,8399.771380919565,,,,802.0,5.939
13629,5,1039,10908.67868453176,8400.771380919565,,,,803.0,5.92
13630,5,1040,10909.67868453176,8401.771380919565,,,,805.0,5.901
13631,5,1041,10910.67868453176,8402.771380919565,,,,804.0,5.882
13632,5,1042,10911.67868453176,8403.771380919565,,,,803.0,5.862
13633,5,1043,10912.67868453176,8404.771380919565,,,,805.0,5.844
13634,5,1044,10913.67868453176,8405.771380919565,,,,808.0,5.824
13635,5,1045,10914.67868453176,8406.771380919565,,,,812.0,5.807
13636,5,1046,10915.67868453176,8407.771380919565,,,,812.0,5.791
13637,5,1047,10916.67868453176,8408.771380919565,,,,815.0,5.773
13638,5,1048,10917.67868453176,8409.771380919565,,,,817.0,5.755
13639,5,1049,10918.67868453176,8410.771380919565,,,,818.0,5.737
13640,5,1050,10919.67868453176,8411.771380919565,,,,817.0,5.722
13641,5,1051,10920.67868453176,8412.771380919565,,,,824.0,5.705
13642,5,1052,10921.67868453176,8413.771380919565,,,,824.0,5.686
13643,5,1053,10922.67868453176,8414.771380919565,,,,823.0,5.668
13644,5,1054,10923.67868453176,8415.771380919565,,,,819.0,5.65
13645,5,1055,10924.67868453176,8416.771380919565,,,,820.0,5.632
13646,5,1056,10925.67868453176,8417.771380919565,,,,822.0,5.613
13647,5,1057,10926.67868453176,8418.771380919565,,,,824.0,5.594
13648,5,1058,10927.67868453176,8419.771380919565,,,,825.0,5.576
13649,5,1059,10928.67868453176,8420.771380919565,,,,825.0,5.557
13650,5,1060,10929.67868453176,8421.771380919565,,,,829.0,5.538
13651,5,1061,10930.67868453176,8422.771380919565,,,,829.0,5.519
13652,5,1062,10931.67868453176,8423.771380919565,,,,829.0,5.5
13653,5,1063,10932.67868453176,8424.771380919565,,,,827.0,5.48
13654,5,1064,10933.67868453176,8425.771380919565,,,,826.0,5.46
13655,5,1065,10934.67868453176,8426.771380919565,,,,827.0,5.442
13656,5,1066,10935.67868453176,8427.771380919565,,,,827.0,5.424
13657,5,1067,10936.67868453176,8428.771380919565,,,,828.0,5.406
13658,5,1068,10937.67868453176,8429.771380919565,,,,829.0,5.387
13659,5,1069,10938.67868453176,8430.771380919565,,,,828.0,5.369
13660,5,1070,10939.67868453176,8431.771380919565,,,,826.0,5.35
13661,5,1071,10940.67868453176,8432.771380919565,,,,825.0,5.33
13662,5,1072,10941.67868453176,8433.771380919565,,,,824.0,5.31
13663,5,1073,10942.67868453176,8434.771380919565,,,,824.0,5.29
13664,5,1074,10943.67868453176,8435.771380919565,,,,824.0,5.27
13665,5,1075,10944.67868453176,8436.771380919565,,,,823.0,5.252
13666,5,1076,10945.67868453176,8437.771380919565,,,,823.0,5.231
13667,5,1077,10946.67868453176,8438.771380919565,,,,821.0,5.211
13668,5,1078,10947.67868453176,8439.771380919565,,,,821.0,5.19
13669,5,1079,10948.67868453176,8440.771380919565,,,,821.0,5.169
13670,5,1080,10949.67868453176,8441.771380919565,,,,820.0,5.148
13671,5,1081,10950.67868453176,8442.771380919565,,,,817.0,5.128
13672,5,1082,10951.67868453176,8443.771380919565,,,,814.0,5.108
13673,5,1083,10952.67868453176,8444.771380919565,,,,814.0,5.09
13674,5,1084,10953.67868453176,8445.771380919565,,,,813.0,5.071
13675,5,1085,10954.67868453176,8446.771380919565,,,,811.0,5.051
13676,5,1086,10955.67868453176,8447.771380919565,,,,808.0,5.032
13677,5,1087,10956.67868453176,8448.771380919565,,,,808.0,5.011
13678,5,1088,10957.67868453176,8449.771380919565,,,,805.0,4.991
13679,5,1089,10958.67868453176,8450.771380919565,,,,799.0,4.969
13680,5,1090,10959.67868453176,8451.771380919565,,,,797.0,4.947
13681,5,1091,10960.67868453176,8452.771380919565,,,,795.0,4.925
13682,5,1092,10961.67868453176,8453.771380919565,,,,794.0,4.903
13683,5,1093,10962.67868453176,8454.771380919565,,,,792.0,4.882
13684,5,1094,10963.67868453176,8455.771380919565,,,,793.0,4.861
13685,5,1095,10964.67868453176,8456.771380919565,,,,791.0,4.839
13686,5,1096,10965.67868453176,8457.771380919565,,,,788.0,4.818
13687,5,1097,10966.67868453176,8458.771380919565,,,,787.0,4.799
13688,5,1098,10967.67868453176,8459.771380919565,,,,786.0,4.781
13689,5,1099,10968.67868453176,8460.771380919565,,,,785.0,4.763
13690,5,1100,10969.67868453176,8461.771380919565,,,,784.0,4.745
13691,5,1101,10970.67868453176,8462.771380919565,,,,779.0,4.728
13692,5,1102,10971.67868453176,8463.771380919565,,,,777.0,4.709
13693,5,1103,10972.67868453176,8464.771380919565,,,,774.0,4.691
13694,5,1104,10973.67868453176,8465.771380919565,,,,771.0,4.671
13695,5,1105,10974.67868453176,8466.771380919565,,,,767.0,4.651
13696,5,1106,10975.67868453176,8467.771380919565,,,,764.0,4.63
13697,5,1107,10976.67868453176,8468.771380919565,,,,763.0,4.609
13698,5,1108,10977.67868453176,8469.771380919565,,,,760.0,4.59
13699,5,1109,10978.67868453176,8470.771380919565,,,,760.0,4.57
13700,5,1110,10979.67868453176,8471.771380919565,,,,760.0,4.551
13701,5,1111,10980.67868453176,8472.771380919565,,,,758.0,4.531
13702,5,1112,10981.67868453176,8473.771380919565,,,,757.0,4.512
13703,5,1113,10982.67868453176,8474.771380919565,,,,754.0,4.494
13704,5,1114,10983.67868453176,8475.771380919565,,,,752.0,4.475
13705,5,1115,10984.67868453176,8476.771380919565,,,,755.0,4.456
13706,5,1116,10985.67868453176,8477.771380919565,,,,752.0,4.436
13707,5,1117,10986.67868453176,8478.771380919565,,,,749.0,4.416
13708,5,1118,10987.67868453176,8479.771380919565,,,,745.0,4.395
13709,5,1119,10988.67868453176,8480.771380919565,,,,745.0,4.372
13710,5,1120,10989.67868453176,8481.771380919565,,,,741.0,4.351
13711,5,1121,10990.67868453176,8482.771380919565,,,,742.0,4.331
13712,5,1122,10991.67868453176,8483.771380919565,,,,742.0,4.311
13713,5,1123,10992.67868453176,8484.771380919565,,,,740.0,4.291
13714,5,1124,10993.67868453176,8485.771380919565,,,,738.0,4.271
13715,5,1125,10994.67868453176,8486.771380919565,,,,737.0,4.251
13716,5,1126,10995.67868453176,8487.771380919565,,,,736.0,4.232
13717,5,1127,10996.67868453176,8488.771380919565,,,,735.0,4.213
13718,5,1128,10997.67868453176,8489.771380919565,,,,735.0,4.194
13719,5,1129,10998.67868453176,8490.771380919565,,,,734.0,4.175
13720,5,1130,10999.67868453176,8491.771380919565,,,,733.0,4.158
13721,5,1131,11000.67868453176,8492.771380919565,,,,731.0,4.141
13722,5,1132,11001.67868453176,8493.771380919565,,,,729.0,4.123
13723,5,1133,11002.67868453176,8494.771380919565,,,,727.0,4.105
13724,5,1134,11003.67868453176,8495.771380919565,,,,725.0,4.088
13725,5,1135,11004.67868453176,8496.771380919565,,,,723.0,4.071
13726,5,1136,11005.67868453176,8497.771380919565,,,,724.0,4.052
13727,5,1137,11006.67868453176,8498.771380919565,,,,723.0,4.035
13728,5,1138,11007.67868453176,8499.771380919565,,,,724.0,4.016
13729,5,1139,11008.67868453176,8500.771380919565,,,,723.0,4.0
13730,5,1140,11009.67868453176,8501.771380919565,,,,721.0,3.982
13731,5,1141,11010.67868453176,8502.771380919565,,,,718.0,3.965
13732,5,1142,11011.67868453176,8503.771380919565,,,,716.0,3.946
13733,5,1143,11012.67868453176,8504.771380919565,,,,714.0,3.926
13734,5,1144,11013.67868453176,8505.771380919565,,,,714.0,3.907
13735,5,1145,11014.67868453176,8506.771380919565,,,,712.0,3.888
13736,5,1146,11015.67868453176,8507.771380919565,,,,711.0,3.868
13737,5,1147,11016.67868453176,8508.771380919565,,,,710.0,3.847
13738,5,1148,11017.67868453176,8509.771380919565,,,,712.0,3.827
13739,5,1149,11018.67868453176,8510.771380919565,,,,712.0,3.809
13740,5,1150,11019.67868453176,8511.771380919565,,,,711.0,3.789
13741,5,1151,11020.67868453176,8512.771380919565,,,,711.0,3.77
13742,5,1152,11021.67868453176,8513.771380919565,,,,709.0,3.751
13743,5,1153,11022.67868453176,8514.771380919565,,,,707.0,3.732
13744,5,1154,11023.67868453176,8515.771380919565,,,,708.0,3.712
13745,5,1155,11024.67868453176,8516.771380919565,,,,707.0,3.693
13746,5,1156,11025.67868453176,8517.771380919565,,,,706.0,3.673
13747,5,1157,11026.67868453176,8518.771380919565,,,,704.0,3.652
13748,5,1158,11027.67868453176,8519.771380919565,,,,705.0,3.632
13749,5,1159,11028.67868453176,8520.771380919565,,,,703.0,3.61
13750,5,1160,11029.67868453176,8521.771380919565,,,,702.0,3.588
13751,5,1161,11030.67868453176,8522.771380919565,,,,701.0,3.568
13752,5,1162,11031.67868453176,8523.771380919565,,,,699.0,3.546
13753,5,1163,11032.67868453176,8524.771380919565,,,,698.0,3.524
13754,5,1164,11033.67868453176,8525.771380919565,,,,697.0,3.502
13755,5,1165,11034.67868453176,8526.771380919565,,,,696.0,3.48
13756,5,1166,11035.67868453176,8527.771380919565,,,,694.0,3.46
13757,5,1167,11036.67868453176,8528.771380919565,,,,691.0,3.438
13758,5,1168,11037.67868453176,8529.771380919565,,,,686.0,3.417
13759,5,1169,11038.67868453176,8530.771380919565,,,,685.0,3.395
13760,5,1170,11039.67868453176,8531.771380919565,,,,682.0,3.373
13761,5,1171,11040.67868453176,8532.771380919565,,,,682.0,3.351
13762,5,1172,11041.67868453176,8533.771380919565,,,,680.0,3.33
13763,5,1173,11042.67868453176,8534.771380919565,,,,678.0,3.309
13764,5,1174,11043.67868453176,8535.771380919565,,,,677.0,3.288
13765,5,1175,11044.67868453176,8536.771380919565,,,,675.0,3.267
13766,5,1176,11045.67868453176,8537.771380919565,,,,672.0,3.245
13767,5,1177,11046.67868453176,8538.771380919565,,,,667.0,3.224
13768,5,1178,11047.67868453176,8539.771380919565,,,,666.0,3.202
13769,5,1179,11048.67868453176,8540.771380919565,,,,663.0,3.18
13770,5,1180,11049.67868453176,8541.771380919565,,,,661.0,3.157
13771,5,1181,11050.67868453176,8542.771380919565,,,,659.0,3.135
13772,5,1182,11051.67868453176,8543.771380919565,,,,655.0,3.113
13773,5,1183,11052.67868453176,8544.771380919565,,,,653.0,3.091
13774,5,1184,11053.67868453176,8545.771380919565,,,,651.0,3.068
13775,5,1185,11054.67868453176,8546.771380919565,,,,648.0,3.046
13776,5,1186,11055.67868453176,8547.771380919565,,,,646.0,3.023
13777,5,1187,11056.67868453176,8548.771380919565,,,,642.0,3.0
13778,5,1188,11057.67868453176,8549.771380919565,,,,636.0,2.976
13779,5,1189,11058.67868453176,8550.771380919565,,,,633.0,2.953
13780,5,1190,11059.67868453176,8551.771380919565,,,,630.0,2.929
13781,5,1191,11060.67868453176,8552.771380919565,,,,625.0,2.907
13782,5,1192,11061.67868453176,8553.771380919565,,,,622.0,2.882
13783,5,1193,11062.67868453176,8554.771380919565,,,,619.0,2.858
13784,5,1194,11063.67868453176,8555.771380919565,,,,613.0,2.834
13785,5,1195,11064.67868453176,8556.771380919565,,,,609.0,2.81
13786,5,1196,11065.67868453176,8557.771380919565,,,,604.0,2.785
13787,5,1197,11066.67868453176,8558.771380919565,,,,601.0,2.762
13788,5,1198,11067.67868453176,8559.771380919565,,,,601.0,2.739
13789,5,1199,11068.67868453176,8560.771380919565,,,,601.0,2.716
13790,5,1200,11069.67868453176,8561.771380919565,,,,601.0,2.694
13791,5,1201,11070.67868453176,8562.771380919565,,,,601.0,2.673
13792,5,1202,11071.67868453176,8563.771380919565,,,,599.0,2.653
13793,5,1203,11072.67868453176,8564.771380919565,,,,598.0,2.633
13794,5,1204,11073.67868453176,8565.771380919565,,,,598.0,2.615
13795,5,1205,11074.67868453176,8566.771380919565,,,,596.0,2.597
13796,5,1206,11075.67868453176,8567.771380919565,,,,594.0,2.579
13797,5,1207,11076.67868453176,8568.771380919565,,,,591.0,2.561
13798,5,1208,11077.67868453176,8569.771380919565,,,,588.0,2.542
13799,5,1209,11078.67868453176,8570.771380919565,,,,585.0,2.523
13800,5,1210,11079.67868453176,8571.771380919565,,,,581.0,2.503
13801,5,1211,11080.67868453176,8572.771380919565,,,,577.0,2.484
13802,5,1212,11081.67868453176,8573.771380919565,,,,574.0,2.464
13803,5,1213,11082.67868453176,8574.771380919565,,,,572.0,2.445
13804,5,1214,11083.67868453176,8575.771380919565,,,,569.0,2.426
13805,5,1215,11084.67868453176,8576.771380919565,,,,569.0,2.407
13806,5,1216,11085.67868453176,8577.771380919565,,,,567.0,2.388
13807,5,1217,11086.67868453176,8578.771380919565,,,,567.0,2.37
13808,5,1218,11087.67868453176,8579.771380919565,,,,566.0,2.352
13809,5,1219,11088.67868453176,8580.771380919565,,,,565.0,2.333
13810,5,1220,11089.67868453176,8581.771380919565,,,,562.0,2.315
13811,5,1221,11090.67868453176,8582.771380919565,,,,559.0,2.296
13812,5,1222,11091.67868453176,8583.771380919565,,,,558.0,2.277
13813,5,1223,11092.67868453176,8584.771380919565,,,,555.0,2.259
13814,5,1224,11093.67868453176,8585.771380919565,,,,555.0,2.241
13815,5,1225,11094.67868453176,8586.771380919565,,,,553.0,2.222
13816,5,1226,11095.67868453176,8587.771380919565,,,,550.0,2.203
13817,5,1227,11096.67868453176,8588.771380919565,,,,547.0,2.183
13818,5,1228,11097.67868453176,8589.771380919565,,,,546.0,2.164
13819,5,1229,11098.67868453176,8590.771380919565,,,,543.0,2.144
13820,5,1230,11099.67868453176,8591.771380919565,,,,541.0,2.125
13821,5,1231,11100.67868453176,8592.771380919565,,,,539.0,2.106
13822,5,1232,11101.67868453176,8593.771380919565,,,,536.0,2.086
13823,5,1233,11102.67868453176,8594.771380919565,,,,533.0,2.066
13824,5,1234,11103.67868453176,8595.771380919565,,,,531.0,2.045
13825,5,1235,11104.67868453176,8596.771380919565,,,,526.0,2.025
13826,5,1236,11105.67868453176,8597.771380919565,,,,526.0,2.005
13827,5,1237,11106.67868453176,8598.771380919565,,,,522.0,1.983
13828,5,1238,11107.67868453176,8599.771380919565,,,,520.0,1.963
13829,5,1239,11108.67868453176,8600.771380919565,,,,517.0,1.943
13830,5,1240,11109.67868453176,8601.771380919565,,,,517.0,1.922
13831,5,1241,11110.67868453176,8602.771380919565,,,,516.0,1.902
13832,5,1242,11111.67868453176,8603.771380919565,,,,514.0,1.882
13833,6,1,11112.67868453176,8604.771380919565,,,,513.0,1.868
13834,6,2,11113.67868453176,8605.771380919565,,,,511.0,1.852
13835,6,3,11114.67868453176,8606.771380919565,,,,509.0,1.837
13836,6,4,11115.67868453176,8607.771380919565,,,,507.0,1.822
13837,6,5,11116.67868453176,8608.771380919565,,,,505.0,1.807
13838,6,6,11117.67868453176,8609.771380919565,,,,501.0,1.79
13839,6,7,11118.67868453176,8610.771380919565,,,,497.0,1.772
13840,6,8,11119.67868453176,8611.771380919565,,,,492.0,1.751
13841,6,9,11120.67868453176,8612.771380919565,,,,488.0,1.729
13842,6,10,11121.67868453176,8613.771380919565,,,,483.0,1.707
13843,6,11,11122.67868453176,8614.771380919565,,,,478.0,1.683
13844,6,12,11123.67868453176,8615.771380919565,,,,476.0,1.658
13845,6,13,11124.67868453176,8616.771380919565,,,,476.0,1.632
13846,6,14,11125.67868453176,8617.771380919565,,,,475.0,1.606
13847,6,15,11126.67868453176,8618.771380919565,,,,471.0,1.58
13848,6,16,11127.67868453176,8619.771380919565,,,,469.0,1.555
13849,6,17,11128.67868453176,8620.771380919565,,,,464.0,1.529
13850,6,18,11129.67868453176,8621.771380919565,,,,462.0,1.503
13851,6,19,11130.67868453176,8622.771380919565,,,,458.0,1.475
13852,6,20,11131.67868453176,8623.771380919565,,,,450.0,1.448
13853,6,21,11132.67868453176,8624.771380919565,,,,442.0,1.42
13854,6,22,11133.67868453176,8625.771380919565,,,,439.0,1.392
13855,6,23,11134.67868453176,8626.771380919565,,,,435.0,1.363
13856,6,24,11135.67868453176,8627.771380919565,,,,428.0,1.335
13857,6,25,11136.67868453176,8628.771380919565,,,,421.0,1.308
13858,6,26,11137.67868453176,8629.771380919565,,,,418.0,1.28
13859,6,27,11138.67868453176,8630.771380919565,,,,416.0,1.251
13860,6,28,11139.67868453176,8631.771380919565,,,,414.0,1.223
13861,6,29,11140.67868453176,8632.771380919565,,,,410.0,1.196
13862,6,30,11141.67868453176,8633.771380919565,,,,404.0,1.168
13863,6,31,11142.67868453176,8634.771380919565,,,,399.0,1.139
13864,6,32,11143.67868453176,8635.771380919565,,,,398.0,1.111
13865,6,33,11144.67868453176,8636.771380919565,,,,393.0,1.082
13866,6,34,11145.67868453176,8637.771380919565,,,,390.0,1.054
13867,6,35,11146.67868453176,8638.771380919565,,,,383.0,1.025
13868,6,36,11147.67868453176,8639.771380919565,,,,382.0,0.995
13869,6,37,11148.67868453176,8640.771380919565,,,,379.0,0.968
13870,6,38,11149.67868453176,8641.771380919565,,,,374.0,0.939
13871,6,39,11150.67868453176,8642.771380919565,,,,372.0,0.911
13872,6,40,11151.67868453176,8643.771380919565,,,,370.0,0.884
13873,6,41,11152.67868453176,8644.771380919565,,,,366.0,0.856
13874,6,42,11153.67868453176,8645.771380919565,,,,360.0,0.828
13875,6,43,11154.67868453176,8646.771380919565,,,,357.0,0.799
13876,6,44,11155.67868453176,8647.771380919565,,,,353.0,0.771
13877,6,45,11156.67868453176,8648.771380919565,,,,347.0,0.741
13878,6,46,11157.67868453176,8649.771380919565,,,,345.0,0.714
13879,6,47,11158.67868453176,8650.771380919565,,,,343.0,0.684
13880,6,48,11159.67868453176,8651.771380919565,,,,339.0,0.655
13881,6,49,11160.67868453176,8652.771380919565,,,,337.0,0.628
13882,6,50,11161.67868453176,8653.771380919565,,,,334.0,0.6
13883,6,51,11162.67868453176,8654.771380919565,,,,333.0,0.573
13884,6,52,11163.67868453176,8655.771380919565,,,,332.0,0.545
13885,6,53,11164.67868453176,8656.771380919565,,,,331.0,0.519
13886,6,54,11165.67868453176,8657.771380919565,,,,330.0,0.491
13887,6,55,11166.67868453176,8658.771380919565,,,,328.0,0.465
13888,6,56,11167.67868453176,8659.771380919565,,,,327.0,0.437
13889,6,57,11168.67868453176,8660.771380919565,,,,326.0,0.411
13890,6,58,11169.67868453176,8661.771380919565,,,,326.0,0.384
13891,6,59,11170.67868453176,8662.771380919565,,,,322.0,0.358
13892,6,60,11171.67868453176,8663.771380919565,,,,320.0,0.33
13893,6,61,11172.67868453176,8664.771380919565,,,,317.0,0.302
13894,6,62,11173.67868453176,8665.771380919565,,,,313.0,0.275
13895,6,63,11174.67868453176,8666.771380919565,,,,309.0,0.247
13896,6,64,11175.67868453176,8667.771380919565,,,,309.0,0.219
13897,6,65,11176.67868453176,8668.771380919565,,,,307.0,0.19
13898,6,66,11177.67868453176,8669.771380919565,,,,305.0,0.162
13899,6,67,11178.67868453176,8670.771380919565,,,,304.0,0.134
13900,6,68,11179.67868453176,8671.771380919565,,,,308.0,0.106
13901,6,69,11180.67868453176,8672.771380919565,,,,310.0,8.0e-2
13902,6,70,11181.67868453176,8673.771380919565,,,,309.0,5.6e-2
13903,6,71,11182.67868453176,8674.771380919565,,,,307.0,3.1e-2
13904,6,72,11183.67868453176,8675.771380919565,,,,306.0,7.0e-3
0,7,13903,11183.955228697034,8676.047925084838,,,,306.28,0.0
