fixIdx,legIdx,zoneIdx,tickLead,tickRace,time,lat,lng,alt,togo
1,1,1,-1299.190370605168,-4415.960023463144,2019-07-15T11:59:59Z,46.23056667,12.80698333,965.00,85.825
2,1,2,-1298.190370605168,-4414.960023463144,2019-07-15T12:00:00Z,46.23053333,12.80696667,964.00,85.822
3,1,3,-1297.190370605168,-4413.960023463144,2019-07-15T12:00:01Z,46.23046667,12.80693333,964.00,85.816
4,1,4,-1296.190370605168,-4412.960023463144,2019-07-15T12:00:02Z,46.23038333,12.80691667,955.00,85.809
5,1,5,-1295.190370605168,-4411.960023463144,2019-07-15T12:00:03Z,46.23030000,12.80690000,958.00,85.802
6,1,6,-1294.190370605168,-4410.960023463144,2019-07-15T12:00:04Z,46.23020000,12.80685000,959.00,85.792
7,1,7,-1293.190370605168,-4409.960023463144,2019-07-15T12:00:05Z,46.23011667,12.80678333,959.00,85.782
8,1,8,-1292.190370605168,-4408.960023463144,2019-07-15T12:00:06Z,46.23005000,12.80671667,960.00,85.774
9,1,9,-1291.190370605168,-4407.960023463144,2019-07-15T12:00:07Z,46.23000000,12.80663333,956.00,85.765
10,1,10,-1290.190370605168,-4406.960023463144,2019-07-15T12:00:08Z,46.22995000,12.80655000,965.00,85.757
11,1,11,-1289.190370605168,-4405.960023463144,2019-07-15T12:00:09Z,46.22990000,12.80645000,969.00,85.747
12,1,12,-1288.190370605168,-4404.960023463144,2019-07-15T12:00:10Z,46.22986667,12.80631667,971.00,85.737
13,1,13,-1287.190370605168,-4403.960023463144,2019-07-15T12:00:11Z,46.22983333,12.80618333,972.00,85.726
14,1,14,-1286.190370605168,-4402.960023463144,2019-07-15T12:00:12Z,46.22981667,12.80605000,975.00,85.717
15,1,15,-1285.190370605168,-4401.960023463144,2019-07-15T12:00:13Z,46.22981667,12.80591667,977.00,85.709
16,1,16,-1284.190370605168,-4400.960023463144,2019-07-15T12:00:14Z,46.22983333,12.80576667,980.00,85.701
17,1,17,-1283.190370605168,-4399.960023463144,2019-07-15T12:00:15Z,46.22986667,12.80560000,981.00,85.694
18,1,18,-1282.190370605168,-4398.960023463144,2019-07-15T12:00:16Z,46.22991667,12.80543333,984.00,85.687
19,1,19,-1281.190370605168,-4397.960023463144,2019-07-15T12:00:17Z,46.23000000,12.80528333,986.00,85.684
20,1,20,-1280.190370605168,-4396.960023463144,2019-07-15T12:00:18Z,46.23008333,12.80511667,989.00,85.68
21,1,21,-1279.190370605168,-4395.960023463144,2019-07-15T12:00:19Z,46.23020000,12.80498333,993.00,85.68
22,1,22,-1278.190370605168,-4394.960023463144,2019-07-15T12:00:20Z,46.23030000,12.80486667,997.00,85.68
23,1,23,-1277.190370605168,-4393.960023463144,2019-07-15T12:00:21Z,46.23041667,12.80475000,1000.00,85.681
24,1,24,-1276.190370605168,-4392.960023463144,2019-07-15T12:00:22Z,46.23056667,12.80465000,1003.00,85.686
25,1,25,-1275.190370605168,-4391.960023463144,2019-07-15T12:00:23Z,46.23071667,12.80456667,1004.00,85.691
26,1,26,-1274.190370605168,-4390.960023463144,2019-07-15T12:00:24Z,46.23088333,12.80448333,1005.00,85.698
27,1,27,-1273.190370605168,-4389.960023463144,2019-07-15T12:00:25Z,46.23105000,12.80441667,1006.00,85.705
28,1,28,-1272.190370605168,-4388.960023463144,2019-07-15T12:00:26Z,46.23121667,12.80436667,1007.00,85.714
29,1,29,-1271.190370605168,-4387.960023463144,2019-07-15T12:00:27Z,46.23136667,12.80430000,1008.00,85.721
30,1,30,-1270.190370605168,-4386.960023463144,2019-07-15T12:00:28Z,46.23153333,12.80423333,1009.00,85.728
31,1,31,-1269.190370605168,-4385.960023463144,2019-07-15T12:00:29Z,46.23170000,12.80418333,1010.00,85.737
32,1,32,-1268.190370605168,-4384.960023463144,2019-07-15T12:00:30Z,46.23185000,12.80410000,1009.00,85.743
33,1,33,-1267.190370605168,-4383.960023463144,2019-07-15T12:00:31Z,46.23201667,12.80401667,1010.00,85.749
34,1,34,-1266.190370605168,-4382.960023463144,2019-07-15T12:00:32Z,46.23216667,12.80390000,1009.00,85.753
35,1,35,-1265.190370605168,-4381.960023463144,2019-07-15T12:00:33Z,46.23230000,12.80375000,1008.00,85.753
36,1,36,-1264.190370605168,-4380.960023463144,2019-07-15T12:00:34Z,46.23240000,12.80358333,1010.00,85.75
37,1,37,-1263.190370605168,-4379.960023463144,2019-07-15T12:00:35Z,46.23245000,12.80340000,1016.00,85.743
38,1,38,-1262.190370605168,-4378.960023463144,2019-07-15T12:00:36Z,46.23246667,12.80323333,1020.00,85.734
39,1,39,-1261.190370605168,-4377.960023463144,2019-07-15T12:00:37Z,46.23246667,12.80310000,1021.00,85.726
40,1,40,-1260.190370605168,-4376.960023463144,2019-07-15T12:00:38Z,46.23241667,12.80296667,1022.00,85.715
41,1,41,-1259.190370605168,-4375.960023463144,2019-07-15T12:00:39Z,46.23238333,12.80286667,1023.00,85.707
42,1,42,-1258.190370605168,-4374.960023463144,2019-07-15T12:00:40Z,46.23233333,12.80278333,1024.00,85.698
43,1,43,-1257.190370605168,-4373.960023463144,2019-07-15T12:00:41Z,46.23226667,12.80273333,1024.00,85.69
44,1,44,-1256.190370605168,-4372.960023463144,2019-07-15T12:00:42Z,46.23220000,12.80270000,1024.00,85.684
45,1,45,-1255.190370605168,-4371.960023463144,2019-07-15T12:00:43Z,46.23213333,12.80268333,1025.00,85.678
46,1,46,-1254.190370605168,-4370.960023463144,2019-07-15T12:00:44Z,46.23206667,12.80266667,1026.00,85.672
47,1,47,-1253.190370605168,-4369.960023463144,2019-07-15T12:00:45Z,46.23200000,12.80268333,1027.00,85.669
48,1,48,-1252.190370605168,-4368.960023463144,2019-07-15T12:00:46Z,46.23195000,12.80271667,1030.00,85.667
49,1,49,-1251.190370605168,-4367.960023463144,2019-07-15T12:00:47Z,46.23190000,12.80278333,1029.00,85.668
50,1,50,-1250.190370605168,-4366.960023463144,2019-07-15T12:00:48Z,46.23185000,12.80286667,1030.00,85.669
51,1,51,-1249.190370605168,-4365.960023463144,2019-07-15T12:00:49Z,46.23183333,12.80298333,1031.00,85.675
52,1,52,-1248.190370605168,-4364.960023463144,2019-07-15T12:00:50Z,46.23181667,12.80310000,1032.00,85.681
53,1,53,-1247.190370605168,-4363.960023463144,2019-07-15T12:00:51Z,46.23183333,12.80325000,1034.00,85.691
54,1,54,-1246.190370605168,-4362.960023463144,2019-07-15T12:00:52Z,46.23188333,12.80340000,1034.00,85.703
55,1,55,-1245.190370605168,-4361.960023463144,2019-07-15T12:00:53Z,46.23198333,12.80355000,1034.00,85.719
56,1,56,-1244.190370605168,-4360.960023463144,2019-07-15T12:00:54Z,46.23211667,12.80365000,1033.00,85.734
57,1,57,-1243.190370605168,-4359.960023463144,2019-07-15T12:00:55Z,46.23226667,12.80368333,1032.00,85.747
58,1,58,-1242.190370605168,-4358.960023463144,2019-07-15T12:00:56Z,46.23243333,12.80365000,1032.00,85.757
59,1,59,-1241.190370605168,-4357.960023463144,2019-07-15T12:00:57Z,46.23258333,12.80356667,1031.00,85.762
60,1,60,-1240.190370605168,-4356.960023463144,2019-07-15T12:00:58Z,46.23270000,12.80343333,1031.00,85.763
61,1,61,-1239.190370605168,-4355.960023463144,2019-07-15T12:00:59Z,46.23278333,12.80325000,1031.00,85.758
62,1,62,-1238.190370605168,-4354.960023463144,2019-07-15T12:01:00Z,46.23281667,12.80306667,1031.00,85.749
63,1,63,-1237.190370605168,-4353.960023463144,2019-07-15T12:01:01Z,46.23281667,12.80290000,1031.00,85.739
64,1,64,-1236.190370605168,-4352.960023463144,2019-07-15T12:01:02Z,46.23278333,12.80275000,1032.00,85.728
65,1,65,-1235.190370605168,-4351.960023463144,2019-07-15T12:01:03Z,46.23275000,12.80261667,1033.00,85.718
66,1,66,-1234.190370605168,-4350.960023463144,2019-07-15T12:01:04Z,46.23270000,12.80251667,1033.00,85.708
67,1,67,-1233.190370605168,-4349.960023463144,2019-07-15T12:01:05Z,46.23263333,12.80240000,1034.00,85.697
68,1,68,-1232.190370605168,-4348.960023463144,2019-07-15T12:01:06Z,46.23258333,12.80231667,1035.00,85.688
69,1,69,-1231.190370605168,-4347.960023463144,2019-07-15T12:01:07Z,46.23251667,12.80223333,1036.00,85.678
70,1,70,-1230.190370605168,-4346.960023463144,2019-07-15T12:01:08Z,46.23246667,12.80215000,1037.00,85.67
71,1,71,-1229.190370605168,-4345.960023463144,2019-07-15T12:01:09Z,46.23240000,12.80208333,1038.00,85.661
72,1,72,-1228.190370605168,-4344.960023463144,2019-07-15T12:01:10Z,46.23233333,12.80201667,1039.00,85.653
73,1,73,-1227.190370605168,-4343.960023463144,2019-07-15T12:01:11Z,46.23228333,12.80195000,1040.00,85.645
74,1,74,-1226.190370605168,-4342.960023463144,2019-07-15T12:01:12Z,46.23221667,12.80188333,1039.00,85.636
75,1,75,-1225.190370605168,-4341.960023463144,2019-07-15T12:01:13Z,46.23216667,12.80181667,1039.00,85.629
76,1,76,-1224.190370605168,-4340.960023463144,2019-07-15T12:01:14Z,46.23208333,12.80175000,1038.00,85.619
77,1,77,-1223.190370605168,-4339.960023463144,2019-07-15T12:01:15Z,46.23201667,12.80170000,1038.00,85.611
78,1,78,-1222.190370605168,-4338.960023463144,2019-07-15T12:01:16Z,46.23193333,12.80168333,1038.00,85.605
79,1,79,-1221.190370605168,-4337.960023463144,2019-07-15T12:01:17Z,46.23185000,12.80171667,1038.00,85.601
80,1,80,-1220.190370605168,-4336.960023463144,2019-07-15T12:01:18Z,46.23176667,12.80176667,1039.00,85.598
81,1,81,-1219.190370605168,-4335.960023463144,2019-07-15T12:01:19Z,46.23171667,12.80183333,1040.00,85.598
82,1,82,-1218.190370605168,-4334.960023463144,2019-07-15T12:01:20Z,46.23166667,12.80193333,1041.00,85.601
83,1,83,-1217.190370605168,-4333.960023463144,2019-07-15T12:01:21Z,46.23161667,12.80205000,1043.00,85.604
84,1,84,-1216.190370605168,-4332.960023463144,2019-07-15T12:01:22Z,46.23161667,12.80220000,1044.00,85.613
85,1,85,-1215.190370605168,-4331.960023463144,2019-07-15T12:01:23Z,46.23165000,12.80235000,1047.00,85.624
86,1,86,-1214.190370605168,-4330.960023463144,2019-07-15T12:01:24Z,46.23173333,12.80250000,1049.00,85.639
87,1,87,-1213.190370605168,-4329.960023463144,2019-07-15T12:01:25Z,46.23185000,12.80261667,1051.00,85.654
88,1,88,-1212.190370605168,-4328.960023463144,2019-07-15T12:01:26Z,46.23200000,12.80265000,1053.00,85.667
89,1,89,-1211.190370605168,-4327.960023463144,2019-07-15T12:01:27Z,46.23216667,12.80261667,1055.00,85.676
90,1,90,-1210.190370605168,-4326.960023463144,2019-07-15T12:01:28Z,46.23230000,12.80250000,1057.00,85.679
91,1,91,-1209.190370605168,-4325.960023463144,2019-07-15T12:01:29Z,46.23238333,12.80235000,1058.00,85.676
92,1,92,-1208.190370605168,-4324.960023463144,2019-07-15T12:01:30Z,46.23241667,12.80218333,1060.00,85.668
93,1,93,-1207.190370605168,-4323.960023463144,2019-07-15T12:01:31Z,46.23241667,12.80201667,1061.00,85.658
94,1,94,-1206.190370605168,-4322.960023463144,2019-07-15T12:01:32Z,46.23238333,12.80190000,1062.00,85.649
95,1,95,-1205.190370605168,-4321.960023463144,2019-07-15T12:01:33Z,46.23233333,12.80180000,1063.00,85.64
96,1,96,-1204.190370605168,-4320.960023463144,2019-07-15T12:01:34Z,46.23226667,12.80176667,1065.00,85.633
97,1,97,-1203.190370605168,-4319.960023463144,2019-07-15T12:01:35Z,46.23218333,12.80176667,1066.00,85.627
98,1,98,-1202.190370605168,-4318.960023463144,2019-07-15T12:01:36Z,46.23211667,12.80185000,1067.00,85.627
99,1,99,-1201.190370605168,-4317.960023463144,2019-07-15T12:01:37Z,46.23208333,12.80198333,1069.00,85.633
100,1,100,-1200.190370605168,-4316.960023463144,2019-07-15T12:01:38Z,46.23208333,12.80213333,1071.00,85.642
101,1,101,-1199.190370605168,-4315.960023463144,2019-07-15T12:01:39Z,46.23213333,12.80231667,1073.00,85.656
102,1,102,-1198.190370605168,-4314.960023463144,2019-07-15T12:01:40Z,46.23225000,12.80248333,1075.00,85.674
103,1,103,-1197.190370605168,-4313.960023463144,2019-07-15T12:01:41Z,46.23240000,12.80260000,1078.00,85.692
104,1,104,-1196.190370605168,-4312.960023463144,2019-07-15T12:01:42Z,46.23258333,12.80265000,1081.00,85.708
105,1,105,-1195.190370605168,-4311.960023463144,2019-07-15T12:01:43Z,46.23275000,12.80258333,1085.00,85.716
106,1,106,-1194.190370605168,-4310.960023463144,2019-07-15T12:01:44Z,46.23288333,12.80248333,1089.00,85.719
107,1,107,-1193.190370605168,-4309.960023463144,2019-07-15T12:01:45Z,46.23298333,12.80233333,1093.00,85.717
108,1,108,-1192.190370605168,-4308.960023463144,2019-07-15T12:01:46Z,46.23303333,12.80216667,1096.00,85.711
109,1,109,-1191.190370605168,-4307.960023463144,2019-07-15T12:01:47Z,46.23303333,12.80200000,1097.00,85.701
110,1,110,-1190.190370605168,-4306.960023463144,2019-07-15T12:01:48Z,46.23300000,12.80185000,1099.00,85.69
111,1,111,-1189.190370605168,-4305.960023463144,2019-07-15T12:01:49Z,46.23293333,12.80175000,1100.00,85.679
112,1,112,-1188.190370605168,-4304.960023463144,2019-07-15T12:01:50Z,46.23285000,12.80170000,1101.00,85.67
113,1,113,-1187.190370605168,-4303.960023463144,2019-07-15T12:01:51Z,46.23276667,12.80170000,1102.00,85.664
114,1,114,-1186.190370605168,-4302.960023463144,2019-07-15T12:01:52Z,46.23268333,12.80175000,1104.00,85.661
115,1,115,-1185.190370605168,-4301.960023463144,2019-07-15T12:01:53Z,46.23263333,12.80185000,1107.00,85.664
116,1,116,-1184.190370605168,-4300.960023463144,2019-07-15T12:01:54Z,46.23263333,12.80200000,1109.00,85.673
117,1,117,-1183.190370605168,-4299.960023463144,2019-07-15T12:01:55Z,46.23266667,12.80216667,1112.00,85.685
118,1,118,-1182.190370605168,-4298.960023463144,2019-07-15T12:01:56Z,46.23278333,12.80233333,1114.00,85.703
119,1,119,-1181.190370605168,-4297.960023463144,2019-07-15T12:01:57Z,46.23295000,12.80245000,1114.00,85.722
120,1,120,-1180.190370605168,-4296.960023463144,2019-07-15T12:01:58Z,46.23316667,12.80245000,1114.00,85.737
121,1,121,-1179.190370605168,-4295.960023463144,2019-07-15T12:01:59Z,46.23336667,12.80238333,1115.00,85.747
122,1,122,-1178.190370605168,-4294.960023463144,2019-07-15T12:02:00Z,46.23351667,12.80225000,1119.00,85.75
123,1,123,-1177.190370605168,-4293.960023463144,2019-07-15T12:02:01Z,46.23363333,12.80210000,1124.00,85.749
124,1,124,-1176.190370605168,-4292.960023463144,2019-07-15T12:02:02Z,46.23371667,12.80195000,1129.00,85.747
125,1,125,-1175.190370605168,-4291.960023463144,2019-07-15T12:02:03Z,46.23378333,12.80178333,1132.00,85.741
126,1,126,-1174.190370605168,-4290.960023463144,2019-07-15T12:02:04Z,46.23380000,12.80161667,1132.00,85.733
127,1,127,-1173.190370605168,-4289.960023463144,2019-07-15T12:02:05Z,46.23380000,12.80145000,1132.00,85.723
128,1,128,-1172.190370605168,-4288.960023463144,2019-07-15T12:02:06Z,46.23376667,12.80130000,1132.00,85.712
129,1,129,-1171.190370605168,-4287.960023463144,2019-07-15T12:02:07Z,46.23371667,12.80116667,1133.00,85.7
130,1,130,-1170.190370605168,-4286.960023463144,2019-07-15T12:02:08Z,46.23365000,12.80106667,1134.00,85.689
131,1,131,-1169.190370605168,-4285.960023463144,2019-07-15T12:02:09Z,46.23360000,12.80098333,1135.00,85.681
132,1,132,-1168.190370605168,-4284.960023463144,2019-07-15T12:02:10Z,46.23353333,12.80090000,1137.00,85.671
133,1,133,-1167.190370605168,-4283.960023463144,2019-07-15T12:02:11Z,46.23346667,12.80081667,1138.00,85.662
134,1,134,-1166.190370605168,-4282.960023463144,2019-07-15T12:02:12Z,46.23338333,12.80075000,1140.00,85.652
135,1,135,-1165.190370605168,-4281.960023463144,2019-07-15T12:02:13Z,46.23331667,12.80071667,1144.00,85.645
136,1,136,-1164.190370605168,-4280.960023463144,2019-07-15T12:02:14Z,46.23325000,12.80073333,1149.00,85.641
137,1,137,-1163.190370605168,-4279.960023463144,2019-07-15T12:02:15Z,46.23320000,12.80076667,1154.00,85.64
138,1,138,-1162.190370605168,-4278.960023463144,2019-07-15T12:02:16Z,46.23316667,12.80085000,1158.00,85.642
139,1,139,-1161.190370605168,-4277.960023463144,2019-07-15T12:02:17Z,46.23316667,12.80098333,1160.00,85.65
140,1,140,-1160.190370605168,-4276.960023463144,2019-07-15T12:02:18Z,46.23320000,12.80115000,1162.00,85.662
141,1,141,-1159.190370605168,-4275.960023463144,2019-07-15T12:02:19Z,46.23326667,12.80133333,1164.00,85.678
142,1,142,-1158.190370605168,-4274.960023463144,2019-07-15T12:02:20Z,46.23340000,12.80148333,1166.00,85.696
143,1,143,-1157.190370605168,-4273.960023463144,2019-07-15T12:02:21Z,46.23356667,12.80156667,1169.00,85.713
144,1,144,-1156.190370605168,-4272.960023463144,2019-07-15T12:02:22Z,46.23375000,12.80158333,1173.00,85.727
145,1,145,-1155.190370605168,-4271.960023463144,2019-07-15T12:02:23Z,46.23391667,12.80150000,1177.00,85.734
146,1,146,-1154.190370605168,-4270.960023463144,2019-07-15T12:02:24Z,46.23405000,12.80135000,1180.00,85.735
147,1,147,-1153.190370605168,-4269.960023463144,2019-07-15T12:02:25Z,46.23411667,12.80115000,1183.00,85.728
148,1,148,-1152.190370605168,-4268.960023463144,2019-07-15T12:02:26Z,46.23415000,12.80096667,1186.00,85.719
149,1,149,-1151.190370605168,-4267.960023463144,2019-07-15T12:02:27Z,46.23415000,12.80080000,1189.00,85.709
150,1,150,-1150.190370605168,-4266.960023463144,2019-07-15T12:02:28Z,46.23411667,12.80066667,1193.00,85.699
151,1,151,-1149.190370605168,-4265.960023463144,2019-07-15T12:02:29Z,46.23406667,12.80060000,1196.00,85.692
152,1,152,-1148.190370605168,-4264.960023463144,2019-07-15T12:02:30Z,46.23400000,12.80060000,1198.00,85.687
153,1,153,-1147.190370605168,-4263.960023463144,2019-07-15T12:02:31Z,46.23393333,12.80066667,1201.00,85.686
154,1,154,-1146.190370605168,-4262.960023463144,2019-07-15T12:02:32Z,46.23391667,12.80076667,1203.00,85.691
155,1,155,-1145.190370605168,-4261.960023463144,2019-07-15T12:02:33Z,46.23391667,12.80091667,1206.00,85.7
156,1,156,-1144.190370605168,-4260.960023463144,2019-07-15T12:02:34Z,46.23396667,12.80110000,1208.00,85.714
157,1,157,-1143.190370605168,-4259.960023463144,2019-07-15T12:02:35Z,46.23406667,12.80128333,1209.00,85.732
158,1,158,-1142.190370605168,-4258.960023463144,2019-07-15T12:02:36Z,46.23423333,12.80141667,1212.00,85.752
159,1,159,-1141.190370605168,-4257.960023463144,2019-07-15T12:02:37Z,46.23443333,12.80146667,1216.00,85.769
160,1,160,-1140.190370605168,-4256.960023463144,2019-07-15T12:02:38Z,46.23461667,12.80141667,1220.00,85.779
161,1,161,-1139.190370605168,-4255.960023463144,2019-07-15T12:02:39Z,46.23478333,12.80128333,1224.00,85.783
162,1,162,-1138.190370605168,-4254.960023463144,2019-07-15T12:02:40Z,46.23490000,12.80111667,1228.00,85.781
163,1,163,-1137.190370605168,-4253.960023463144,2019-07-15T12:02:41Z,46.23496667,12.80091667,1230.00,85.774
164,1,164,-1136.190370605168,-4252.960023463144,2019-07-15T12:02:42Z,46.23500000,12.80073333,1233.00,85.766
165,1,165,-1135.190370605168,-4251.960023463144,2019-07-15T12:02:43Z,46.23500000,12.80058333,1236.00,85.757
166,1,166,-1134.190370605168,-4250.960023463144,2019-07-15T12:02:44Z,46.23495000,12.80050000,1238.00,85.749
167,1,167,-1133.190370605168,-4249.960023463144,2019-07-15T12:02:45Z,46.23488333,12.80050000,1239.00,85.744
168,1,168,-1132.190370605168,-4248.960023463144,2019-07-15T12:02:46Z,46.23483333,12.80058333,1240.00,85.745
169,1,169,-1131.190370605168,-4247.960023463144,2019-07-15T12:02:47Z,46.23478333,12.80071667,1242.00,85.75
170,1,170,-1130.190370605168,-4246.960023463144,2019-07-15T12:02:48Z,46.23476667,12.80086667,1244.00,85.757
171,1,171,-1129.190370605168,-4245.960023463144,2019-07-15T12:02:49Z,46.23478333,12.80105000,1246.00,85.769
172,1,172,-1128.190370605168,-4244.960023463144,2019-07-15T12:02:50Z,46.23483333,12.80123333,1249.00,85.784
173,1,173,-1127.190370605168,-4243.960023463144,2019-07-15T12:02:51Z,46.23490000,12.80140000,1254.00,85.798
174,1,174,-1126.190370605168,-4242.960023463144,2019-07-15T12:02:52Z,46.23500000,12.80155000,1259.00,85.814
175,1,175,-1125.190370605168,-4241.960023463144,2019-07-15T12:02:53Z,46.23510000,12.80166667,1264.00,85.828
176,1,176,-1124.190370605168,-4240.960023463144,2019-07-15T12:02:54Z,46.23523333,12.80178333,1268.00,85.845
177,1,177,-1123.190370605168,-4239.960023463144,2019-07-15T12:02:55Z,46.23538333,12.80188333,1269.00,85.861
178,1,178,-1122.190370605168,-4238.960023463144,2019-07-15T12:02:56Z,46.23555000,12.80196667,1271.00,85.878
179,1,179,-1121.190370605168,-4237.960023463144,2019-07-15T12:02:57Z,46.23571667,12.80200000,1273.00,85.892
180,1,180,-1120.190370605168,-4236.960023463144,2019-07-15T12:02:58Z,46.23590000,12.80195000,1275.00,85.902
181,1,181,-1119.190370605168,-4235.960023463144,2019-07-15T12:02:59Z,46.23605000,12.80185000,1276.00,85.907
182,1,182,-1118.190370605168,-4234.960023463144,2019-07-15T12:03:00Z,46.23616667,12.80168333,1277.00,85.905
183,1,183,-1117.190370605168,-4233.960023463144,2019-07-15T12:03:01Z,46.23623333,12.80148333,1278.00,85.898
184,1,184,-1116.190370605168,-4232.960023463144,2019-07-15T12:03:02Z,46.23625000,12.80131667,1280.00,85.89
185,1,185,-1115.190370605168,-4231.960023463144,2019-07-15T12:03:03Z,46.23621667,12.80118333,1283.00,85.88
186,1,186,-1114.190370605168,-4230.960023463144,2019-07-15T12:03:04Z,46.23618333,12.80110000,1286.00,85.872
187,1,187,-1113.190370605168,-4229.960023463144,2019-07-15T12:03:05Z,46.23611667,12.80106667,1289.00,85.865
188,1,188,-1112.190370605168,-4228.960023463144,2019-07-15T12:03:06Z,46.23605000,12.80108333,1291.00,85.862
189,1,189,-1111.190370605168,-4227.960023463144,2019-07-15T12:03:07Z,46.23598333,12.80110000,1293.00,85.858
190,1,190,-1110.190370605168,-4226.960023463144,2019-07-15T12:03:08Z,46.23591667,12.80115000,1296.00,85.856
191,1,191,-1109.190370605168,-4225.960023463144,2019-07-15T12:03:09Z,46.23588333,12.80123333,1301.00,85.859
192,1,192,-1108.190370605168,-4224.960023463144,2019-07-15T12:03:10Z,46.23585000,12.80135000,1305.00,85.863
193,1,193,-1107.190370605168,-4223.960023463144,2019-07-15T12:03:11Z,46.23588333,12.80151667,1310.00,85.875
194,1,194,-1106.190370605168,-4222.960023463144,2019-07-15T12:03:12Z,46.23596667,12.80170000,1312.00,85.892
195,1,195,-1105.190370605168,-4221.960023463144,2019-07-15T12:03:13Z,46.23610000,12.80186667,1315.00,85.911
196,1,196,-1104.190370605168,-4220.960023463144,2019-07-15T12:03:14Z,46.23628333,12.80198333,1317.00,85.931
197,1,197,-1103.190370605168,-4219.960023463144,2019-07-15T12:03:15Z,46.23646667,12.80200000,1320.00,85.945
198,1,198,-1102.190370605168,-4218.960023463144,2019-07-15T12:03:16Z,46.23665000,12.80191667,1322.00,85.954
199,1,199,-1101.190370605168,-4217.960023463144,2019-07-15T12:03:17Z,46.23680000,12.80176667,1323.00,85.956
200,1,200,-1100.190370605168,-4216.960023463144,2019-07-15T12:03:18Z,46.23690000,12.80158333,1325.00,85.952
201,1,201,-1099.190370605168,-4215.960023463144,2019-07-15T12:03:19Z,46.23693333,12.80140000,1325.00,85.944
202,1,202,-1098.190370605168,-4214.960023463144,2019-07-15T12:03:20Z,46.23693333,12.80123333,1327.00,85.934
203,1,203,-1097.190370605168,-4213.960023463144,2019-07-15T12:03:21Z,46.23688333,12.80111667,1329.00,85.923
204,1,204,-1096.190370605168,-4212.960023463144,2019-07-15T12:03:22Z,46.23681667,12.80108333,1333.00,85.917
205,1,205,-1095.190370605168,-4211.960023463144,2019-07-15T12:03:23Z,46.23676667,12.80111667,1337.00,85.915
206,1,206,-1094.190370605168,-4210.960023463144,2019-07-15T12:03:24Z,46.23673333,12.80123333,1341.00,85.92
207,1,207,-1093.190370605168,-4209.960023463144,2019-07-15T12:03:25Z,46.23675000,12.80138333,1344.00,85.93
208,1,208,-1092.190370605168,-4208.960023463144,2019-07-15T12:03:26Z,46.23680000,12.80158333,1345.00,85.945
209,1,209,-1091.190370605168,-4207.960023463144,2019-07-15T12:03:27Z,46.23695000,12.80178333,1345.00,85.967
210,1,210,-1090.190370605168,-4206.960023463144,2019-07-15T12:03:28Z,46.23713333,12.80193333,1346.00,85.989
211,1,211,-1089.190370605168,-4205.960023463144,2019-07-15T12:03:29Z,46.23733333,12.80200000,1347.00,86.008
212,1,212,-1088.190370605168,-4204.960023463144,2019-07-15T12:03:30Z,46.23751667,12.80198333,1350.00,86.02
213,1,213,-1087.190370605168,-4203.960023463144,2019-07-15T12:03:31Z,46.23768333,12.80188333,1352.00,86.026
214,1,214,-1086.190370605168,-4202.960023463144,2019-07-15T12:03:32Z,46.23781667,12.80173333,1354.00,86.027
215,1,215,-1085.190370605168,-4201.960023463144,2019-07-15T12:03:33Z,46.23790000,12.80153333,1354.00,86.021
216,1,216,-1084.190370605168,-4200.960023463144,2019-07-15T12:03:34Z,46.23793333,12.80133333,1353.00,86.012
217,1,217,-1083.190370605168,-4199.960023463144,2019-07-15T12:03:35Z,46.23793333,12.80115000,1354.00,86.001
218,1,218,-1082.190370605168,-4198.960023463144,2019-07-15T12:03:36Z,46.23790000,12.80101667,1356.00,85.991
219,1,219,-1081.190370605168,-4197.960023463144,2019-07-15T12:03:37Z,46.23783333,12.80095000,1358.00,85.982
220,1,220,-1080.190370605168,-4196.960023463144,2019-07-15T12:03:38Z,46.23778333,12.80091667,1361.00,85.976
221,1,221,-1079.190370605168,-4195.960023463144,2019-07-15T12:03:39Z,46.23771667,12.80093333,1364.00,85.973
222,1,222,-1078.190370605168,-4194.960023463144,2019-07-15T12:03:40Z,46.23766667,12.80098333,1366.00,85.972
223,1,223,-1077.190370605168,-4193.960023463144,2019-07-15T12:03:41Z,46.23761667,12.80106667,1367.00,85.973
224,1,224,-1076.190370605168,-4192.960023463144,2019-07-15T12:03:42Z,46.23758333,12.80120000,1370.00,85.979
225,1,225,-1075.190370605168,-4191.960023463144,2019-07-15T12:03:43Z,46.23758333,12.80133333,1373.00,85.986
226,1,226,-1074.190370605168,-4190.960023463144,2019-07-15T12:03:44Z,46.23760000,12.80150000,1376.00,85.997
227,1,227,-1073.190370605168,-4189.960023463144,2019-07-15T12:03:45Z,46.23766667,12.80168333,1378.00,86.013
228,1,228,-1072.190370605168,-4188.960023463144,2019-07-15T12:03:46Z,46.23780000,12.80185000,1378.00,86.032
229,1,229,-1071.190370605168,-4187.960023463144,2019-07-15T12:03:47Z,46.23796667,12.80196667,1378.00,86.051
230,1,230,-1070.190370605168,-4186.960023463144,2019-07-15T12:03:48Z,46.23815000,12.80200000,1379.00,86.066
231,1,231,-1069.190370605168,-4185.960023463144,2019-07-15T12:03:49Z,46.23833333,12.80196667,1381.00,86.078
232,1,232,-1068.190370605168,-4184.960023463144,2019-07-15T12:03:50Z,46.23848333,12.80188333,1382.00,86.083
233,1,233,-1067.190370605168,-4183.960023463144,2019-07-15T12:03:51Z,46.23861667,12.80173333,1382.00,86.084
234,1,234,-1066.190370605168,-4182.960023463144,2019-07-15T12:03:52Z,46.23870000,12.80153333,1382.00,86.079
235,1,235,-1065.190370605168,-4181.960023463144,2019-07-15T12:03:53Z,46.23875000,12.80133333,1381.00,86.071
236,1,236,-1064.190370605168,-4180.960023463144,2019-07-15T12:03:54Z,46.23873333,12.80116667,1381.00,86.06
237,1,237,-1063.190370605168,-4179.960023463144,2019-07-15T12:03:55Z,46.23870000,12.80101667,1383.00,86.048
238,1,238,-1062.190370605168,-4178.960023463144,2019-07-15T12:03:56Z,46.23865000,12.80091667,1386.00,86.039
239,1,239,-1061.190370605168,-4177.960023463144,2019-07-15T12:03:57Z,46.23860000,12.80085000,1388.00,86.031
240,1,240,-1060.190370605168,-4176.960023463144,2019-07-15T12:03:58Z,46.23853333,12.80081667,1392.00,86.025
241,1,241,-1059.190370605168,-4175.960023463144,2019-07-15T12:03:59Z,46.23846667,12.80078333,1395.00,86.018
242,1,242,-1058.190370605168,-4174.960023463144,2019-07-15T12:04:00Z,46.23841667,12.80078333,1397.00,86.014
243,1,243,-1057.190370605168,-4173.960023463144,2019-07-15T12:04:01Z,46.23833333,12.80080000,1399.00,86.009
244,1,244,-1056.190370605168,-4172.960023463144,2019-07-15T12:04:02Z,46.23826667,12.80085000,1402.00,86.007
245,1,245,-1055.190370605168,-4171.960023463144,2019-07-15T12:04:03Z,46.23821667,12.80093333,1405.00,86.009
246,1,246,-1054.190370605168,-4170.960023463144,2019-07-15T12:04:04Z,46.23818333,12.80103333,1409.00,86.012
247,1,247,-1053.190370605168,-4169.960023463144,2019-07-15T12:04:05Z,46.23816667,12.80116667,1410.00,86.019
248,1,248,-1052.190370605168,-4168.960023463144,2019-07-15T12:04:06Z,46.23818333,12.80131667,1412.00,86.029
249,1,249,-1051.190370605168,-4167.960023463144,2019-07-15T12:04:07Z,46.23823333,12.80148333,1412.00,86.042
250,1,250,-1050.190370605168,-4166.960023463144,2019-07-15T12:04:08Z,46.23830000,12.80166667,1411.00,86.058
251,1,251,-1049.190370605168,-4165.960023463144,2019-07-15T12:04:09Z,46.23843333,12.80183333,1411.00,86.077
252,1,252,-1048.190370605168,-4164.960023463144,2019-07-15T12:04:10Z,46.23858333,12.80195000,1411.00,86.095
253,1,253,-1047.190370605168,-4163.960023463144,2019-07-15T12:04:11Z,46.23875000,12.80203333,1411.00,86.112
254,1,254,-1046.190370605168,-4162.960023463144,2019-07-15T12:04:12Z,46.23893333,12.80205000,1412.00,86.126
255,1,255,-1045.190370605168,-4161.960023463144,2019-07-15T12:04:13Z,46.23911667,12.80201667,1413.00,86.137
256,1,256,-1044.190370605168,-4160.960023463144,2019-07-15T12:04:14Z,46.23926667,12.80193333,1414.00,86.143
257,1,257,-1043.190370605168,-4159.960023463144,2019-07-15T12:04:15Z,46.23941667,12.80183333,1415.00,86.148
258,1,258,-1042.190370605168,-4158.960023463144,2019-07-15T12:04:16Z,46.23955000,12.80170000,1416.00,86.15
259,1,259,-1041.190370605168,-4157.960023463144,2019-07-15T12:04:17Z,46.23965000,12.80153333,1416.00,86.147
260,1,260,-1040.190370605168,-4156.960023463144,2019-07-15T12:04:18Z,46.23971667,12.80135000,1416.00,86.141
261,1,261,-1039.190370605168,-4155.960023463144,2019-07-15T12:04:19Z,46.23975000,12.80118333,1418.00,86.134
262,1,262,-1038.190370605168,-4154.960023463144,2019-07-15T12:04:20Z,46.23975000,12.80101667,1420.00,86.124
263,1,263,-1037.190370605168,-4153.960023463144,2019-07-15T12:04:21Z,46.23973333,12.80088333,1421.00,86.115
264,1,264,-1036.190370605168,-4152.960023463144,2019-07-15T12:04:22Z,46.23968333,12.80080000,1423.00,86.107
265,1,265,-1035.190370605168,-4151.960023463144,2019-07-15T12:04:23Z,46.23960000,12.80075000,1425.00,86.098
266,1,266,-1034.190370605168,-4150.960023463144,2019-07-15T12:04:24Z,46.23953333,12.80078333,1427.00,86.095
267,1,267,-1033.190370605168,-4149.960023463144,2019-07-15T12:04:25Z,46.23946667,12.80085000,1430.00,86.094
268,1,268,-1032.190370605168,-4148.960023463144,2019-07-15T12:04:26Z,46.23943333,12.80096667,1432.00,86.099
269,1,269,-1031.190370605168,-4147.960023463144,2019-07-15T12:04:27Z,46.23943333,12.80111667,1434.00,86.107
270,1,270,-1030.190370605168,-4146.960023463144,2019-07-15T12:04:28Z,46.23946667,12.80126667,1436.00,86.118
271,1,271,-1029.190370605168,-4145.960023463144,2019-07-15T12:04:29Z,46.23953333,12.80143333,1438.00,86.133
272,1,272,-1028.190370605168,-4144.960023463144,2019-07-15T12:04:30Z,46.23963333,12.80158333,1438.00,86.149
273,1,273,-1027.190370605168,-4143.960023463144,2019-07-15T12:04:31Z,46.23978333,12.80170000,1438.00,86.167
274,1,274,-1026.190370605168,-4142.960023463144,2019-07-15T12:04:32Z,46.23996667,12.80178333,1437.00,86.185
275,1,275,-1025.190370605168,-4141.960023463144,2019-07-15T12:04:33Z,46.24016667,12.80176667,1437.00,86.198
276,1,276,-1024.190370605168,-4140.960023463144,2019-07-15T12:04:34Z,46.24033333,12.80166667,1437.00,86.205
277,1,277,-1023.190370605168,-4139.960023463144,2019-07-15T12:04:35Z,46.24050000,12.80150000,1438.00,86.207
278,1,278,-1022.190370605168,-4138.960023463144,2019-07-15T12:04:36Z,46.24061667,12.80131667,1438.00,86.205
279,1,279,-1021.190370605168,-4137.960023463144,2019-07-15T12:04:37Z,46.24070000,12.80113333,1439.00,86.2
280,1,280,-1020.190370605168,-4136.960023463144,2019-07-15T12:04:38Z,46.24076667,12.80093333,1441.00,86.193
281,1,281,-1019.190370605168,-4135.960023463144,2019-07-15T12:04:39Z,46.24081667,12.80073333,1442.00,86.185
282,1,282,-1018.190370605168,-4134.960023463144,2019-07-15T12:04:40Z,46.24085000,12.80053333,1443.00,86.176
283,1,283,-1017.190370605168,-4133.960023463144,2019-07-15T12:04:41Z,46.24085000,12.80035000,1443.00,86.166
284,1,284,-1016.190370605168,-4132.960023463144,2019-07-15T12:04:42Z,46.24085000,12.80016667,1445.00,86.155
285,1,285,-1015.190370605168,-4131.960023463144,2019-07-15T12:04:43Z,46.24085000,12.80000000,1447.00,86.145
286,1,286,-1014.190370605168,-4130.960023463144,2019-07-15T12:04:44Z,46.24081667,12.79986667,1449.00,86.135
287,1,287,-1013.190370605168,-4129.960023463144,2019-07-15T12:04:45Z,46.24078333,12.79973333,1452.00,86.125
288,1,288,-1012.190370605168,-4128.960023463144,2019-07-15T12:04:46Z,46.24075000,12.79965000,1453.00,86.118
289,1,289,-1011.190370605168,-4127.960023463144,2019-07-15T12:04:47Z,46.24070000,12.79960000,1454.00,86.111
290,1,290,-1010.190370605168,-4126.960023463144,2019-07-15T12:04:48Z,46.24063333,12.79956667,1455.00,86.104
291,1,291,-1009.190370605168,-4125.960023463144,2019-07-15T12:04:49Z,46.24056667,12.79960000,1456.00,86.101
292,1,292,-1008.190370605168,-4124.960023463144,2019-07-15T12:04:50Z,46.24050000,12.79966667,1457.00,86.1
293,1,293,-1007.190370605168,-4123.960023463144,2019-07-15T12:04:51Z,46.24046667,12.79976667,1458.00,86.104
294,1,294,-1006.190370605168,-4122.960023463144,2019-07-15T12:04:52Z,46.24045000,12.79991667,1460.00,86.111
295,1,295,-1005.190370605168,-4121.960023463144,2019-07-15T12:04:53Z,46.24046667,12.80006667,1462.00,86.121
296,1,296,-1004.190370605168,-4120.960023463144,2019-07-15T12:04:54Z,46.24051667,12.80023333,1463.00,86.134
297,1,297,-1003.190370605168,-4119.960023463144,2019-07-15T12:04:55Z,46.24058333,12.80040000,1463.00,86.149
298,1,298,-1002.190370605168,-4118.960023463144,2019-07-15T12:04:56Z,46.24070000,12.80056667,1463.00,86.167
299,1,299,-1001.190370605168,-4117.960023463144,2019-07-15T12:04:57Z,46.24083333,12.80071667,1463.00,86.186
300,1,300,-1000.190370605168,-4116.960023463144,2019-07-15T12:04:58Z,46.24100000,12.80083333,1463.00,86.205
301,1,301,-999.190370605168,-4115.960023463144,2019-07-15T12:04:59Z,46.24118333,12.80090000,1463.00,86.222
302,1,302,-998.190370605168,-4114.960023463144,2019-07-15T12:05:00Z,46.24136667,12.80093333,1464.00,86.237
303,1,303,-997.190370605168,-4113.960023463144,2019-07-15T12:05:01Z,46.24155000,12.80091667,1464.00,86.249
304,1,304,-996.190370605168,-4112.960023463144,2019-07-15T12:05:02Z,46.24173333,12.80085000,1465.00,86.259
305,1,305,-995.190370605168,-4111.960023463144,2019-07-15T12:05:03Z,46.24186667,12.80073333,1464.00,86.262
306,1,306,-994.190370605168,-4110.960023463144,2019-07-15T12:05:04Z,46.24200000,12.80056667,1464.00,86.262
307,1,307,-993.190370605168,-4109.960023463144,2019-07-15T12:05:05Z,46.24210000,12.80038333,1462.00,86.259
308,1,308,-992.190370605168,-4108.960023463144,2019-07-15T12:05:06Z,46.24216667,12.80016667,1461.00,86.251
309,1,309,-991.190370605168,-4107.960023463144,2019-07-15T12:05:07Z,46.24220000,12.79996667,1460.00,86.242
310,1,310,-990.190370605168,-4106.960023463144,2019-07-15T12:05:08Z,46.24220000,12.79980000,1460.00,86.232
311,1,311,-989.190370605168,-4105.960023463144,2019-07-15T12:05:09Z,46.24218333,12.79963333,1458.00,86.221
312,1,312,-988.190370605168,-4104.960023463144,2019-07-15T12:05:10Z,46.24216667,12.79948333,1458.00,86.211
313,1,313,-987.190370605168,-4103.960023463144,2019-07-15T12:05:11Z,46.24211667,12.79936667,1458.00,86.201
314,1,314,-986.190370605168,-4102.960023463144,2019-07-15T12:05:12Z,46.24206667,12.79925000,1457.00,86.191
315,1,315,-985.190370605168,-4101.960023463144,2019-07-15T12:05:13Z,46.24201667,12.79913333,1458.00,86.18
316,1,316,-984.190370605168,-4100.960023463144,2019-07-15T12:05:14Z,46.24195000,12.79906667,1459.00,86.171
317,1,317,-983.190370605168,-4099.960023463144,2019-07-15T12:05:15Z,46.24190000,12.79901667,1461.00,86.165
318,1,318,-982.190370605168,-4098.960023463144,2019-07-15T12:05:16Z,46.24185000,12.79900000,1462.00,86.16
319,1,319,-981.190370605168,-4097.960023463144,2019-07-15T12:05:17Z,46.24178333,12.79900000,1463.00,86.155
320,1,320,-980.190370605168,-4096.960023463144,2019-07-15T12:05:18Z,46.24173333,12.79905000,1462.00,86.155
321,1,321,-979.190370605168,-4095.960023463144,2019-07-15T12:05:19Z,46.24168333,12.79911667,1461.00,86.155
322,1,322,-978.190370605168,-4094.960023463144,2019-07-15T12:05:20Z,46.24161667,12.79920000,1460.00,86.155
323,1,323,-977.190370605168,-4093.960023463144,2019-07-15T12:05:21Z,46.24155000,12.79926667,1460.00,86.154
324,1,324,-976.190370605168,-4092.960023463144,2019-07-15T12:05:22Z,46.24150000,12.79935000,1461.00,86.155
325,1,325,-975.190370605168,-4091.960023463144,2019-07-15T12:05:23Z,46.24145000,12.79945000,1463.00,86.157
326,1,326,-974.190370605168,-4090.960023463144,2019-07-15T12:05:24Z,46.24141667,12.79956667,1465.00,86.161
327,1,327,-973.190370605168,-4089.960023463144,2019-07-15T12:05:25Z,46.24143333,12.79973333,1466.00,86.172
328,1,328,-972.190370605168,-4088.960023463144,2019-07-15T12:05:26Z,46.24148333,12.79990000,1468.00,86.186
329,1,329,-971.190370605168,-4087.960023463144,2019-07-15T12:05:27Z,46.24156667,12.80006667,1470.00,86.201
330,1,330,-970.190370605168,-4086.960023463144,2019-07-15T12:05:28Z,46.24165000,12.80021667,1472.00,86.216
331,1,331,-969.190370605168,-4085.960023463144,2019-07-15T12:05:29Z,46.24176667,12.80035000,1472.00,86.232
332,1,332,-968.190370605168,-4084.960023463144,2019-07-15T12:05:30Z,46.24190000,12.80048333,1473.00,86.25
333,1,333,-967.190370605168,-4083.960023463144,2019-07-15T12:05:31Z,46.24205000,12.80056667,1473.00,86.266
334,1,334,-966.190370605168,-4082.960023463144,2019-07-15T12:05:32Z,46.24223333,12.80058333,1475.00,86.28
335,1,335,-965.190370605168,-4081.960023463144,2019-07-15T12:05:33Z,46.24240000,12.80056667,1475.00,86.291
336,1,336,-964.190370605168,-4080.960023463144,2019-07-15T12:05:34Z,46.24256667,12.80046667,1476.00,86.298
337,1,337,-963.190370605168,-4079.960023463144,2019-07-15T12:05:35Z,46.24270000,12.80033333,1476.00,86.3
338,1,338,-962.190370605168,-4078.960023463144,2019-07-15T12:05:36Z,46.24280000,12.80015000,1477.00,86.296
339,1,339,-961.190370605168,-4077.960023463144,2019-07-15T12:05:37Z,46.24286667,12.79996667,1478.00,86.291
340,1,340,-960.190370605168,-4076.960023463144,2019-07-15T12:05:38Z,46.24290000,12.79980000,1479.00,86.284
341,1,341,-959.190370605168,-4075.960023463144,2019-07-15T12:05:39Z,46.24290000,12.79963333,1480.00,86.274
342,1,342,-958.190370605168,-4074.960023463144,2019-07-15T12:05:40Z,46.24288333,12.79950000,1483.00,86.265
343,1,343,-957.190370605168,-4073.960023463144,2019-07-15T12:05:41Z,46.24283333,12.79940000,1484.00,86.256
344,1,344,-956.190370605168,-4072.960023463144,2019-07-15T12:05:42Z,46.24276667,12.79935000,1486.00,86.248
345,1,345,-955.190370605168,-4071.960023463144,2019-07-15T12:05:43Z,46.24270000,12.79933333,1488.00,86.242
346,1,346,-954.190370605168,-4070.960023463144,2019-07-15T12:05:44Z,46.24265000,12.79936667,1491.00,86.24
347,1,347,-953.190370605168,-4069.960023463144,2019-07-15T12:05:45Z,46.24261667,12.79945000,1492.00,86.243
348,1,348,-952.190370605168,-4068.960023463144,2019-07-15T12:05:46Z,46.24260000,12.79958333,1493.00,86.249
349,1,349,-951.190370605168,-4067.960023463144,2019-07-15T12:05:47Z,46.24263333,12.79971667,1493.00,86.259
350,1,350,-950.190370605168,-4066.960023463144,2019-07-15T12:05:48Z,46.24270000,12.79988333,1494.00,86.274
351,1,351,-949.190370605168,-4065.960023463144,2019-07-15T12:05:49Z,46.24280000,12.80003333,1495.00,86.29
352,1,352,-948.190370605168,-4064.960023463144,2019-07-15T12:05:50Z,46.24291667,12.80015000,1497.00,86.305
353,1,353,-947.190370605168,-4063.960023463144,2019-07-15T12:05:51Z,46.24308333,12.80020000,1497.00,86.32
354,1,354,-946.190370605168,-4062.960023463144,2019-07-15T12:05:52Z,46.24325000,12.80020000,1497.00,86.332
355,1,355,-945.190370605168,-4061.960023463144,2019-07-15T12:05:53Z,46.24343333,12.80011667,1497.00,86.341
356,1,356,-944.190370605168,-4060.960023463144,2019-07-15T12:05:54Z,46.24360000,12.79996667,1496.00,86.345
357,1,357,-943.190370605168,-4059.960023463144,2019-07-15T12:05:55Z,46.24371667,12.79976667,1496.00,86.342
358,1,358,-942.190370605168,-4058.960023463144,2019-07-15T12:05:56Z,46.24380000,12.79955000,1496.00,86.335
359,1,359,-941.190370605168,-4057.960023463144,2019-07-15T12:05:57Z,46.24385000,12.79933333,1498.00,86.326
360,1,360,-940.190370605168,-4056.960023463144,2019-07-15T12:05:58Z,46.24388333,12.79915000,1502.00,86.318
361,1,361,-939.190370605168,-4055.960023463144,2019-07-15T12:05:59Z,46.24388333,12.79898333,1506.00,86.309
362,1,362,-938.190370605168,-4054.960023463144,2019-07-15T12:06:00Z,46.24385000,12.79883333,1507.00,86.298
363,1,363,-937.190370605168,-4053.960023463144,2019-07-15T12:06:01Z,46.24378333,12.79871667,1508.00,86.286
364,1,364,-936.190370605168,-4052.960023463144,2019-07-15T12:06:02Z,46.24370000,12.79863333,1509.00,86.275
365,1,365,-935.190370605168,-4051.960023463144,2019-07-15T12:06:03Z,46.24360000,12.79860000,1509.00,86.266
366,1,366,-934.190370605168,-4050.960023463144,2019-07-15T12:06:04Z,46.24351667,12.79858333,1510.00,86.259
367,1,367,-933.190370605168,-4049.960023463144,2019-07-15T12:06:05Z,46.24343333,12.79860000,1511.00,86.254
368,1,368,-932.190370605168,-4048.960023463144,2019-07-15T12:06:06Z,46.24333333,12.79866667,1510.00,86.25
369,1,369,-931.190370605168,-4047.960023463144,2019-07-15T12:06:07Z,46.24326667,12.79875000,1510.00,86.25
370,1,370,-930.190370605168,-4046.960023463144,2019-07-15T12:06:08Z,46.24321667,12.79890000,1507.00,86.255
371,1,371,-929.190370605168,-4045.960023463144,2019-07-15T12:06:09Z,46.24320000,12.79908333,1505.00,86.264
372,1,372,-928.190370605168,-4044.960023463144,2019-07-15T12:06:10Z,46.24323333,12.79926667,1503.00,86.277
373,1,373,-927.190370605168,-4043.960023463144,2019-07-15T12:06:11Z,46.24328333,12.79946667,1502.00,86.292
374,1,374,-926.190370605168,-4042.960023463144,2019-07-15T12:06:12Z,46.24335000,12.79965000,1500.00,86.308
375,1,375,-925.190370605168,-4041.960023463144,2019-07-15T12:06:13Z,46.24343333,12.79983333,1500.00,86.325
376,1,376,-924.190370605168,-4040.960023463144,2019-07-15T12:06:14Z,46.24355000,12.80001667,1499.00,86.344
377,1,377,-923.190370605168,-4039.960023463144,2019-07-15T12:06:15Z,46.24370000,12.80016667,1499.00,86.363
378,1,378,-922.190370605168,-4038.960023463144,2019-07-15T12:06:16Z,46.24385000,12.80026667,1501.00,86.38
379,1,379,-921.190370605168,-4037.960023463144,2019-07-15T12:06:17Z,46.24403333,12.80031667,1500.00,86.397
380,1,380,-920.190370605168,-4036.960023463144,2019-07-15T12:06:18Z,46.24420000,12.80031667,1499.00,86.409
381,1,381,-919.190370605168,-4035.960023463144,2019-07-15T12:06:19Z,46.24438333,12.80025000,1498.00,86.419
382,1,382,-918.190370605168,-4034.960023463144,2019-07-15T12:06:20Z,46.24455000,12.80013333,1496.00,86.424
383,1,383,-917.190370605168,-4033.960023463144,2019-07-15T12:06:21Z,46.24470000,12.79995000,1494.00,86.425
384,1,384,-916.190370605168,-4032.960023463144,2019-07-15T12:06:22Z,46.24480000,12.79973333,1492.00,86.42
385,1,385,-915.190370605168,-4031.960023463144,2019-07-15T12:06:23Z,46.24490000,12.79951667,1491.00,86.414
386,1,386,-914.190370605168,-4030.960023463144,2019-07-15T12:06:24Z,46.24496667,12.79930000,1490.00,86.407
387,1,387,-913.190370605168,-4029.960023463144,2019-07-15T12:06:25Z,46.24501667,12.79908333,1489.00,86.398
388,1,388,-912.190370605168,-4028.960023463144,2019-07-15T12:06:26Z,46.24505000,12.79888333,1493.00,86.389
389,1,389,-911.190370605168,-4027.960023463144,2019-07-15T12:06:27Z,46.24505000,12.79866667,1491.00,86.377
390,1,390,-910.190370605168,-4026.960023463144,2019-07-15T12:06:28Z,46.24505000,12.79846667,1491.00,86.365
391,1,391,-909.190370605168,-4025.960023463144,2019-07-15T12:06:29Z,46.24501667,12.79826667,1493.00,86.351
392,1,392,-908.190370605168,-4024.960023463144,2019-07-15T12:06:30Z,46.24498333,12.79808333,1492.00,86.338
393,1,393,-907.190370605168,-4023.960023463144,2019-07-15T12:06:31Z,46.24495000,12.79793333,1494.00,86.327
394,1,394,-906.190370605168,-4022.960023463144,2019-07-15T12:06:32Z,46.24490000,12.79776667,1496.00,86.314
395,1,395,-905.190370605168,-4021.960023463144,2019-07-15T12:06:33Z,46.24485000,12.79763333,1497.00,86.303
396,1,396,-904.190370605168,-4020.960023463144,2019-07-15T12:06:34Z,46.24481667,12.79748333,1498.00,86.292
397,1,397,-903.190370605168,-4019.960023463144,2019-07-15T12:06:35Z,46.24478333,12.79733333,1499.00,86.28
398,1,398,-902.190370605168,-4018.960023463144,2019-07-15T12:06:36Z,46.24475000,12.79718333,1499.00,86.269
399,1,399,-901.190370605168,-4017.960023463144,2019-07-15T12:06:37Z,46.24470000,12.79705000,1498.00,86.258
400,1,400,-900.190370605168,-4016.960023463144,2019-07-15T12:06:38Z,46.24466667,12.79690000,1498.00,86.247
401,1,401,-899.190370605168,-4015.960023463144,2019-07-15T12:06:39Z,46.24461667,12.79675000,1495.00,86.235
402,1,402,-898.190370605168,-4014.960023463144,2019-07-15T12:06:40Z,46.24458333,12.79660000,1492.00,86.224
403,1,403,-897.190370605168,-4013.960023463144,2019-07-15T12:06:41Z,46.24453333,12.79643333,1491.00,86.21
404,1,404,-896.190370605168,-4012.960023463144,2019-07-15T12:06:42Z,46.24448333,12.79628333,1490.00,86.198
405,1,405,-895.190370605168,-4011.960023463144,2019-07-15T12:06:43Z,46.24443333,12.79613333,1489.00,86.186
406,1,406,-894.190370605168,-4010.960023463144,2019-07-15T12:06:44Z,46.24438333,12.79598333,1486.00,86.173
407,1,407,-893.190370605168,-4009.960023463144,2019-07-15T12:06:45Z,46.24435000,12.79581667,1486.00,86.161
408,1,408,-892.190370605168,-4008.960023463144,2019-07-15T12:06:46Z,46.24433333,12.79566667,1483.00,86.152
409,1,409,-891.190370605168,-4007.960023463144,2019-07-15T12:06:47Z,46.24431667,12.79548333,1483.00,86.14
410,1,410,-890.190370605168,-4006.960023463144,2019-07-15T12:06:48Z,46.24430000,12.79530000,1479.00,86.128
411,1,411,-889.190370605168,-4005.960023463144,2019-07-15T12:06:49Z,46.24428333,12.79511667,1476.00,86.116
412,1,412,-888.190370605168,-4004.960023463144,2019-07-15T12:06:50Z,46.24425000,12.79495000,1474.00,86.104
413,1,413,-887.190370605168,-4003.960023463144,2019-07-15T12:06:51Z,46.24423333,12.79478333,1472.00,86.094
414,1,414,-886.190370605168,-4002.960023463144,2019-07-15T12:06:52Z,46.24421667,12.79463333,1469.00,86.084
415,1,415,-885.190370605168,-4001.960023463144,2019-07-15T12:06:53Z,46.24418333,12.79450000,1466.00,86.074
416,1,416,-884.190370605168,-4000.960023463144,2019-07-15T12:06:54Z,46.24415000,12.79435000,1468.00,86.063
417,1,417,-883.190370605168,-3999.960023463144,2019-07-15T12:06:55Z,46.24411667,12.79420000,1466.00,86.052
418,1,418,-882.190370605168,-3998.960023463144,2019-07-15T12:06:56Z,46.24406667,12.79405000,1461.00,86.039
419,1,419,-881.190370605168,-3997.960023463144,2019-07-15T12:06:57Z,46.24403333,12.79388333,1461.00,86.027
420,1,420,-880.190370605168,-3996.960023463144,2019-07-15T12:06:58Z,46.24400000,12.79370000,1457.00,86.014
421,1,421,-879.190370605168,-3995.960023463144,2019-07-15T12:06:59Z,46.24396667,12.79350000,1449.00,86.001
422,1,422,-878.190370605168,-3994.960023463144,2019-07-15T12:07:00Z,46.24393333,12.79328333,1450.00,85.986
423,1,423,-877.190370605168,-3993.960023463144,2019-07-15T12:07:01Z,46.24390000,12.79306667,1447.00,85.971
424,1,424,-876.190370605168,-3992.960023463144,2019-07-15T12:07:02Z,46.24386667,12.79285000,1445.00,85.956
425,1,425,-875.190370605168,-3991.960023463144,2019-07-15T12:07:03Z,46.24383333,12.79265000,1443.00,85.942
426,1,426,-874.190370605168,-3990.960023463144,2019-07-15T12:07:04Z,46.24381667,12.79245000,1442.00,85.929
427,1,427,-873.190370605168,-3989.960023463144,2019-07-15T12:07:05Z,46.24378333,12.79225000,1441.00,85.916
428,1,428,-872.190370605168,-3988.960023463144,2019-07-15T12:07:06Z,46.24376667,12.79206667,1439.00,85.904
429,1,429,-871.190370605168,-3987.960023463144,2019-07-15T12:07:07Z,46.24375000,12.79186667,1440.00,85.891
430,1,430,-870.190370605168,-3986.960023463144,2019-07-15T12:07:08Z,46.24373333,12.79168333,1438.00,85.879
431,1,431,-869.190370605168,-3985.960023463144,2019-07-15T12:07:09Z,46.24371667,12.79148333,1436.00,85.867
432,1,432,-868.190370605168,-3984.960023463144,2019-07-15T12:07:10Z,46.24370000,12.79130000,1433.00,85.855
433,1,433,-867.190370605168,-3983.960023463144,2019-07-15T12:07:11Z,46.24366667,12.79110000,1431.00,85.841
434,1,434,-866.190370605168,-3982.960023463144,2019-07-15T12:07:12Z,46.24365000,12.79090000,1433.00,85.829
435,1,435,-865.190370605168,-3981.960023463144,2019-07-15T12:07:13Z,46.24363333,12.79073333,1434.00,85.818
436,1,436,-864.190370605168,-3980.960023463144,2019-07-15T12:07:14Z,46.24360000,12.79056667,1435.00,85.806
437,1,437,-863.190370605168,-3979.960023463144,2019-07-15T12:07:15Z,46.24358333,12.79040000,1437.00,85.795
438,1,438,-862.190370605168,-3978.960023463144,2019-07-15T12:07:16Z,46.24355000,12.79025000,1436.00,85.784
439,1,439,-861.190370605168,-3977.960023463144,2019-07-15T12:07:17Z,46.24351667,12.79008333,1436.00,85.772
440,1,440,-860.190370605168,-3976.960023463144,2019-07-15T12:07:18Z,46.24348333,12.78993333,1435.00,85.761
441,1,441,-859.190370605168,-3975.960023463144,2019-07-15T12:07:19Z,46.24345000,12.78976667,1435.00,85.749
442,1,442,-858.190370605168,-3974.960023463144,2019-07-15T12:07:20Z,46.24341667,12.78960000,1435.00,85.737
443,1,443,-857.190370605168,-3973.960023463144,2019-07-15T12:07:21Z,46.24338333,12.78945000,1435.00,85.726
444,1,444,-856.190370605168,-3972.960023463144,2019-07-15T12:07:22Z,46.24333333,12.78930000,1435.00,85.714
445,1,445,-855.190370605168,-3971.960023463144,2019-07-15T12:07:23Z,46.24328333,12.78915000,1434.00,85.702
446,1,446,-854.190370605168,-3970.960023463144,2019-07-15T12:07:24Z,46.24323333,12.78900000,1435.00,85.689
447,1,447,-853.190370605168,-3969.960023463144,2019-07-15T12:07:25Z,46.24316667,12.78883333,1435.00,85.675
448,1,448,-852.190370605168,-3968.960023463144,2019-07-15T12:07:26Z,46.24311667,12.78868333,1434.00,85.663
449,1,449,-851.190370605168,-3967.960023463144,2019-07-15T12:07:27Z,46.24306667,12.78851667,1433.00,85.649
450,1,450,-850.190370605168,-3966.960023463144,2019-07-15T12:07:28Z,46.24300000,12.78835000,1433.00,85.635
451,1,451,-849.190370605168,-3965.960023463144,2019-07-15T12:07:29Z,46.24293333,12.78818333,1434.00,85.621
452,1,452,-848.190370605168,-3964.960023463144,2019-07-15T12:07:30Z,46.24288333,12.78801667,1436.00,85.607
453,1,453,-847.190370605168,-3963.960023463144,2019-07-15T12:07:31Z,46.24281667,12.78786667,1437.00,85.594
454,1,454,-846.190370605168,-3962.960023463144,2019-07-15T12:07:32Z,46.24275000,12.78771667,1438.00,85.58
455,1,455,-845.190370605168,-3961.960023463144,2019-07-15T12:07:33Z,46.24268333,12.78758333,1438.00,85.568
456,1,456,-844.190370605168,-3960.960023463144,2019-07-15T12:07:34Z,46.24261667,12.78746667,1438.00,85.556
457,1,457,-843.190370605168,-3959.960023463144,2019-07-15T12:07:35Z,46.24256667,12.78733333,1438.00,85.545
458,1,458,-842.190370605168,-3958.960023463144,2019-07-15T12:07:36Z,46.24250000,12.78721667,1440.00,85.533
459,1,459,-841.190370605168,-3957.960023463144,2019-07-15T12:07:37Z,46.24245000,12.78708333,1440.00,85.522
460,1,460,-840.190370605168,-3956.960023463144,2019-07-15T12:07:38Z,46.24240000,12.78695000,1442.00,85.511
461,1,461,-839.190370605168,-3955.960023463144,2019-07-15T12:07:39Z,46.24233333,12.78681667,1444.00,85.498
462,1,462,-838.190370605168,-3954.960023463144,2019-07-15T12:07:40Z,46.24228333,12.78666667,1446.00,85.486
463,1,463,-837.190370605168,-3953.960023463144,2019-07-15T12:07:41Z,46.24221667,12.78653333,1448.00,85.473
464,1,464,-836.190370605168,-3952.960023463144,2019-07-15T12:07:42Z,46.24216667,12.78638333,1449.00,85.461
465,1,465,-835.190370605168,-3951.960023463144,2019-07-15T12:07:43Z,46.24210000,12.78623333,1449.00,85.447
466,1,466,-834.190370605168,-3950.960023463144,2019-07-15T12:07:44Z,46.24205000,12.78608333,1450.00,85.435
467,1,467,-833.190370605168,-3949.960023463144,2019-07-15T12:07:45Z,46.24198333,12.78595000,1451.00,85.423
468,1,468,-832.190370605168,-3948.960023463144,2019-07-15T12:07:46Z,46.24193333,12.78581667,1452.00,85.411
469,1,469,-831.190370605168,-3947.960023463144,2019-07-15T12:07:47Z,46.24186667,12.78568333,1452.00,85.399
470,1,470,-830.190370605168,-3946.960023463144,2019-07-15T12:07:48Z,46.24180000,12.78553333,1452.00,85.385
471,1,471,-829.190370605168,-3945.960023463144,2019-07-15T12:07:49Z,46.24175000,12.78538333,1451.00,85.373
472,1,472,-828.190370605168,-3944.960023463144,2019-07-15T12:07:50Z,46.24168333,12.78521667,1450.00,85.358
473,1,473,-827.190370605168,-3943.960023463144,2019-07-15T12:07:51Z,46.24161667,12.78506667,1450.00,85.345
474,1,474,-826.190370605168,-3942.960023463144,2019-07-15T12:07:52Z,46.24153333,12.78491667,1449.00,85.33
475,1,475,-825.190370605168,-3941.960023463144,2019-07-15T12:07:53Z,46.24145000,12.78480000,1448.00,85.317
476,1,476,-824.190370605168,-3940.960023463144,2019-07-15T12:07:54Z,46.24136667,12.78468333,1450.00,85.304
477,1,477,-823.190370605168,-3939.960023463144,2019-07-15T12:07:55Z,46.24130000,12.78458333,1451.00,85.294
478,1,478,-822.190370605168,-3938.960023463144,2019-07-15T12:07:56Z,46.24121667,12.78448333,1452.00,85.282
479,1,479,-821.190370605168,-3937.960023463144,2019-07-15T12:07:57Z,46.24115000,12.78438333,1452.00,85.271
480,1,480,-820.190370605168,-3936.960023463144,2019-07-15T12:07:58Z,46.24106667,12.78425000,1451.00,85.257
481,1,481,-819.190370605168,-3935.960023463144,2019-07-15T12:07:59Z,46.24096667,12.78411667,1449.00,85.242
482,1,482,-818.190370605168,-3934.960023463144,2019-07-15T12:08:00Z,46.24088333,12.78395000,1448.00,85.226
483,1,483,-817.190370605168,-3933.960023463144,2019-07-15T12:08:01Z,46.24080000,12.78378333,1444.00,85.211
484,1,484,-816.190370605168,-3932.960023463144,2019-07-15T12:08:02Z,46.24073333,12.78361667,1448.00,85.196
485,1,485,-815.190370605168,-3931.960023463144,2019-07-15T12:08:03Z,46.24066667,12.78348333,1451.00,85.184
486,1,486,-814.190370605168,-3930.960023463144,2019-07-15T12:08:04Z,46.24058333,12.78333333,1454.00,85.169
487,1,487,-813.190370605168,-3929.960023463144,2019-07-15T12:08:05Z,46.24050000,12.78320000,1454.00,85.155
488,1,488,-812.190370605168,-3928.960023463144,2019-07-15T12:08:06Z,46.24040000,12.78310000,1454.00,85.142
489,1,489,-811.190370605168,-3927.960023463144,2019-07-15T12:08:07Z,46.24031667,12.78301667,1456.00,85.131
490,1,490,-810.190370605168,-3926.960023463144,2019-07-15T12:08:08Z,46.24021667,12.78298333,1456.00,85.122
491,1,491,-809.190370605168,-3925.960023463144,2019-07-15T12:08:09Z,46.24013333,12.78301667,1456.00,85.117
492,1,492,-808.190370605168,-3924.960023463144,2019-07-15T12:08:10Z,46.24010000,12.78308333,1457.00,85.119
493,1,493,-807.190370605168,-3923.960023463144,2019-07-15T12:08:11Z,46.24008333,12.78318333,1458.00,85.123
494,1,494,-806.190370605168,-3922.960023463144,2019-07-15T12:08:12Z,46.24010000,12.78333333,1459.00,85.133
495,1,495,-805.190370605168,-3921.960023463144,2019-07-15T12:08:13Z,46.24015000,12.78346667,1459.00,85.144
496,1,496,-804.190370605168,-3920.960023463144,2019-07-15T12:08:14Z,46.24023333,12.78361667,1460.00,85.159
497,1,497,-803.190370605168,-3919.960023463144,2019-07-15T12:08:15Z,46.24035000,12.78375000,1458.00,85.175
498,1,498,-802.190370605168,-3918.960023463144,2019-07-15T12:08:16Z,46.24050000,12.78388333,1458.00,85.194
499,1,499,-801.190370605168,-3917.960023463144,2019-07-15T12:08:17Z,46.24065000,12.78398333,1457.00,85.211
500,1,500,-800.190370605168,-3916.960023463144,2019-07-15T12:08:18Z,46.24081667,12.78405000,1457.00,85.227
501,1,501,-799.190370605168,-3915.960023463144,2019-07-15T12:08:19Z,46.24100000,12.78410000,1457.00,85.244
502,1,502,-798.190370605168,-3914.960023463144,2019-07-15T12:08:20Z,46.24118333,12.78410000,1457.00,85.258
503,1,503,-797.190370605168,-3913.960023463144,2019-07-15T12:08:21Z,46.24136667,12.78408333,1458.00,85.27
504,1,504,-796.190370605168,-3912.960023463144,2019-07-15T12:08:22Z,46.24155000,12.78403333,1459.00,85.281
505,1,505,-795.190370605168,-3911.960023463144,2019-07-15T12:08:23Z,46.24173333,12.78396667,1460.00,85.291
506,1,506,-794.190370605168,-3910.960023463144,2019-07-15T12:08:24Z,46.24190000,12.78386667,1461.00,85.298
507,1,507,-793.190370605168,-3909.960023463144,2019-07-15T12:08:25Z,46.24205000,12.78373333,1463.00,85.302
508,1,508,-792.190370605168,-3908.960023463144,2019-07-15T12:08:26Z,46.24218333,12.78358333,1464.00,85.304
509,1,509,-791.190370605168,-3907.960023463144,2019-07-15T12:08:27Z,46.24230000,12.78340000,1464.00,85.302
510,1,510,-790.190370605168,-3906.960023463144,2019-07-15T12:08:28Z,46.24241667,12.78320000,1464.00,85.3
511,1,511,-789.190370605168,-3905.960023463144,2019-07-15T12:08:29Z,46.24251667,12.78300000,1464.00,85.296
512,1,512,-788.190370605168,-3904.960023463144,2019-07-15T12:08:30Z,46.24260000,12.78278333,1464.00,85.29
513,1,513,-787.190370605168,-3903.960023463144,2019-07-15T12:08:31Z,46.24268333,12.78255000,1463.00,85.283
514,1,514,-786.190370605168,-3902.960023463144,2019-07-15T12:08:32Z,46.24273333,12.78231667,1463.00,85.274
515,1,515,-785.190370605168,-3901.960023463144,2019-07-15T12:08:33Z,46.24276667,12.78208333,1463.00,85.263
516,1,516,-784.190370605168,-3900.960023463144,2019-07-15T12:08:34Z,46.24278333,12.78185000,1461.00,85.251
517,1,517,-783.190370605168,-3899.960023463144,2019-07-15T12:08:35Z,46.24276667,12.78160000,1459.00,85.236
518,1,518,-782.190370605168,-3898.960023463144,2019-07-15T12:08:36Z,46.24275000,12.78138333,1457.00,85.223
519,1,519,-781.190370605168,-3897.960023463144,2019-07-15T12:08:37Z,46.24270000,12.78118333,1458.00,85.208
520,1,520,-780.190370605168,-3896.960023463144,2019-07-15T12:08:38Z,46.24263333,12.78103333,1459.00,85.194
521,1,521,-779.190370605168,-3895.960023463144,2019-07-15T12:08:39Z,46.24256667,12.78090000,1460.00,85.182
522,1,522,-778.190370605168,-3894.960023463144,2019-07-15T12:08:40Z,46.24250000,12.78081667,1461.00,85.172
523,1,523,-777.190370605168,-3893.960023463144,2019-07-15T12:08:41Z,46.24241667,12.78075000,1461.00,85.162
524,1,524,-776.190370605168,-3892.960023463144,2019-07-15T12:08:42Z,46.24233333,12.78073333,1463.00,85.154
525,1,525,-775.190370605168,-3891.960023463144,2019-07-15T12:08:43Z,46.24225000,12.78075000,1462.00,85.149
526,1,526,-774.190370605168,-3890.960023463144,2019-07-15T12:08:44Z,46.24220000,12.78080000,1463.00,85.148
527,1,527,-773.190370605168,-3889.960023463144,2019-07-15T12:08:45Z,46.24215000,12.78088333,1464.00,85.149
528,1,528,-772.190370605168,-3888.960023463144,2019-07-15T12:08:46Z,46.24213333,12.78101667,1465.00,85.155
529,1,529,-771.190370605168,-3887.960023463144,2019-07-15T12:08:47Z,46.24215000,12.78115000,1465.00,85.164
530,1,530,-770.190370605168,-3886.960023463144,2019-07-15T12:08:48Z,46.24220000,12.78130000,1466.00,85.176
531,1,531,-769.190370605168,-3885.960023463144,2019-07-15T12:08:49Z,46.24230000,12.78145000,1467.00,85.192
532,1,532,-768.190370605168,-3884.960023463144,2019-07-15T12:08:50Z,46.24241667,12.78155000,1469.00,85.207
533,1,533,-767.190370605168,-3883.960023463144,2019-07-15T12:08:51Z,46.24258333,12.78165000,1469.00,85.225
534,1,534,-766.190370605168,-3882.960023463144,2019-07-15T12:08:52Z,46.24275000,12.78168333,1469.00,85.239
535,1,535,-765.190370605168,-3881.960023463144,2019-07-15T12:08:53Z,46.24293333,12.78163333,1469.00,85.251
536,1,536,-764.190370605168,-3880.960023463144,2019-07-15T12:08:54Z,46.24311667,12.78153333,1468.00,85.259
537,1,537,-763.190370605168,-3879.960023463144,2019-07-15T12:08:55Z,46.24328333,12.78138333,1468.00,85.263
538,1,538,-762.190370605168,-3878.960023463144,2019-07-15T12:08:56Z,46.24341667,12.78118333,1468.00,85.262
539,1,539,-761.190370605168,-3877.960023463144,2019-07-15T12:08:57Z,46.24353333,12.78095000,1468.00,85.258
540,1,540,-760.190370605168,-3876.960023463144,2019-07-15T12:08:58Z,46.24360000,12.78073333,1469.00,85.251
541,1,541,-759.190370605168,-3875.960023463144,2019-07-15T12:08:59Z,46.24366667,12.78050000,1470.00,85.243
542,1,542,-758.190370605168,-3874.960023463144,2019-07-15T12:09:00Z,46.24370000,12.78026667,1470.00,85.232
543,1,543,-757.190370605168,-3873.960023463144,2019-07-15T12:09:01Z,46.24370000,12.78003333,1469.00,85.219
544,1,544,-756.190370605168,-3872.960023463144,2019-07-15T12:09:02Z,46.24368333,12.77983333,1469.00,85.207
545,1,545,-755.190370605168,-3871.960023463144,2019-07-15T12:09:03Z,46.24366667,12.77963333,1470.00,85.194
546,1,546,-754.190370605168,-3870.960023463144,2019-07-15T12:09:04Z,46.24361667,12.77948333,1470.00,85.182
547,1,547,-753.190370605168,-3869.960023463144,2019-07-15T12:09:05Z,46.24355000,12.77933333,1469.00,85.169
548,1,548,-752.190370605168,-3868.960023463144,2019-07-15T12:09:06Z,46.24348333,12.77920000,1469.00,85.156
549,1,549,-751.190370605168,-3867.960023463144,2019-07-15T12:09:07Z,46.24341667,12.77910000,1470.00,85.145
550,1,550,-750.190370605168,-3866.960023463144,2019-07-15T12:09:08Z,46.24333333,12.77901667,1468.00,85.134
551,1,551,-749.190370605168,-3865.960023463144,2019-07-15T12:09:09Z,46.24325000,12.77893333,1467.00,85.123
552,1,552,-748.190370605168,-3864.960023463144,2019-07-15T12:09:10Z,46.24316667,12.77886667,1467.00,85.113
553,1,553,-747.190370605168,-3863.960023463144,2019-07-15T12:09:11Z,46.24308333,12.77881667,1468.00,85.104
554,1,554,-746.190370605168,-3862.960023463144,2019-07-15T12:09:12Z,46.24301667,12.77878333,1468.00,85.097
555,1,555,-745.190370605168,-3861.960023463144,2019-07-15T12:09:13Z,46.24295000,12.77876667,1469.00,85.091
556,1,556,-744.190370605168,-3860.960023463144,2019-07-15T12:09:14Z,46.24288333,12.77876667,1469.00,85.086
557,1,557,-743.190370605168,-3859.960023463144,2019-07-15T12:09:15Z,46.24281667,12.77881667,1469.00,85.084
558,1,558,-742.190370605168,-3858.960023463144,2019-07-15T12:09:16Z,46.24276667,12.77888333,1467.00,85.084
559,1,559,-741.190370605168,-3857.960023463144,2019-07-15T12:09:17Z,46.24271667,12.77896667,1467.00,85.085
560,1,560,-740.190370605168,-3856.960023463144,2019-07-15T12:09:18Z,46.24266667,12.77906667,1464.00,85.086
561,1,561,-739.190370605168,-3855.960023463144,2019-07-15T12:09:19Z,46.24263333,12.77918333,1462.00,85.09
562,1,562,-738.190370605168,-3854.960023463144,2019-07-15T12:09:20Z,46.24260000,12.77933333,1459.00,85.096
563,1,563,-737.190370605168,-3853.960023463144,2019-07-15T12:09:21Z,46.24258333,12.77950000,1457.00,85.104
564,1,564,-736.190370605168,-3852.960023463144,2019-07-15T12:09:22Z,46.24258333,12.77966667,1454.00,85.114
565,1,565,-735.190370605168,-3851.960023463144,2019-07-15T12:09:23Z,46.24260000,12.77985000,1453.00,85.125
566,1,566,-734.190370605168,-3850.960023463144,2019-07-15T12:09:24Z,46.24261667,12.78003333,1452.00,85.137
567,1,567,-733.190370605168,-3849.960023463144,2019-07-15T12:09:25Z,46.24265000,12.78021667,1450.00,85.15
568,1,568,-732.190370605168,-3848.960023463144,2019-07-15T12:09:26Z,46.24268333,12.78038333,1449.00,85.161
569,1,569,-731.190370605168,-3847.960023463144,2019-07-15T12:09:27Z,46.24270000,12.78058333,1449.00,85.174
570,1,570,-730.190370605168,-3846.960023463144,2019-07-15T12:09:28Z,46.24273333,12.78076667,1449.00,85.187
571,1,571,-729.190370605168,-3845.960023463144,2019-07-15T12:09:29Z,46.24276667,12.78096667,1449.00,85.2
572,1,572,-728.190370605168,-3844.960023463144,2019-07-15T12:09:30Z,46.24281667,12.78116667,1449.00,85.216
573,1,573,-727.190370605168,-3843.960023463144,2019-07-15T12:09:31Z,46.24286667,12.78135000,1450.00,85.23
574,1,574,-726.190370605168,-3842.960023463144,2019-07-15T12:09:32Z,46.24293333,12.78153333,1451.00,85.245
575,1,575,-725.190370605168,-3841.960023463144,2019-07-15T12:09:33Z,46.24301667,12.78168333,1452.00,85.26
576,1,576,-724.190370605168,-3840.960023463144,2019-07-15T12:09:34Z,46.24311667,12.78183333,1453.00,85.276
577,1,577,-723.190370605168,-3839.960023463144,2019-07-15T12:09:35Z,46.24323333,12.78196667,1455.00,85.292
578,1,578,-722.190370605168,-3838.960023463144,2019-07-15T12:09:36Z,46.24336667,12.78210000,1455.00,85.31
579,1,579,-721.190370605168,-3837.960023463144,2019-07-15T12:09:37Z,46.24351667,12.78221667,1453.00,85.328
580,1,580,-720.190370605168,-3836.960023463144,2019-07-15T12:09:38Z,46.24365000,12.78233333,1452.00,85.344
581,1,581,-719.190370605168,-3835.960023463144,2019-07-15T12:09:39Z,46.24378333,12.78245000,1450.00,85.361
582,1,582,-718.190370605168,-3834.960023463144,2019-07-15T12:09:40Z,46.24388333,12.78258333,1447.00,85.376
583,1,583,-717.190370605168,-3833.960023463144,2019-07-15T12:09:41Z,46.24398333,12.78271667,1445.00,85.391
584,1,584,-716.190370605168,-3832.960023463144,2019-07-15T12:09:42Z,46.24401667,12.78288333,1441.00,85.403
585,1,585,-715.190370605168,-3831.960023463144,2019-07-15T12:09:43Z,46.24403333,12.78305000,1438.00,85.414
586,1,586,-714.190370605168,-3830.960023463144,2019-07-15T12:09:44Z,46.24401667,12.78320000,1435.00,85.421
587,1,587,-713.190370605168,-3829.960023463144,2019-07-15T12:09:45Z,46.24398333,12.78335000,1432.00,85.427
588,1,588,-712.190370605168,-3828.960023463144,2019-07-15T12:09:46Z,46.24393333,12.78346667,1431.00,85.43
589,1,589,-711.190370605168,-3827.960023463144,2019-07-15T12:09:47Z,46.24388333,12.78358333,1428.00,85.432
590,1,590,-710.190370605168,-3826.960023463144,2019-07-15T12:09:48Z,46.24383333,12.78370000,1426.00,85.435
591,1,591,-709.190370605168,-3825.960023463144,2019-07-15T12:09:49Z,46.24378333,12.78381667,1427.00,85.438
592,1,592,-708.190370605168,-3824.960023463144,2019-07-15T12:09:50Z,46.24371667,12.78391667,1422.00,85.438
593,1,593,-707.190370605168,-3823.960023463144,2019-07-15T12:09:51Z,46.24365000,12.78403333,1420.00,85.44
594,1,594,-706.190370605168,-3822.960023463144,2019-07-15T12:09:52Z,46.24358333,12.78413333,1417.00,85.441
595,1,595,-705.190370605168,-3821.960023463144,2019-07-15T12:09:53Z,46.24350000,12.78423333,1415.00,85.44
596,1,596,-704.190370605168,-3820.960023463144,2019-07-15T12:09:54Z,46.24343333,12.78431667,1412.00,85.439
597,1,597,-703.190370605168,-3819.960023463144,2019-07-15T12:09:55Z,46.24335000,12.78440000,1411.00,85.438
598,1,598,-702.190370605168,-3818.960023463144,2019-07-15T12:09:56Z,46.24328333,12.78446667,1410.00,85.437
599,1,599,-701.190370605168,-3817.960023463144,2019-07-15T12:09:57Z,46.24321667,12.78453333,1410.00,85.435
600,1,600,-700.190370605168,-3816.960023463144,2019-07-15T12:09:58Z,46.24315000,12.78460000,1407.00,85.434
601,1,601,-699.190370605168,-3815.960023463144,2019-07-15T12:09:59Z,46.24306667,12.78466667,1406.00,85.432
602,1,602,-698.190370605168,-3814.960023463144,2019-07-15T12:10:00Z,46.24300000,12.78473333,1404.00,85.43
603,1,603,-697.190370605168,-3813.960023463144,2019-07-15T12:10:01Z,46.24291667,12.78481667,1401.00,85.429
604,1,604,-696.190370605168,-3812.960023463144,2019-07-15T12:10:02Z,46.24283333,12.78488333,1399.00,85.426
605,1,605,-695.190370605168,-3811.960023463144,2019-07-15T12:10:03Z,46.24275000,12.78495000,1397.00,85.424
606,1,606,-694.190370605168,-3810.960023463144,2019-07-15T12:10:04Z,46.24266667,12.78501667,1394.00,85.421
607,1,607,-693.190370605168,-3809.960023463144,2019-07-15T12:10:05Z,46.24258333,12.78508333,1391.00,85.419
608,1,608,-692.190370605168,-3808.960023463144,2019-07-15T12:10:06Z,46.24250000,12.78515000,1392.00,85.416
609,1,609,-691.190370605168,-3807.960023463144,2019-07-15T12:10:07Z,46.24243333,12.78521667,1391.00,85.415
610,1,610,-690.190370605168,-3806.960023463144,2019-07-15T12:10:08Z,46.24236667,12.78530000,1390.00,85.415
611,1,611,-689.190370605168,-3805.960023463144,2019-07-15T12:10:09Z,46.24228333,12.78536667,1388.00,85.412
612,1,612,-688.190370605168,-3804.960023463144,2019-07-15T12:10:10Z,46.24221667,12.78545000,1382.00,85.412
613,1,613,-687.190370605168,-3803.960023463144,2019-07-15T12:10:11Z,46.24213333,12.78551667,1385.00,85.409
614,1,614,-686.190370605168,-3802.960023463144,2019-07-15T12:10:12Z,46.24205000,12.78560000,1382.00,85.408
615,1,615,-685.190370605168,-3801.960023463144,2019-07-15T12:10:13Z,46.24196667,12.78566667,1380.00,85.405
616,1,616,-684.190370605168,-3800.960023463144,2019-07-15T12:10:14Z,46.24188333,12.78573333,1380.00,85.403
617,1,617,-683.190370605168,-3799.960023463144,2019-07-15T12:10:15Z,46.24181667,12.78580000,1376.00,85.402
618,1,618,-682.190370605168,-3798.960023463144,2019-07-15T12:10:16Z,46.24173333,12.78588333,1372.00,85.4
619,1,619,-681.190370605168,-3797.960023463144,2019-07-15T12:10:17Z,46.24165000,12.78595000,1370.00,85.398
620,1,620,-680.190370605168,-3796.960023463144,2019-07-15T12:10:18Z,46.24155000,12.78603333,1368.00,85.395
621,1,621,-679.190370605168,-3795.960023463144,2019-07-15T12:10:19Z,46.24146667,12.78608333,1366.00,85.391
622,1,622,-678.190370605168,-3794.960023463144,2019-07-15T12:10:20Z,46.24136667,12.78611667,1363.00,85.386
623,1,623,-677.190370605168,-3793.960023463144,2019-07-15T12:10:21Z,46.24126667,12.78611667,1360.00,85.378
624,1,624,-676.190370605168,-3792.960023463144,2019-07-15T12:10:22Z,46.24116667,12.78608333,1359.00,85.369
625,1,625,-675.190370605168,-3791.960023463144,2019-07-15T12:10:23Z,46.24106667,12.78603333,1355.00,85.359
626,1,626,-674.190370605168,-3790.960023463144,2019-07-15T12:10:24Z,46.24096667,12.78596667,1352.00,85.347
627,1,627,-673.190370605168,-3789.960023463144,2019-07-15T12:10:25Z,46.24086667,12.78588333,1349.00,85.335
628,1,628,-672.190370605168,-3788.960023463144,2019-07-15T12:10:26Z,46.24075000,12.78580000,1346.00,85.322
629,1,629,-671.190370605168,-3787.960023463144,2019-07-15T12:10:27Z,46.24065000,12.78571667,1344.00,85.309
630,1,630,-670.190370605168,-3786.960023463144,2019-07-15T12:10:28Z,46.24055000,12.78563333,1340.00,85.297
631,1,631,-669.190370605168,-3785.960023463144,2019-07-15T12:10:29Z,46.24046667,12.78553333,1339.00,85.285
632,1,632,-668.190370605168,-3784.960023463144,2019-07-15T12:10:30Z,46.24036667,12.78545000,1336.00,85.273
633,1,633,-667.190370605168,-3783.960023463144,2019-07-15T12:10:31Z,46.24028333,12.78535000,1333.00,85.261
634,1,634,-666.190370605168,-3782.960023463144,2019-07-15T12:10:32Z,46.24020000,12.78525000,1331.00,85.249
635,1,635,-665.190370605168,-3781.960023463144,2019-07-15T12:10:33Z,46.24011667,12.78511667,1331.00,85.235
636,1,636,-664.190370605168,-3780.960023463144,2019-07-15T12:10:34Z,46.24001667,12.78498333,1325.00,85.22
637,1,637,-663.190370605168,-3779.960023463144,2019-07-15T12:10:35Z,46.23993333,12.78483333,1325.00,85.205
638,1,638,-662.190370605168,-3778.960023463144,2019-07-15T12:10:36Z,46.23985000,12.78468333,1323.00,85.191
639,1,639,-661.190370605168,-3777.960023463144,2019-07-15T12:10:37Z,46.23978333,12.78451667,1320.00,85.176
640,1,640,-660.190370605168,-3776.960023463144,2019-07-15T12:10:38Z,46.23970000,12.78436667,1318.00,85.161
641,1,641,-659.190370605168,-3775.960023463144,2019-07-15T12:10:39Z,46.23961667,12.78423333,1316.00,85.148
642,1,642,-658.190370605168,-3774.960023463144,2019-07-15T12:10:40Z,46.23955000,12.78408333,1315.00,85.134
643,1,643,-657.190370605168,-3773.960023463144,2019-07-15T12:10:41Z,46.23946667,12.78395000,1312.00,85.12
644,1,644,-656.190370605168,-3772.960023463144,2019-07-15T12:10:42Z,46.23938333,12.78380000,1308.00,85.105
645,1,645,-655.190370605168,-3771.960023463144,2019-07-15T12:10:43Z,46.23930000,12.78366667,1305.00,85.092
646,1,646,-654.190370605168,-3770.960023463144,2019-07-15T12:10:44Z,46.23921667,12.78350000,1301.00,85.076
647,1,647,-653.190370605168,-3769.960023463144,2019-07-15T12:10:45Z,46.23911667,12.78335000,1299.00,85.06
648,1,648,-652.190370605168,-3768.960023463144,2019-07-15T12:10:46Z,46.23903333,12.78321667,1296.00,85.046
649,1,649,-651.190370605168,-3767.960023463144,2019-07-15T12:10:47Z,46.23895000,12.78310000,1295.00,85.033
650,1,650,-650.190370605168,-3766.960023463144,2019-07-15T12:10:48Z,46.23888333,12.78298333,1293.00,85.022
651,1,651,-649.190370605168,-3765.960023463144,2019-07-15T12:10:49Z,46.23880000,12.78288333,1292.00,85.01
652,1,652,-648.190370605168,-3764.960023463144,2019-07-15T12:10:50Z,46.23873333,12.78278333,1291.00,84.999
653,1,653,-647.190370605168,-3763.960023463144,2019-07-15T12:10:51Z,46.23866667,12.78268333,1289.00,84.988
654,1,654,-646.190370605168,-3762.960023463144,2019-07-15T12:10:52Z,46.23860000,12.78260000,1287.00,84.979
655,1,655,-645.190370605168,-3761.960023463144,2019-07-15T12:10:53Z,46.23853333,12.78250000,1284.00,84.968
656,1,656,-644.190370605168,-3760.960023463144,2019-07-15T12:10:54Z,46.23846667,12.78240000,1280.00,84.957
657,1,657,-643.190370605168,-3759.960023463144,2019-07-15T12:10:55Z,46.23838333,12.78230000,1278.00,84.945
658,1,658,-642.190370605168,-3758.960023463144,2019-07-15T12:10:56Z,46.23831667,12.78220000,1275.00,84.935
659,1,659,-641.190370605168,-3757.960023463144,2019-07-15T12:10:57Z,46.23823333,12.78210000,1272.00,84.923
660,1,660,-640.190370605168,-3756.960023463144,2019-07-15T12:10:58Z,46.23815000,12.78203333,1267.00,84.913
661,1,661,-639.190370605168,-3755.960023463144,2019-07-15T12:10:59Z,46.23805000,12.78196667,1262.00,84.901
662,1,662,-638.190370605168,-3754.960023463144,2019-07-15T12:11:00Z,46.23795000,12.78191667,1258.00,84.891
663,1,663,-637.190370605168,-3753.960023463144,2019-07-15T12:11:01Z,46.23785000,12.78186667,1254.00,84.881
664,1,664,-636.190370605168,-3752.960023463144,2019-07-15T12:11:02Z,46.23775000,12.78185000,1251.00,84.872
665,1,665,-635.190370605168,-3751.960023463144,2019-07-15T12:11:03Z,46.23765000,12.78181667,1247.00,84.863
666,1,666,-634.190370605168,-3750.960023463144,2019-07-15T12:11:04Z,46.23755000,12.78176667,1243.00,84.853
667,1,667,-633.190370605168,-3749.960023463144,2019-07-15T12:11:05Z,46.23743333,12.78170000,1240.00,84.84
668,1,668,-632.190370605168,-3748.960023463144,2019-07-15T12:11:06Z,46.23733333,12.78161667,1236.00,84.828
669,1,669,-631.190370605168,-3747.960023463144,2019-07-15T12:11:07Z,46.23723333,12.78151667,1234.00,84.815
670,1,670,-630.190370605168,-3746.960023463144,2019-07-15T12:11:08Z,46.23715000,12.78140000,1233.00,84.802
671,1,671,-629.190370605168,-3745.960023463144,2019-07-15T12:11:09Z,46.23706667,12.78128333,1231.00,84.789
672,1,672,-628.190370605168,-3744.960023463144,2019-07-15T12:11:10Z,46.23698333,12.78115000,1231.00,84.775
673,1,673,-627.190370605168,-3743.960023463144,2019-07-15T12:11:11Z,46.23690000,12.78101667,1230.00,84.761
674,1,674,-626.190370605168,-3742.960023463144,2019-07-15T12:11:12Z,46.23683333,12.78090000,1228.00,84.75
675,1,675,-625.190370605168,-3741.960023463144,2019-07-15T12:11:13Z,46.23675000,12.78076667,1227.00,84.736
676,1,676,-624.190370605168,-3740.960023463144,2019-07-15T12:11:14Z,46.23666667,12.78065000,1227.00,84.723
677,1,677,-623.190370605168,-3739.960023463144,2019-07-15T12:11:15Z,46.23660000,12.78053333,1222.00,84.711
678,1,678,-622.190370605168,-3738.960023463144,2019-07-15T12:11:16Z,46.23650000,12.78043333,1227.00,84.698
679,1,679,-621.190370605168,-3737.960023463144,2019-07-15T12:11:17Z,46.23641667,12.78035000,1226.00,84.687
680,1,680,-620.190370605168,-3736.960023463144,2019-07-15T12:11:18Z,46.23631667,12.78028333,1223.00,84.676
681,1,681,-619.190370605168,-3735.960023463144,2019-07-15T12:11:19Z,46.23621667,12.78021667,1221.00,84.665
682,1,682,-618.190370605168,-3734.960023463144,2019-07-15T12:11:20Z,46.23613333,12.78015000,1218.00,84.655
683,1,683,-617.190370605168,-3733.960023463144,2019-07-15T12:11:21Z,46.23603333,12.78010000,1215.00,84.644
684,1,684,-616.190370605168,-3732.960023463144,2019-07-15T12:11:22Z,46.23593333,12.78001667,1212.00,84.632
685,1,685,-615.190370605168,-3731.960023463144,2019-07-15T12:11:23Z,46.23585000,12.77993333,1209.00,84.621
686,1,686,-614.190370605168,-3730.960023463144,2019-07-15T12:11:24Z,46.23575000,12.77985000,1207.00,84.609
687,1,687,-613.190370605168,-3729.960023463144,2019-07-15T12:11:25Z,46.23566667,12.77973333,1206.00,84.596
688,1,688,-612.190370605168,-3728.960023463144,2019-07-15T12:11:26Z,46.23558333,12.77961667,1205.00,84.583
689,1,689,-611.190370605168,-3727.960023463144,2019-07-15T12:11:27Z,46.23550000,12.77950000,1204.00,84.57
690,1,690,-610.190370605168,-3726.960023463144,2019-07-15T12:11:28Z,46.23543333,12.77936667,1203.00,84.558
691,1,691,-609.190370605168,-3725.960023463144,2019-07-15T12:11:29Z,46.23535000,12.77921667,1200.00,84.543
692,1,692,-608.190370605168,-3724.960023463144,2019-07-15T12:11:30Z,46.23526667,12.77906667,1198.00,84.528
693,1,693,-607.190370605168,-3723.960023463144,2019-07-15T12:11:31Z,46.23518333,12.77890000,1196.00,84.513
694,1,694,-606.190370605168,-3722.960023463144,2019-07-15T12:11:32Z,46.23511667,12.77871667,1193.00,84.497
695,1,695,-605.190370605168,-3721.960023463144,2019-07-15T12:11:33Z,46.23505000,12.77853333,1191.00,84.482
696,1,696,-604.190370605168,-3720.960023463144,2019-07-15T12:11:34Z,46.23496667,12.77835000,1188.00,84.465
697,1,697,-603.190370605168,-3719.960023463144,2019-07-15T12:11:35Z,46.23488333,12.77816667,1186.00,84.448
698,1,698,-602.190370605168,-3718.960023463144,2019-07-15T12:11:36Z,46.23481667,12.77800000,1184.00,84.434
699,1,699,-601.190370605168,-3717.960023463144,2019-07-15T12:11:37Z,46.23473333,12.77786667,1184.00,84.42
700,1,700,-600.190370605168,-3716.960023463144,2019-07-15T12:11:38Z,46.23465000,12.77773333,1184.00,84.406
701,1,701,-599.190370605168,-3715.960023463144,2019-07-15T12:11:39Z,46.23455000,12.77760000,1181.00,84.391
702,1,702,-598.190370605168,-3714.960023463144,2019-07-15T12:11:40Z,46.23445000,12.77750000,1178.00,84.378
703,1,703,-597.190370605168,-3713.960023463144,2019-07-15T12:11:41Z,46.23435000,12.77738333,1175.00,84.364
704,1,704,-596.190370605168,-3712.960023463144,2019-07-15T12:11:42Z,46.23423333,12.77728333,1170.00,84.35
705,1,705,-595.190370605168,-3711.960023463144,2019-07-15T12:11:43Z,46.23411667,12.77718333,1166.00,84.335
706,1,706,-594.190370605168,-3710.960023463144,2019-07-15T12:11:44Z,46.23401667,12.77708333,1161.00,84.322
707,1,707,-593.190370605168,-3709.960023463144,2019-07-15T12:11:45Z,46.23390000,12.77698333,1156.00,84.308
708,1,708,-592.190370605168,-3708.960023463144,2019-07-15T12:11:46Z,46.23380000,12.77688333,1153.00,84.294
709,1,709,-591.190370605168,-3707.960023463144,2019-07-15T12:11:47Z,46.23368333,12.77678333,1149.00,84.28
710,1,710,-590.190370605168,-3706.960023463144,2019-07-15T12:11:48Z,46.23356667,12.77668333,1144.00,84.266
711,1,711,-589.190370605168,-3705.960023463144,2019-07-15T12:11:49Z,46.23343333,12.77660000,1138.00,84.251
712,1,712,-588.190370605168,-3704.960023463144,2019-07-15T12:11:50Z,46.23330000,12.77655000,1133.00,84.238
713,1,713,-587.190370605168,-3703.960023463144,2019-07-15T12:11:51Z,46.23316667,12.77653333,1128.00,84.227
714,1,714,-586.190370605168,-3702.960023463144,2019-07-15T12:11:52Z,46.23305000,12.77655000,1125.00,84.219
715,1,715,-585.190370605168,-3701.960023463144,2019-07-15T12:11:53Z,46.23293333,12.77658333,1122.00,84.213
716,1,716,-584.190370605168,-3700.960023463144,2019-07-15T12:11:54Z,46.23280000,12.77665000,1118.00,84.207
717,1,717,-583.190370605168,-3699.960023463144,2019-07-15T12:11:55Z,46.23268333,12.77673333,1116.00,84.203
718,1,718,-582.190370605168,-3698.960023463144,2019-07-15T12:11:56Z,46.23256667,12.77681667,1114.00,84.199
719,1,719,-581.190370605168,-3697.960023463144,2019-07-15T12:11:57Z,46.23243333,12.77693333,1113.00,84.196
720,1,720,-580.190370605168,-3696.960023463144,2019-07-15T12:11:58Z,46.23230000,12.77706667,1112.00,84.193
721,1,721,-579.190370605168,-3695.960023463144,2019-07-15T12:11:59Z,46.23216667,12.77721667,1111.00,84.192
722,1,722,-578.190370605168,-3694.960023463144,2019-07-15T12:12:00Z,46.23205000,12.77738333,1110.00,84.193
723,1,723,-577.190370605168,-3693.960023463144,2019-07-15T12:12:01Z,46.23193333,12.77755000,1108.00,84.194
724,1,724,-576.190370605168,-3692.960023463144,2019-07-15T12:12:02Z,46.23181667,12.77770000,1108.00,84.194
725,1,725,-575.190370605168,-3691.960023463144,2019-07-15T12:12:03Z,46.23171667,12.77783333,1108.00,84.194
726,1,726,-574.190370605168,-3690.960023463144,2019-07-15T12:12:04Z,46.23160000,12.77795000,1113.00,84.192
727,1,727,-573.190370605168,-3689.960023463144,2019-07-15T12:12:05Z,46.23150000,12.77805000,1113.00,84.191
728,1,728,-572.190370605168,-3688.960023463144,2019-07-15T12:12:06Z,46.23141667,12.77813333,1118.00,84.189
729,1,729,-571.190370605168,-3687.960023463144,2019-07-15T12:12:07Z,46.23133333,12.77823333,1123.00,84.189
730,1,730,-570.190370605168,-3686.960023463144,2019-07-15T12:12:08Z,46.23128333,12.77835000,1125.00,84.192
731,1,731,-569.190370605168,-3685.960023463144,2019-07-15T12:12:09Z,46.23123333,12.77846667,1129.00,84.195
732,1,732,-568.190370605168,-3684.960023463144,2019-07-15T12:12:10Z,46.23123333,12.77861667,1129.00,84.204
733,1,733,-567.190370605168,-3683.960023463144,2019-07-15T12:12:11Z,46.23125000,12.77876667,1131.00,84.213
734,1,734,-566.190370605168,-3682.960023463144,2019-07-15T12:12:12Z,46.23128333,12.77893333,1132.00,84.225
735,1,735,-565.190370605168,-3681.960023463144,2019-07-15T12:12:13Z,46.23136667,12.77910000,1134.00,84.241
736,1,736,-564.190370605168,-3680.960023463144,2019-07-15T12:12:14Z,46.23146667,12.77925000,1134.00,84.257
737,1,737,-563.190370605168,-3679.960023463144,2019-07-15T12:12:15Z,46.23160000,12.77936667,1135.00,84.274
738,1,738,-562.190370605168,-3678.960023463144,2019-07-15T12:12:16Z,46.23175000,12.77945000,1136.00,84.29
739,1,739,-561.190370605168,-3677.960023463144,2019-07-15T12:12:17Z,46.23190000,12.77950000,1136.00,84.304
740,1,740,-560.190370605168,-3676.960023463144,2019-07-15T12:12:18Z,46.23206667,12.77950000,1134.00,84.316
741,1,741,-559.190370605168,-3675.960023463144,2019-07-15T12:12:19Z,46.23225000,12.77945000,1134.00,84.326
742,1,742,-558.190370605168,-3674.960023463144,2019-07-15T12:12:20Z,46.23240000,12.77935000,1133.00,84.332
743,1,743,-557.190370605168,-3673.960023463144,2019-07-15T12:12:21Z,46.23255000,12.77921667,1132.00,84.335
744,1,744,-556.190370605168,-3672.960023463144,2019-07-15T12:12:22Z,46.23265000,12.77903333,1132.00,84.332
745,1,745,-555.190370605168,-3671.960023463144,2019-07-15T12:12:23Z,46.23271667,12.77883333,1132.00,84.326
746,1,746,-554.190370605168,-3670.960023463144,2019-07-15T12:12:24Z,46.23273333,12.77863333,1132.00,84.315
747,1,747,-553.190370605168,-3669.960023463144,2019-07-15T12:12:25Z,46.23273333,12.77845000,1132.00,84.305
748,1,748,-552.190370605168,-3668.960023463144,2019-07-15T12:12:26Z,46.23270000,12.77828333,1131.00,84.293
749,1,749,-551.190370605168,-3667.960023463144,2019-07-15T12:12:27Z,46.23265000,12.77813333,1130.00,84.28
750,1,750,-550.190370605168,-3666.960023463144,2019-07-15T12:12:28Z,46.23256667,12.77800000,1131.00,84.267
751,1,751,-549.190370605168,-3665.960023463144,2019-07-15T12:12:29Z,46.23248333,12.77786667,1133.00,84.253
752,1,752,-548.190370605168,-3664.960023463144,2019-07-15T12:12:30Z,46.23238333,12.77775000,1131.00,84.239
753,1,753,-547.190370605168,-3663.960023463144,2019-07-15T12:12:31Z,46.23230000,12.77763333,1130.00,84.226
754,1,754,-546.190370605168,-3662.960023463144,2019-07-15T12:12:32Z,46.23220000,12.77751667,1129.00,84.212
755,1,755,-545.190370605168,-3661.960023463144,2019-07-15T12:12:33Z,46.23211667,12.77740000,1126.00,84.199
756,1,756,-544.190370605168,-3660.960023463144,2019-07-15T12:12:34Z,46.23203333,12.77730000,1129.00,84.187
757,1,757,-543.190370605168,-3659.960023463144,2019-07-15T12:12:35Z,46.23195000,12.77720000,1131.00,84.175
758,1,758,-542.190370605168,-3658.960023463144,2019-07-15T12:12:36Z,46.23188333,12.77711667,1131.00,84.165
759,1,759,-541.190370605168,-3657.960023463144,2019-07-15T12:12:37Z,46.23181667,12.77703333,1132.00,84.156
760,1,760,-540.190370605168,-3656.960023463144,2019-07-15T12:12:38Z,46.23175000,12.77695000,1132.00,84.146
761,1,761,-539.190370605168,-3655.960023463144,2019-07-15T12:12:39Z,46.23168333,12.77686667,1131.00,84.136
762,1,762,-538.190370605168,-3654.960023463144,2019-07-15T12:12:40Z,46.23163333,12.77676667,1129.00,84.127
763,1,763,-537.190370605168,-3653.960023463144,2019-07-15T12:12:41Z,46.23156667,12.77665000,1127.00,84.115
764,1,764,-536.190370605168,-3652.960023463144,2019-07-15T12:12:42Z,46.23150000,12.77655000,1125.00,84.104
765,1,765,-535.190370605168,-3651.960023463144,2019-07-15T12:12:43Z,46.23143333,12.77645000,1123.00,84.094
766,1,766,-534.190370605168,-3650.960023463144,2019-07-15T12:12:44Z,46.23135000,12.77638333,1121.00,84.084
767,1,767,-533.190370605168,-3649.960023463144,2019-07-15T12:12:45Z,46.23126667,12.77633333,1120.00,84.075
768,1,768,-532.190370605168,-3648.960023463144,2019-07-15T12:12:46Z,46.23118333,12.77631667,1119.00,84.068
769,1,769,-531.190370605168,-3647.960023463144,2019-07-15T12:12:47Z,46.23110000,12.77633333,1120.00,84.062
770,1,770,-530.190370605168,-3646.960023463144,2019-07-15T12:12:48Z,46.23101667,12.77638333,1118.00,84.059
771,1,771,-529.190370605168,-3645.960023463144,2019-07-15T12:12:49Z,46.23095000,12.77646667,1121.00,84.059
772,1,772,-528.190370605168,-3644.960023463144,2019-07-15T12:12:50Z,46.23086667,12.77656667,1116.00,84.059
773,1,773,-527.190370605168,-3643.960023463144,2019-07-15T12:12:51Z,46.23080000,12.77670000,1114.00,84.061
774,1,774,-526.190370605168,-3642.960023463144,2019-07-15T12:12:52Z,46.23071667,12.77685000,1112.00,84.064
775,1,775,-525.190370605168,-3641.960023463144,2019-07-15T12:12:53Z,46.23065000,12.77703333,1113.00,84.069
776,1,776,-524.190370605168,-3640.960023463144,2019-07-15T12:12:54Z,46.23060000,12.77723333,1109.00,84.077
777,1,777,-523.190370605168,-3639.960023463144,2019-07-15T12:12:55Z,46.23056667,12.77746667,1113.00,84.088
778,1,778,-522.190370605168,-3638.960023463144,2019-07-15T12:12:56Z,46.23056667,12.77768333,1111.00,84.101
779,1,779,-521.190370605168,-3637.960023463144,2019-07-15T12:12:57Z,46.23056667,12.77791667,1113.00,84.114
780,1,780,-520.190370605168,-3636.960023463144,2019-07-15T12:12:58Z,46.23060000,12.77813333,1114.00,84.129
781,1,781,-519.190370605168,-3635.960023463144,2019-07-15T12:12:59Z,46.23063333,12.77836667,1113.00,84.145
782,1,782,-518.190370605168,-3634.960023463144,2019-07-15T12:13:00Z,46.23066667,12.77858333,1114.00,84.16
783,1,783,-517.190370605168,-3633.960023463144,2019-07-15T12:13:01Z,46.23070000,12.77883333,1114.00,84.177
784,1,784,-516.190370605168,-3632.960023463144,2019-07-15T12:13:02Z,46.23071667,12.77906667,1115.00,84.191
785,1,785,-515.190370605168,-3631.960023463144,2019-07-15T12:13:03Z,46.23073333,12.77931667,1114.00,84.207
786,1,786,-514.190370605168,-3630.960023463144,2019-07-15T12:13:04Z,46.23075000,12.77956667,1111.00,84.223
787,1,787,-513.190370605168,-3629.960023463144,2019-07-15T12:13:05Z,46.23075000,12.77981667,1109.00,84.237
788,1,788,-512.190370605168,-3628.960023463144,2019-07-15T12:13:06Z,46.23073333,12.78005000,1105.00,84.249
789,1,789,-511.190370605168,-3627.960023463144,2019-07-15T12:13:07Z,46.23073333,12.78030000,1103.00,84.264
790,1,790,-510.190370605168,-3626.960023463144,2019-07-15T12:13:08Z,46.23071667,12.78053333,1102.00,84.276
791,1,791,-509.190370605168,-3625.960023463144,2019-07-15T12:13:09Z,46.23070000,12.78076667,1102.00,84.288
792,1,792,-508.190370605168,-3624.960023463144,2019-07-15T12:13:10Z,46.23070000,12.78100000,1101.00,84.302
793,1,793,-507.190370605168,-3623.960023463144,2019-07-15T12:13:11Z,46.23068333,12.78125000,1099.00,84.315
794,1,794,-506.190370605168,-3622.960023463144,2019-07-15T12:13:12Z,46.23070000,12.78151667,1097.00,84.332
795,1,795,-505.190370605168,-3621.960023463144,2019-07-15T12:13:13Z,46.23071667,12.78178333,1096.00,84.349
796,1,796,-504.190370605168,-3620.960023463144,2019-07-15T12:13:14Z,46.23073333,12.78205000,1093.00,84.365
797,1,797,-503.190370605168,-3619.960023463144,2019-07-15T12:13:15Z,46.23073333,12.78231667,1093.00,84.381
798,1,798,-502.190370605168,-3618.960023463144,2019-07-15T12:13:16Z,46.23075000,12.78256667,1093.00,84.396
799,1,799,-501.190370605168,-3617.960023463144,2019-07-15T12:13:17Z,46.23075000,12.78281667,1094.00,84.411
800,1,800,-500.190370605168,-3616.960023463144,2019-07-15T12:13:18Z,46.23075000,12.78303333,1096.00,84.424
801,1,801,-499.190370605168,-3615.960023463144,2019-07-15T12:13:19Z,46.23076667,12.78326667,1098.00,84.438
802,1,802,-498.190370605168,-3614.960023463144,2019-07-15T12:13:20Z,46.23078333,12.78350000,1099.00,84.453
803,1,803,-497.190370605168,-3613.960023463144,2019-07-15T12:13:21Z,46.23080000,12.78373333,1098.00,84.468
804,1,804,-496.190370605168,-3612.960023463144,2019-07-15T12:13:22Z,46.23080000,12.78396667,1097.00,84.481
805,1,805,-495.190370605168,-3611.960023463144,2019-07-15T12:13:23Z,46.23081667,12.78420000,1098.00,84.496
806,1,806,-494.190370605168,-3610.960023463144,2019-07-15T12:13:24Z,46.23081667,12.78443333,1099.00,84.51
807,1,807,-493.190370605168,-3609.960023463144,2019-07-15T12:13:25Z,46.23081667,12.78466667,1100.00,84.523
808,1,808,-492.190370605168,-3608.960023463144,2019-07-15T12:13:26Z,46.23081667,12.78490000,1101.00,84.537
809,1,809,-491.190370605168,-3607.960023463144,2019-07-15T12:13:27Z,46.23081667,12.78515000,1100.00,84.551
810,1,810,-490.190370605168,-3606.960023463144,2019-07-15T12:13:28Z,46.23081667,12.78538333,1100.00,84.565
811,1,811,-489.190370605168,-3605.960023463144,2019-07-15T12:13:29Z,46.23081667,12.78563333,1100.00,84.58
812,1,812,-488.190370605168,-3604.960023463144,2019-07-15T12:13:30Z,46.23081667,12.78586667,1102.00,84.593
813,1,813,-487.190370605168,-3603.960023463144,2019-07-15T12:13:31Z,46.23081667,12.78610000,1103.00,84.607
814,1,814,-486.190370605168,-3602.960023463144,2019-07-15T12:13:32Z,46.23083333,12.78633333,1105.00,84.622
815,1,815,-485.190370605168,-3601.960023463144,2019-07-15T12:13:33Z,46.23086667,12.78653333,1108.00,84.636
816,1,816,-484.190370605168,-3600.960023463144,2019-07-15T12:13:34Z,46.23088333,12.78675000,1109.00,84.65
817,1,817,-483.190370605168,-3599.960023463144,2019-07-15T12:13:35Z,46.23088333,12.78696667,1109.00,84.662
818,1,818,-482.190370605168,-3598.960023463144,2019-07-15T12:13:36Z,46.23090000,12.78720000,1110.00,84.677
819,1,819,-481.190370605168,-3597.960023463144,2019-07-15T12:13:37Z,46.23090000,12.78743333,1110.00,84.691
820,1,820,-480.190370605168,-3596.960023463144,2019-07-15T12:13:38Z,46.23090000,12.78768333,1109.00,84.705
821,1,821,-479.190370605168,-3595.960023463144,2019-07-15T12:13:39Z,46.23091667,12.78793333,1110.00,84.721
822,1,822,-478.190370605168,-3594.960023463144,2019-07-15T12:13:40Z,46.23093333,12.78820000,1111.00,84.738
823,1,823,-477.190370605168,-3593.960023463144,2019-07-15T12:13:41Z,46.23095000,12.78845000,1113.00,84.754
824,1,824,-476.190370605168,-3592.960023463144,2019-07-15T12:13:42Z,46.23098333,12.78868333,1115.00,84.77
825,1,825,-475.190370605168,-3591.960023463144,2019-07-15T12:13:43Z,46.23100000,12.78893333,1116.00,84.786
826,1,826,-474.190370605168,-3590.960023463144,2019-07-15T12:13:44Z,46.23101667,12.78916667,1121.00,84.801
827,1,827,-473.190370605168,-3589.960023463144,2019-07-15T12:13:45Z,46.23103333,12.78940000,1123.00,84.815
828,1,828,-472.190370605168,-3588.960023463144,2019-07-15T12:13:46Z,46.23103333,12.78963333,1125.00,84.829
829,1,829,-471.190370605168,-3587.960023463144,2019-07-15T12:13:47Z,46.23103333,12.78986667,1125.00,84.843
830,1,830,-470.190370605168,-3586.960023463144,2019-07-15T12:13:48Z,46.23101667,12.79010000,1126.00,84.855
831,1,831,-469.190370605168,-3585.960023463144,2019-07-15T12:13:49Z,46.23098333,12.79031667,1127.00,84.866
832,1,832,-468.190370605168,-3584.960023463144,2019-07-15T12:13:50Z,46.23096667,12.79053333,1128.00,84.877
833,1,833,-467.190370605168,-3583.960023463144,2019-07-15T12:13:51Z,46.23095000,12.79073333,1130.00,84.888
834,1,834,-466.190370605168,-3582.960023463144,2019-07-15T12:13:52Z,46.23095000,12.79091667,1132.00,84.898
835,1,835,-465.190370605168,-3581.960023463144,2019-07-15T12:13:53Z,46.23095000,12.79111667,1135.00,84.91
836,1,836,-464.190370605168,-3580.960023463144,2019-07-15T12:13:54Z,46.23095000,12.79130000,1137.00,84.921
837,1,837,-463.190370605168,-3579.960023463144,2019-07-15T12:13:55Z,46.23095000,12.79148333,1140.00,84.932
838,1,838,-462.190370605168,-3578.960023463144,2019-07-15T12:13:56Z,46.23096667,12.79166667,1142.00,84.944
839,1,839,-461.190370605168,-3577.960023463144,2019-07-15T12:13:57Z,46.23100000,12.79186667,1143.00,84.958
840,1,840,-460.190370605168,-3576.960023463144,2019-07-15T12:13:58Z,46.23105000,12.79206667,1144.00,84.973
841,1,841,-459.190370605168,-3575.960023463144,2019-07-15T12:13:59Z,46.23113333,12.79226667,1146.00,84.991
842,1,842,-458.190370605168,-3574.960023463144,2019-07-15T12:14:00Z,46.23123333,12.79245000,1147.00,85.009
843,1,843,-457.190370605168,-3573.960023463144,2019-07-15T12:14:01Z,46.23135000,12.79260000,1149.00,85.026
844,1,844,-456.190370605168,-3572.960023463144,2019-07-15T12:14:02Z,46.23150000,12.79271667,1151.00,85.044
845,1,845,-455.190370605168,-3571.960023463144,2019-07-15T12:14:03Z,46.23166667,12.79276667,1154.00,85.058
846,1,846,-454.190370605168,-3570.960023463144,2019-07-15T12:14:04Z,46.23183333,12.79276667,1155.00,85.07
847,1,847,-453.190370605168,-3569.960023463144,2019-07-15T12:14:05Z,46.23200000,12.79270000,1156.00,85.078
848,1,848,-452.190370605168,-3568.960023463144,2019-07-15T12:14:06Z,46.23213333,12.79258333,1158.00,85.081
849,1,849,-451.190370605168,-3567.960023463144,2019-07-15T12:14:07Z,46.23226667,12.79241667,1159.00,85.081
850,1,850,-450.190370605168,-3566.960023463144,2019-07-15T12:14:08Z,46.23238333,12.79223333,1159.00,85.079
851,1,851,-449.190370605168,-3565.960023463144,2019-07-15T12:14:09Z,46.23245000,12.79201667,1160.00,85.071
852,1,852,-448.190370605168,-3564.960023463144,2019-07-15T12:14:10Z,46.23251667,12.79181667,1162.00,85.064
853,1,853,-447.190370605168,-3563.960023463144,2019-07-15T12:14:11Z,46.23253333,12.79163333,1165.00,85.054
854,1,854,-446.190370605168,-3562.960023463144,2019-07-15T12:14:12Z,46.23253333,12.79145000,1168.00,85.044
855,1,855,-445.190370605168,-3561.960023463144,2019-07-15T12:14:13Z,46.23251667,12.79130000,1170.00,85.034
856,1,856,-444.190370605168,-3560.960023463144,2019-07-15T12:14:14Z,46.23248333,12.79116667,1173.00,85.023
857,1,857,-443.190370605168,-3559.960023463144,2019-07-15T12:14:15Z,46.23241667,12.79106667,1174.00,85.013
858,1,858,-442.190370605168,-3558.960023463144,2019-07-15T12:14:16Z,46.23233333,12.79098333,1174.00,85.002
859,1,859,-441.190370605168,-3557.960023463144,2019-07-15T12:14:17Z,46.23225000,12.79100000,1173.00,84.997
860,1,860,-440.190370605168,-3556.960023463144,2019-07-15T12:14:18Z,46.23215000,12.79108333,1173.00,84.994
861,1,861,-439.190370605168,-3555.960023463144,2019-07-15T12:14:19Z,46.23208333,12.79123333,1172.00,84.998
862,1,862,-438.190370605168,-3554.960023463144,2019-07-15T12:14:20Z,46.23203333,12.79143333,1172.00,85.007
863,1,863,-437.190370605168,-3553.960023463144,2019-07-15T12:14:21Z,46.23201667,12.79165000,1173.00,85.018
864,1,864,-436.190370605168,-3552.960023463144,2019-07-15T12:14:22Z,46.23203333,12.79185000,1175.00,85.031
865,1,865,-435.190370605168,-3551.960023463144,2019-07-15T12:14:23Z,46.23205000,12.79205000,1178.00,85.044
866,1,866,-434.190370605168,-3550.960023463144,2019-07-15T12:14:24Z,46.23210000,12.79225000,1181.00,85.059
867,1,867,-433.190370605168,-3549.960023463144,2019-07-15T12:14:25Z,46.23216667,12.79241667,1183.00,85.074
868,1,868,-432.190370605168,-3548.960023463144,2019-07-15T12:14:26Z,46.23226667,12.79260000,1184.00,85.092
869,1,869,-431.190370605168,-3547.960023463144,2019-07-15T12:14:27Z,46.23238333,12.79273333,1186.00,85.108
870,1,870,-430.190370605168,-3546.960023463144,2019-07-15T12:14:28Z,46.23253333,12.79285000,1188.00,85.126
871,1,871,-429.190370605168,-3545.960023463144,2019-07-15T12:14:29Z,46.23268333,12.79291667,1191.00,85.14
872,1,872,-428.190370605168,-3544.960023463144,2019-07-15T12:14:30Z,46.23286667,12.79293333,1192.00,85.155
873,1,873,-427.190370605168,-3543.960023463144,2019-07-15T12:14:31Z,46.23303333,12.79286667,1193.00,85.163
874,1,874,-426.190370605168,-3542.960023463144,2019-07-15T12:14:32Z,46.23318333,12.79275000,1193.00,85.167
875,1,875,-425.190370605168,-3541.960023463144,2019-07-15T12:14:33Z,46.23330000,12.79256667,1194.00,85.164
876,1,876,-424.190370605168,-3540.960023463144,2019-07-15T12:14:34Z,46.23336667,12.79236667,1195.00,85.157
877,1,877,-423.190370605168,-3539.960023463144,2019-07-15T12:14:35Z,46.23340000,12.79216667,1197.00,85.148
878,1,878,-422.190370605168,-3538.960023463144,2019-07-15T12:14:36Z,46.23340000,12.79198333,1198.00,85.137
879,1,879,-421.190370605168,-3537.960023463144,2019-07-15T12:14:37Z,46.23335000,12.79181667,1200.00,85.124
880,1,880,-420.190370605168,-3536.960023463144,2019-07-15T12:14:38Z,46.23330000,12.79170000,1201.00,85.114
881,1,881,-419.190370605168,-3535.960023463144,2019-07-15T12:14:39Z,46.23321667,12.79161667,1202.00,85.103
882,1,882,-418.190370605168,-3534.960023463144,2019-07-15T12:14:40Z,46.23315000,12.79155000,1204.00,85.094
883,1,883,-417.190370605168,-3533.960023463144,2019-07-15T12:14:41Z,46.23306667,12.79151667,1205.00,85.086
884,1,884,-416.190370605168,-3532.960023463144,2019-07-15T12:14:42Z,46.23298333,12.79150000,1206.00,85.079
885,1,885,-415.190370605168,-3531.960023463144,2019-07-15T12:14:43Z,46.23290000,12.79151667,1208.00,85.074
886,1,886,-414.190370605168,-3530.960023463144,2019-07-15T12:14:44Z,46.23281667,12.79158333,1211.00,85.072
887,1,887,-413.190370605168,-3529.960023463144,2019-07-15T12:14:45Z,46.23276667,12.79170000,1213.00,85.075
888,1,888,-412.190370605168,-3528.960023463144,2019-07-15T12:14:46Z,46.23273333,12.79183333,1214.00,85.08
889,1,889,-411.190370605168,-3527.960023463144,2019-07-15T12:14:47Z,46.23273333,12.79200000,1215.00,85.09
890,1,890,-410.190370605168,-3526.960023463144,2019-07-15T12:14:48Z,46.23276667,12.79218333,1216.00,85.103
891,1,891,-409.190370605168,-3525.960023463144,2019-07-15T12:14:49Z,46.23283333,12.79236667,1218.00,85.119
892,1,892,-408.190370605168,-3524.960023463144,2019-07-15T12:14:50Z,46.23293333,12.79251667,1220.00,85.135
893,1,893,-407.190370605168,-3523.960023463144,2019-07-15T12:14:51Z,46.23306667,12.79265000,1222.00,85.152
894,1,894,-406.190370605168,-3522.960023463144,2019-07-15T12:14:52Z,46.23320000,12.79275000,1223.00,85.168
895,1,895,-405.190370605168,-3521.960023463144,2019-07-15T12:14:53Z,46.23335000,12.79281667,1225.00,85.183
896,1,896,-404.190370605168,-3520.960023463144,2019-07-15T12:14:54Z,46.23351667,12.79283333,1225.00,85.196
897,1,897,-403.190370605168,-3519.960023463144,2019-07-15T12:14:55Z,46.23370000,12.79280000,1226.00,85.207
898,1,898,-402.190370605168,-3518.960023463144,2019-07-15T12:14:56Z,46.23386667,12.79271667,1228.00,85.214
899,1,899,-401.190370605168,-3517.960023463144,2019-07-15T12:14:57Z,46.23400000,12.79260000,1229.00,85.217
900,1,900,-400.190370605168,-3516.960023463144,2019-07-15T12:14:58Z,46.23413333,12.79245000,1230.00,85.218
901,1,901,-399.190370605168,-3515.960023463144,2019-07-15T12:14:59Z,46.23421667,12.79228333,1228.00,85.214
902,1,902,-398.190370605168,-3514.960023463144,2019-07-15T12:15:00Z,46.23426667,12.79210000,1231.00,85.207
903,1,903,-397.190370605168,-3513.960023463144,2019-07-15T12:15:01Z,46.23430000,12.79190000,1233.00,85.198
904,1,904,-396.190370605168,-3512.960023463144,2019-07-15T12:15:02Z,46.23431667,12.79171667,1234.00,85.188
905,1,905,-395.190370605168,-3511.960023463144,2019-07-15T12:15:03Z,46.23430000,12.79156667,1236.00,85.178
906,1,906,-394.190370605168,-3510.960023463144,2019-07-15T12:15:04Z,46.23426667,12.79143333,1237.00,85.168
907,1,907,-393.190370605168,-3509.960023463144,2019-07-15T12:15:05Z,46.23420000,12.79135000,1236.00,85.158
908,1,908,-392.190370605168,-3508.960023463144,2019-07-15T12:15:06Z,46.23411667,12.79128333,1235.00,85.148
909,1,909,-391.190370605168,-3507.960023463144,2019-07-15T12:15:07Z,46.23401667,12.79126667,1234.00,85.14
910,1,910,-390.190370605168,-3506.960023463144,2019-07-15T12:15:08Z,46.23390000,12.79128333,1233.00,85.133
911,1,911,-389.190370605168,-3505.960023463144,2019-07-15T12:15:09Z,46.23380000,12.79131667,1232.00,85.127
912,1,912,-388.190370605168,-3504.960023463144,2019-07-15T12:15:10Z,46.23370000,12.79136667,1233.00,85.123
913,1,913,-387.190370605168,-3503.960023463144,2019-07-15T12:15:11Z,46.23360000,12.79143333,1234.00,85.12
914,1,914,-386.190370605168,-3502.960023463144,2019-07-15T12:15:12Z,46.23351667,12.79151667,1234.00,85.119
915,1,915,-385.190370605168,-3501.960023463144,2019-07-15T12:15:13Z,46.23345000,12.79163333,1235.00,85.121
916,1,916,-384.190370605168,-3500.960023463144,2019-07-15T12:15:14Z,46.23340000,12.79176667,1236.00,85.125
917,1,917,-383.190370605168,-3499.960023463144,2019-07-15T12:15:15Z,46.23336667,12.79193333,1237.00,85.132
918,1,918,-382.190370605168,-3498.960023463144,2019-07-15T12:15:16Z,46.23335000,12.79210000,1238.00,85.141
919,1,919,-381.190370605168,-3497.960023463144,2019-07-15T12:15:17Z,46.23335000,12.79226667,1239.00,85.15
920,1,920,-380.190370605168,-3496.960023463144,2019-07-15T12:15:18Z,46.23336667,12.79243333,1240.00,85.161
921,1,921,-379.190370605168,-3495.960023463144,2019-07-15T12:15:19Z,46.23338333,12.79260000,1241.00,85.172
922,1,922,-378.190370605168,-3494.960023463144,2019-07-15T12:15:20Z,46.23343333,12.79276667,1242.00,85.186
923,1,923,-377.190370605168,-3493.960023463144,2019-07-15T12:15:21Z,46.23348333,12.79295000,1242.00,85.2
924,1,924,-376.190370605168,-3492.960023463144,2019-07-15T12:15:22Z,46.23356667,12.79311667,1242.00,85.216
925,1,925,-375.190370605168,-3491.960023463144,2019-07-15T12:15:23Z,46.23366667,12.79330000,1242.00,85.234
926,1,926,-374.190370605168,-3490.960023463144,2019-07-15T12:15:24Z,46.23378333,12.79346667,1243.00,85.252
927,1,927,-373.190370605168,-3489.960023463144,2019-07-15T12:15:25Z,46.23390000,12.79365000,1243.00,85.271
928,1,928,-372.190370605168,-3488.960023463144,2019-07-15T12:15:26Z,46.23403333,12.79380000,1244.00,85.289
929,1,929,-371.190370605168,-3487.960023463144,2019-07-15T12:15:27Z,46.23416667,12.79391667,1246.00,85.306
930,1,930,-370.190370605168,-3486.960023463144,2019-07-15T12:15:28Z,46.23430000,12.79401667,1249.00,85.321
931,1,931,-369.190370605168,-3485.960023463144,2019-07-15T12:15:29Z,46.23446667,12.79410000,1251.00,85.338
932,1,932,-368.190370605168,-3484.960023463144,2019-07-15T12:15:30Z,46.23463333,12.79413333,1252.00,85.352
933,1,933,-367.190370605168,-3483.960023463144,2019-07-15T12:15:31Z,46.23480000,12.79413333,1252.00,85.364
934,1,934,-366.190370605168,-3482.960023463144,2019-07-15T12:15:32Z,46.23498333,12.79408333,1253.00,85.375
935,1,935,-365.190370605168,-3481.960023463144,2019-07-15T12:15:33Z,46.23515000,12.79401667,1253.00,85.383
936,1,936,-364.190370605168,-3480.960023463144,2019-07-15T12:15:34Z,46.23531667,12.79390000,1254.00,85.388
937,1,937,-363.190370605168,-3479.960023463144,2019-07-15T12:15:35Z,46.23545000,12.79376667,1255.00,85.39
938,1,938,-362.190370605168,-3478.960023463144,2019-07-15T12:15:36Z,46.23556667,12.79361667,1256.00,85.39
939,1,939,-361.190370605168,-3477.960023463144,2019-07-15T12:15:37Z,46.23565000,12.79343333,1257.00,85.385
940,1,940,-360.190370605168,-3476.960023463144,2019-07-15T12:15:38Z,46.23571667,12.79325000,1258.00,85.379
941,1,941,-359.190370605168,-3475.960023463144,2019-07-15T12:15:39Z,46.23575000,12.79306667,1258.00,85.371
942,1,942,-358.190370605168,-3474.960023463144,2019-07-15T12:15:40Z,46.23576667,12.79288333,1259.00,85.361
943,1,943,-357.190370605168,-3473.960023463144,2019-07-15T12:15:41Z,46.23575000,12.79270000,1259.00,85.35
944,1,944,-356.190370605168,-3472.960023463144,2019-07-15T12:15:42Z,46.23571667,12.79253333,1259.00,85.337
945,1,945,-355.190370605168,-3471.960023463144,2019-07-15T12:15:43Z,46.23566667,12.79238333,1259.00,85.325
946,1,946,-354.190370605168,-3470.960023463144,2019-07-15T12:15:44Z,46.23560000,12.79226667,1260.00,85.313
947,1,947,-353.190370605168,-3469.960023463144,2019-07-15T12:15:45Z,46.23553333,12.79216667,1260.00,85.303
948,1,948,-352.190370605168,-3468.960023463144,2019-07-15T12:15:46Z,46.23543333,12.79210000,1259.00,85.292
949,1,949,-351.190370605168,-3467.960023463144,2019-07-15T12:15:47Z,46.23533333,12.79205000,1259.00,85.281
950,1,950,-350.190370605168,-3466.960023463144,2019-07-15T12:15:48Z,46.23523333,12.79203333,1259.00,85.273
951,1,951,-349.190370605168,-3465.960023463144,2019-07-15T12:15:49Z,46.23515000,12.79205000,1260.00,85.268
952,1,952,-348.190370605168,-3464.960023463144,2019-07-15T12:15:50Z,46.23505000,12.79206667,1260.00,85.262
953,1,953,-347.190370605168,-3463.960023463144,2019-07-15T12:15:51Z,46.23496667,12.79213333,1260.00,85.26
954,1,954,-346.190370605168,-3462.960023463144,2019-07-15T12:15:52Z,46.23490000,12.79221667,1259.00,85.26
955,1,955,-345.190370605168,-3461.960023463144,2019-07-15T12:15:53Z,46.23481667,12.79231667,1260.00,85.259
956,1,956,-344.190370605168,-3460.960023463144,2019-07-15T12:15:54Z,46.23476667,12.79245000,1260.00,85.264
957,1,957,-343.190370605168,-3459.960023463144,2019-07-15T12:15:55Z,46.23471667,12.79256667,1261.00,85.267
958,1,958,-342.190370605168,-3458.960023463144,2019-07-15T12:15:56Z,46.23466667,12.79270000,1260.00,85.271
959,1,959,-341.190370605168,-3457.960023463144,2019-07-15T12:15:57Z,46.23463333,12.79285000,1260.00,85.277
960,1,960,-340.190370605168,-3456.960023463144,2019-07-15T12:15:58Z,46.23458333,12.79300000,1258.00,85.282
961,1,961,-339.190370605168,-3455.960023463144,2019-07-15T12:15:59Z,46.23453333,12.79315000,1257.00,85.288
962,1,962,-338.190370605168,-3454.960023463144,2019-07-15T12:16:00Z,46.23448333,12.79328333,1257.00,85.292
963,1,963,-337.190370605168,-3453.960023463144,2019-07-15T12:16:01Z,46.23445000,12.79341667,1256.00,85.297
964,1,964,-336.190370605168,-3452.960023463144,2019-07-15T12:16:02Z,46.23441667,12.79355000,1256.00,85.302
965,1,965,-335.190370605168,-3451.960023463144,2019-07-15T12:16:03Z,46.23436667,12.79366667,1256.00,85.306
966,1,966,-334.190370605168,-3450.960023463144,2019-07-15T12:16:04Z,46.23433333,12.79376667,1255.00,85.309
967,1,967,-333.190370605168,-3449.960023463144,2019-07-15T12:16:05Z,46.23426667,12.79388333,1254.00,85.311
968,1,968,-332.190370605168,-3448.960023463144,2019-07-15T12:16:06Z,46.23421667,12.79398333,1252.00,85.313
969,1,969,-331.190370605168,-3447.960023463144,2019-07-15T12:16:07Z,46.23413333,12.79406667,1251.00,85.312
970,1,970,-330.190370605168,-3446.960023463144,2019-07-15T12:16:08Z,46.23406667,12.79415000,1249.00,85.312
971,1,971,-329.190370605168,-3445.960023463144,2019-07-15T12:16:09Z,46.23401667,12.79423333,1250.00,85.314
972,1,972,-328.190370605168,-3444.960023463144,2019-07-15T12:16:10Z,46.23396667,12.79431667,1252.00,85.315
973,1,973,-327.190370605168,-3443.960023463144,2019-07-15T12:16:11Z,46.23393333,12.79441667,1252.00,85.318
974,1,974,-326.190370605168,-3442.960023463144,2019-07-15T12:16:12Z,46.23390000,12.79453333,1251.00,85.323
975,1,975,-325.190370605168,-3441.960023463144,2019-07-15T12:16:13Z,46.23386667,12.79466667,1248.00,85.328
976,1,976,-324.190370605168,-3440.960023463144,2019-07-15T12:16:14Z,46.23383333,12.79481667,1247.00,85.334
977,1,977,-323.190370605168,-3439.960023463144,2019-07-15T12:16:15Z,46.23381667,12.79496667,1245.00,85.342
978,1,978,-322.190370605168,-3438.960023463144,2019-07-15T12:16:16Z,46.23378333,12.79513333,1242.00,85.349
979,1,979,-321.190370605168,-3437.960023463144,2019-07-15T12:16:17Z,46.23376667,12.79528333,1241.00,85.357
980,1,980,-320.190370605168,-3436.960023463144,2019-07-15T12:16:18Z,46.23373333,12.79543333,1239.00,85.363
981,1,981,-319.190370605168,-3435.960023463144,2019-07-15T12:16:19Z,46.23368333,12.79556667,1239.00,85.368
982,1,982,-318.190370605168,-3434.960023463144,2019-07-15T12:16:20Z,46.23363333,12.79568333,1237.00,85.371
983,1,983,-317.190370605168,-3433.960023463144,2019-07-15T12:16:21Z,46.23356667,12.79576667,1235.00,85.371
984,1,984,-316.190370605168,-3432.960023463144,2019-07-15T12:16:22Z,46.23348333,12.79585000,1233.00,85.37
985,1,985,-315.190370605168,-3431.960023463144,2019-07-15T12:16:23Z,46.23340000,12.79593333,1232.00,85.369
986,1,986,-314.190370605168,-3430.960023463144,2019-07-15T12:16:24Z,46.23331667,12.79600000,1230.00,85.367
987,1,987,-313.190370605168,-3429.960023463144,2019-07-15T12:16:25Z,46.23325000,12.79606667,1230.00,85.366
988,1,988,-312.190370605168,-3428.960023463144,2019-07-15T12:16:26Z,46.23316667,12.79616667,1229.00,85.366
989,1,989,-311.190370605168,-3427.960023463144,2019-07-15T12:16:27Z,46.23310000,12.79628333,1228.00,85.368
990,1,990,-310.190370605168,-3426.960023463144,2019-07-15T12:16:28Z,46.23303333,12.79641667,1228.00,85.371
991,1,991,-309.190370605168,-3425.960023463144,2019-07-15T12:16:29Z,46.23296667,12.79655000,1228.00,85.374
992,1,992,-308.190370605168,-3424.960023463144,2019-07-15T12:16:30Z,46.23291667,12.79666667,1230.00,85.377
993,1,993,-307.190370605168,-3423.960023463144,2019-07-15T12:16:31Z,46.23286667,12.79680000,1230.00,85.382
994,1,994,-306.190370605168,-3422.960023463144,2019-07-15T12:16:32Z,46.23281667,12.79695000,1233.00,85.387
995,1,995,-305.190370605168,-3421.960023463144,2019-07-15T12:16:33Z,46.23280000,12.79710000,1235.00,85.395
996,1,996,-304.190370605168,-3420.960023463144,2019-07-15T12:16:34Z,46.23280000,12.79726667,1238.00,85.404
997,1,997,-303.190370605168,-3419.960023463144,2019-07-15T12:16:35Z,46.23281667,12.79743333,1241.00,85.416
998,1,998,-302.190370605168,-3418.960023463144,2019-07-15T12:16:36Z,46.23286667,12.79760000,1243.00,85.429
999,1,999,-301.190370605168,-3417.960023463144,2019-07-15T12:16:37Z,46.23296667,12.79775000,1245.00,85.445
1000,1,1000,-300.190370605168,-3416.960023463144,2019-07-15T12:16:38Z,46.23308333,12.79786667,1248.00,85.46
1001,1,1001,-299.190370605168,-3415.960023463144,2019-07-15T12:16:39Z,46.23323333,12.79795000,1251.00,85.476
1002,1,1002,-298.190370605168,-3414.960023463144,2019-07-15T12:16:40Z,46.23341667,12.79798333,1252.00,85.491
1003,1,1003,-297.190370605168,-3413.960023463144,2019-07-15T12:16:41Z,46.23358333,12.79793333,1253.00,85.5
1004,1,1004,-296.190370605168,-3412.960023463144,2019-07-15T12:16:42Z,46.23375000,12.79783333,1255.00,85.506
1005,1,1005,-295.190370605168,-3411.960023463144,2019-07-15T12:16:43Z,46.23390000,12.79766667,1256.00,85.507
1006,1,1006,-294.190370605168,-3410.960023463144,2019-07-15T12:16:44Z,46.23400000,12.79746667,1257.00,85.502
1007,1,1007,-293.190370605168,-3409.960023463144,2019-07-15T12:16:45Z,46.23406667,12.79725000,1257.00,85.494
1008,1,1008,-292.190370605168,-3408.960023463144,2019-07-15T12:16:46Z,46.23408333,12.79703333,1257.00,85.483
1009,1,1009,-291.190370605168,-3407.960023463144,2019-07-15T12:16:47Z,46.23405000,12.79683333,1257.00,85.468
1010,1,1010,-290.190370605168,-3406.960023463144,2019-07-15T12:16:48Z,46.23401667,12.79668333,1257.00,85.457
1011,1,1011,-289.190370605168,-3405.960023463144,2019-07-15T12:16:49Z,46.23395000,12.79655000,1258.00,85.445
1012,1,1012,-288.190370605168,-3404.960023463144,2019-07-15T12:16:50Z,46.23388333,12.79643333,1259.00,85.433
1013,1,1013,-287.190370605168,-3403.960023463144,2019-07-15T12:16:51Z,46.23381667,12.79635000,1260.00,85.423
1014,1,1014,-286.190370605168,-3402.960023463144,2019-07-15T12:16:52Z,46.23375000,12.79628333,1261.00,85.415
1015,1,1015,-285.190370605168,-3401.960023463144,2019-07-15T12:16:53Z,46.23366667,12.79626667,1263.00,85.408
1016,1,1016,-284.190370605168,-3400.960023463144,2019-07-15T12:16:54Z,46.23358333,12.79630000,1265.00,85.404
1017,1,1017,-283.190370605168,-3399.960023463144,2019-07-15T12:16:55Z,46.23351667,12.79636667,1267.00,85.403
1018,1,1018,-282.190370605168,-3398.960023463144,2019-07-15T12:16:56Z,46.23346667,12.79646667,1269.00,85.405
1019,1,1019,-281.190370605168,-3397.960023463144,2019-07-15T12:16:57Z,46.23343333,12.79660000,1271.00,85.411
1020,1,1020,-280.190370605168,-3396.960023463144,2019-07-15T12:16:58Z,46.23341667,12.79676667,1272.00,85.419
1021,1,1021,-279.190370605168,-3395.960023463144,2019-07-15T12:16:59Z,46.23343333,12.79695000,1275.00,85.431
1022,1,1022,-278.190370605168,-3394.960023463144,2019-07-15T12:17:00Z,46.23348333,12.79713333,1277.00,85.445
1023,1,1023,-277.190370605168,-3393.960023463144,2019-07-15T12:17:01Z,46.23355000,12.79730000,1280.00,85.46
1024,1,1024,-276.190370605168,-3392.960023463144,2019-07-15T12:17:02Z,46.23366667,12.79743333,1283.00,85.476
1025,1,1025,-275.190370605168,-3391.960023463144,2019-07-15T12:17:03Z,46.23381667,12.79751667,1285.00,85.492
1026,1,1026,-274.190370605168,-3390.960023463144,2019-07-15T12:17:04Z,46.23398333,12.79756667,1287.00,85.507
1027,1,1027,-273.190370605168,-3389.960023463144,2019-07-15T12:17:05Z,46.23418333,12.79755000,1287.00,85.52
1028,1,1028,-272.190370605168,-3388.960023463144,2019-07-15T12:17:06Z,46.23436667,12.79745000,1287.00,85.527
1029,1,1029,-271.190370605168,-3387.960023463144,2019-07-15T12:17:07Z,46.23453333,12.79728333,1287.00,85.53
1030,1,1030,-270.190370605168,-3386.960023463144,2019-07-15T12:17:08Z,46.23465000,12.79708333,1287.00,85.526
1031,1,1031,-269.190370605168,-3385.960023463144,2019-07-15T12:17:09Z,46.23473333,12.79685000,1288.00,85.518
1032,1,1032,-268.190370605168,-3384.960023463144,2019-07-15T12:17:10Z,46.23480000,12.79663333,1289.00,85.511
1033,1,1033,-267.190370605168,-3383.960023463144,2019-07-15T12:17:11Z,46.23481667,12.79641667,1290.00,85.499
1034,1,1034,-266.190370605168,-3382.960023463144,2019-07-15T12:17:12Z,46.23483333,12.79621667,1291.00,85.489
1035,1,1035,-265.190370605168,-3381.960023463144,2019-07-15T12:17:13Z,46.23481667,12.79603333,1292.00,85.477
1036,1,1036,-264.190370605168,-3380.960023463144,2019-07-15T12:17:14Z,46.23480000,12.79586667,1294.00,85.466
1037,1,1037,-263.190370605168,-3379.960023463144,2019-07-15T12:17:15Z,46.23475000,12.79571667,1296.00,85.453
1038,1,1038,-262.190370605168,-3378.960023463144,2019-07-15T12:17:16Z,46.23471667,12.79556667,1297.00,85.442
1039,1,1039,-261.190370605168,-3377.960023463144,2019-07-15T12:17:17Z,46.23465000,12.79543333,1298.00,85.429
1040,1,1040,-260.190370605168,-3376.960023463144,2019-07-15T12:17:18Z,46.23458333,12.79531667,1298.00,85.418
1041,1,1041,-259.190370605168,-3375.960023463144,2019-07-15T12:17:19Z,46.23450000,12.79525000,1298.00,85.408
1042,1,1042,-258.190370605168,-3374.960023463144,2019-07-15T12:17:20Z,46.23441667,12.79521667,1299.00,85.4
1043,1,1043,-257.190370605168,-3373.960023463144,2019-07-15T12:17:21Z,46.23431667,12.79521667,1298.00,85.393
1044,1,1044,-256.190370605168,-3372.960023463144,2019-07-15T12:17:22Z,46.23425000,12.79526667,1298.00,85.391
1045,1,1045,-255.190370605168,-3371.960023463144,2019-07-15T12:17:23Z,46.23418333,12.79533333,1298.00,85.39
1046,1,1046,-254.190370605168,-3370.960023463144,2019-07-15T12:17:24Z,46.23413333,12.79543333,1299.00,85.392
1047,1,1047,-253.190370605168,-3369.960023463144,2019-07-15T12:17:25Z,46.23408333,12.79556667,1298.00,85.396
1048,1,1048,-252.190370605168,-3368.960023463144,2019-07-15T12:17:26Z,46.23406667,12.79571667,1299.00,85.404
1049,1,1049,-251.190370605168,-3367.960023463144,2019-07-15T12:17:27Z,46.23405000,12.79590000,1299.00,85.414
1050,1,1050,-250.190370605168,-3366.960023463144,2019-07-15T12:17:28Z,46.23406667,12.79608333,1300.00,85.426
1051,1,1051,-249.190370605168,-3365.960023463144,2019-07-15T12:17:29Z,46.23410000,12.79626667,1302.00,85.439
1052,1,1052,-248.190370605168,-3364.960023463144,2019-07-15T12:17:30Z,46.23416667,12.79645000,1306.00,85.454
1053,1,1053,-247.190370605168,-3363.960023463144,2019-07-15T12:17:31Z,46.23425000,12.79660000,1309.00,85.469
1054,1,1054,-246.190370605168,-3362.960023463144,2019-07-15T12:17:32Z,46.23435000,12.79673333,1311.00,85.484
1055,1,1055,-245.190370605168,-3361.960023463144,2019-07-15T12:17:33Z,46.23448333,12.79685000,1312.00,85.501
1056,1,1056,-244.190370605168,-3360.960023463144,2019-07-15T12:17:34Z,46.23461667,12.79696667,1313.00,85.517
1057,1,1057,-243.190370605168,-3359.960023463144,2019-07-15T12:17:35Z,46.23478333,12.79705000,1313.00,85.534
1058,1,1058,-242.190370605168,-3358.960023463144,2019-07-15T12:17:36Z,46.23496667,12.79711667,1313.00,85.551
1059,1,1059,-241.190370605168,-3357.960023463144,2019-07-15T12:17:37Z,46.23516667,12.79715000,1313.00,85.567
1060,1,1060,-240.190370605168,-3356.960023463144,2019-07-15T12:17:38Z,46.23535000,12.79713333,1313.00,85.579
1061,1,1061,-239.190370605168,-3355.960023463144,2019-07-15T12:17:39Z,46.23555000,12.79708333,1314.00,85.591
1062,1,1062,-238.190370605168,-3354.960023463144,2019-07-15T12:17:40Z,46.23573333,12.79698333,1315.00,85.598
1063,1,1063,-237.190370605168,-3353.960023463144,2019-07-15T12:17:41Z,46.23590000,12.79686667,1316.00,85.604
1064,1,1064,-236.190370605168,-3352.960023463144,2019-07-15T12:17:42Z,46.23605000,12.79673333,1317.00,85.607
1065,1,1065,-235.190370605168,-3351.960023463144,2019-07-15T12:17:43Z,46.23616667,12.79656667,1318.00,85.605
1066,1,1066,-234.190370605168,-3350.960023463144,2019-07-15T12:17:44Z,46.23626667,12.79636667,1318.00,85.601
1067,1,1067,-233.190370605168,-3349.960023463144,2019-07-15T12:17:45Z,46.23631667,12.79616667,1317.00,85.593
1068,1,1068,-232.190370605168,-3348.960023463144,2019-07-15T12:17:46Z,46.23633333,12.79596667,1316.00,85.582
1069,1,1069,-231.190370605168,-3347.960023463144,2019-07-15T12:17:47Z,46.23633333,12.79576667,1317.00,85.571
1070,1,1070,-230.190370605168,-3346.960023463144,2019-07-15T12:17:48Z,46.23630000,12.79561667,1319.00,85.559
1071,1,1071,-229.190370605168,-3345.960023463144,2019-07-15T12:17:49Z,46.23626667,12.79546667,1318.00,85.548
1072,1,1072,-228.190370605168,-3344.960023463144,2019-07-15T12:17:50Z,46.23623333,12.79535000,1320.00,85.539
1073,1,1073,-227.190370605168,-3343.960023463144,2019-07-15T12:17:51Z,46.23616667,12.79525000,1321.00,85.528
1074,1,1074,-226.190370605168,-3342.960023463144,2019-07-15T12:17:52Z,46.23610000,12.79516667,1321.00,85.519
1075,1,1075,-225.190370605168,-3341.960023463144,2019-07-15T12:17:53Z,46.23601667,12.79513333,1321.00,85.511
1076,1,1076,-224.190370605168,-3340.960023463144,2019-07-15T12:17:54Z,46.23593333,12.79513333,1322.00,85.505
1077,1,1077,-223.190370605168,-3339.960023463144,2019-07-15T12:17:55Z,46.23585000,12.79515000,1320.00,85.5
1078,1,1078,-222.190370605168,-3338.960023463144,2019-07-15T12:17:56Z,46.23578333,12.79520000,1319.00,85.498
1079,1,1079,-221.190370605168,-3337.960023463144,2019-07-15T12:17:57Z,46.23571667,12.79528333,1319.00,85.498
1080,1,1080,-220.190370605168,-3336.960023463144,2019-07-15T12:17:58Z,46.23565000,12.79536667,1320.00,85.498
1081,1,1081,-219.190370605168,-3335.960023463144,2019-07-15T12:17:59Z,46.23560000,12.79548333,1321.00,85.501
1082,1,1082,-218.190370605168,-3334.960023463144,2019-07-15T12:18:00Z,46.23556667,12.79561667,1322.00,85.506
1083,1,1083,-217.190370605168,-3333.960023463144,2019-07-15T12:18:01Z,46.23556667,12.79578333,1321.00,85.516
1084,1,1084,-216.190370605168,-3332.960023463144,2019-07-15T12:18:02Z,46.23560000,12.79598333,1320.00,85.53
1085,1,1085,-215.190370605168,-3331.960023463144,2019-07-15T12:18:03Z,46.23570000,12.79616667,1319.00,85.548
1086,1,1086,-214.190370605168,-3330.960023463144,2019-07-15T12:18:04Z,46.23583333,12.79635000,1319.00,85.568
1087,1,1087,-213.190370605168,-3329.960023463144,2019-07-15T12:18:05Z,46.23598333,12.79648333,1319.00,85.587
1088,1,1088,-212.190370605168,-3328.960023463144,2019-07-15T12:18:06Z,46.23613333,12.79660000,1320.00,85.605
1089,1,1089,-211.190370605168,-3327.960023463144,2019-07-15T12:18:07Z,46.23630000,12.79670000,1320.00,85.623
1090,1,1090,-210.190370605168,-3326.960023463144,2019-07-15T12:18:08Z,46.23646667,12.79678333,1321.00,85.64
1091,1,1091,-209.190370605168,-3325.960023463144,2019-07-15T12:18:09Z,46.23665000,12.79683333,1321.00,85.656
1092,1,1092,-208.190370605168,-3324.960023463144,2019-07-15T12:18:10Z,46.23683333,12.79688333,1321.00,85.672
1093,1,1093,-207.190370605168,-3323.960023463144,2019-07-15T12:18:11Z,46.23701667,12.79688333,1322.00,85.685
1094,1,1094,-206.190370605168,-3322.960023463144,2019-07-15T12:18:12Z,46.23720000,12.79686667,1322.00,85.698
1095,1,1095,-205.190370605168,-3321.960023463144,2019-07-15T12:18:13Z,46.23738333,12.79681667,1322.00,85.708
1096,1,1096,-204.190370605168,-3320.960023463144,2019-07-15T12:18:14Z,46.23755000,12.79671667,1321.00,85.714
1097,1,1097,-203.190370605168,-3319.960023463144,2019-07-15T12:18:15Z,46.23771667,12.79658333,1321.00,85.719
1098,1,1098,-202.190370605168,-3318.960023463144,2019-07-15T12:18:16Z,46.23785000,12.79641667,1320.00,85.719
1099,1,1099,-201.190370605168,-3317.960023463144,2019-07-15T12:18:17Z,46.23796667,12.79623333,1321.00,85.716
1100,1,1100,-200.190370605168,-3316.960023463144,2019-07-15T12:18:18Z,46.23806667,12.79605000,1321.00,85.713
1101,1,1101,-199.190370605168,-3315.960023463144,2019-07-15T12:18:19Z,46.23813333,12.79585000,1320.00,85.706
1102,1,1102,-198.190370605168,-3314.960023463144,2019-07-15T12:18:20Z,46.23820000,12.79566667,1319.00,85.7
1103,1,1103,-197.190370605168,-3313.960023463144,2019-07-15T12:18:21Z,46.23823333,12.79548333,1317.00,85.692
1104,1,1104,-196.190370605168,-3312.960023463144,2019-07-15T12:18:22Z,46.23826667,12.79530000,1318.00,85.684
1105,1,1105,-195.190370605168,-3311.960023463144,2019-07-15T12:18:23Z,46.23826667,12.79511667,1316.00,85.673
1106,1,1106,-194.190370605168,-3310.960023463144,2019-07-15T12:18:24Z,46.23825000,12.79496667,1319.00,85.663
1107,1,1107,-193.190370605168,-3309.960023463144,2019-07-15T12:18:25Z,46.23820000,12.79481667,1318.00,85.651
1108,1,1108,-192.190370605168,-3308.960023463144,2019-07-15T12:18:26Z,46.23813333,12.79468333,1317.00,85.638
1109,1,1109,-191.190370605168,-3307.960023463144,2019-07-15T12:18:27Z,46.23806667,12.79455000,1314.00,85.626
1110,1,1110,-190.190370605168,-3306.960023463144,2019-07-15T12:18:28Z,46.23798333,12.79441667,1313.00,85.612
1111,1,1111,-189.190370605168,-3305.960023463144,2019-07-15T12:18:29Z,46.23791667,12.79426667,1311.00,85.598
1112,1,1112,-188.190370605168,-3304.960023463144,2019-07-15T12:18:30Z,46.23785000,12.79413333,1310.00,85.586
1113,1,1113,-187.190370605168,-3303.960023463144,2019-07-15T12:18:31Z,46.23780000,12.79401667,1311.00,85.575
1114,1,1114,-186.190370605168,-3302.960023463144,2019-07-15T12:18:32Z,46.23773333,12.79391667,1312.00,85.565
1115,1,1115,-185.190370605168,-3301.960023463144,2019-07-15T12:18:33Z,46.23765000,12.79383333,1312.00,85.554
1116,1,1116,-184.190370605168,-3300.960023463144,2019-07-15T12:18:34Z,46.23758333,12.79376667,1311.00,85.545
1117,1,1117,-183.190370605168,-3299.960023463144,2019-07-15T12:18:35Z,46.23750000,12.79370000,1311.00,85.535
1118,1,1118,-182.190370605168,-3298.960023463144,2019-07-15T12:18:36Z,46.23741667,12.79363333,1311.00,85.525
1119,1,1119,-181.190370605168,-3297.960023463144,2019-07-15T12:18:37Z,46.23733333,12.79355000,1312.00,85.514
1120,1,1120,-180.190370605168,-3296.960023463144,2019-07-15T12:18:38Z,46.23725000,12.79350000,1313.00,85.505
1121,1,1121,-179.190370605168,-3295.960023463144,2019-07-15T12:18:39Z,46.23718333,12.79345000,1315.00,85.498
1122,1,1122,-178.190370605168,-3294.960023463144,2019-07-15T12:18:40Z,46.23711667,12.79341667,1317.00,85.491
1123,1,1123,-177.190370605168,-3293.960023463144,2019-07-15T12:18:41Z,46.23703333,12.79341667,1317.00,85.485
1124,1,1124,-176.190370605168,-3292.960023463144,2019-07-15T12:18:42Z,46.23695000,12.79343333,1317.00,85.48
1125,1,1125,-175.190370605168,-3291.960023463144,2019-07-15T12:18:43Z,46.23686667,12.79348333,1316.00,85.476
1126,1,1126,-174.190370605168,-3290.960023463144,2019-07-15T12:18:44Z,46.23680000,12.79355000,1317.00,85.475
1127,1,1127,-173.190370605168,-3289.960023463144,2019-07-15T12:18:45Z,46.23675000,12.79365000,1319.00,85.478
1128,1,1128,-172.190370605168,-3288.960023463144,2019-07-15T12:18:46Z,46.23671667,12.79375000,1321.00,85.481
1129,1,1129,-171.190370605168,-3287.960023463144,2019-07-15T12:18:47Z,46.23668333,12.79390000,1321.00,85.487
1130,1,1130,-170.190370605168,-3286.960023463144,2019-07-15T12:18:48Z,46.23668333,12.79406667,1321.00,85.497
1131,1,1131,-169.190370605168,-3285.960023463144,2019-07-15T12:18:49Z,46.23670000,12.79425000,1321.00,85.509
1132,1,1132,-168.190370605168,-3284.960023463144,2019-07-15T12:18:50Z,46.23671667,12.79443333,1322.00,85.521
1133,1,1133,-167.190370605168,-3283.960023463144,2019-07-15T12:18:51Z,46.23676667,12.79460000,1324.00,85.534
1134,1,1134,-166.190370605168,-3282.960023463144,2019-07-15T12:18:52Z,46.23683333,12.79476667,1326.00,85.549
1135,1,1135,-165.190370605168,-3281.960023463144,2019-07-15T12:18:53Z,46.23693333,12.79490000,1329.00,85.564
1136,1,1136,-164.190370605168,-3280.960023463144,2019-07-15T12:18:54Z,46.23705000,12.79501667,1331.00,85.579
1137,1,1137,-163.190370605168,-3279.960023463144,2019-07-15T12:18:55Z,46.23718333,12.79508333,1330.00,85.592
1138,1,1138,-162.190370605168,-3278.960023463144,2019-07-15T12:18:56Z,46.23735000,12.79511667,1328.00,85.607
1139,1,1139,-161.190370605168,-3277.960023463144,2019-07-15T12:18:57Z,46.23753333,12.79508333,1326.00,85.618
1140,1,1140,-160.190370605168,-3276.960023463144,2019-07-15T12:18:58Z,46.23771667,12.79500000,1324.00,85.626
1141,1,1141,-159.190370605168,-3275.960023463144,2019-07-15T12:18:59Z,46.23790000,12.79490000,1320.00,85.634
1142,1,1142,-158.190370605168,-3274.960023463144,2019-07-15T12:19:00Z,46.23810000,12.79476667,1318.00,85.641
1143,1,1143,-157.190370605168,-3273.960023463144,2019-07-15T12:19:01Z,46.23828333,12.79461667,1316.00,85.646
1144,1,1144,-156.190370605168,-3272.960023463144,2019-07-15T12:19:02Z,46.23843333,12.79445000,1316.00,85.647
1145,1,1145,-155.190370605168,-3271.960023463144,2019-07-15T12:19:03Z,46.23856667,12.79423333,1316.00,85.644
1146,1,1146,-154.190370605168,-3270.960023463144,2019-07-15T12:19:04Z,46.23865000,12.79401667,1316.00,85.638
1147,1,1147,-153.190370605168,-3269.960023463144,2019-07-15T12:19:05Z,46.23870000,12.79378333,1315.00,85.628
1148,1,1148,-152.190370605168,-3268.960023463144,2019-07-15T12:19:06Z,46.23871667,12.79355000,1316.00,85.615
1149,1,1149,-151.190370605168,-3267.960023463144,2019-07-15T12:19:07Z,46.23871667,12.79333333,1315.00,85.603
1150,1,1150,-150.190370605168,-3266.960023463144,2019-07-15T12:19:08Z,46.23870000,12.79313333,1317.00,85.59
1151,1,1151,-149.190370605168,-3265.960023463144,2019-07-15T12:19:09Z,46.23868333,12.79295000,1316.00,85.578
1152,1,1152,-148.190370605168,-3264.960023463144,2019-07-15T12:19:10Z,46.23866667,12.79278333,1316.00,85.567
1153,1,1153,-147.190370605168,-3263.960023463144,2019-07-15T12:19:11Z,46.23863333,12.79261667,1317.00,85.555
1154,1,1154,-146.190370605168,-3262.960023463144,2019-07-15T12:19:12Z,46.23860000,12.79248333,1319.00,85.545
1155,1,1155,-145.190370605168,-3261.960023463144,2019-07-15T12:19:13Z,46.23856667,12.79235000,1317.00,85.535
1156,1,1156,-144.190370605168,-3260.960023463144,2019-07-15T12:19:14Z,46.23850000,12.79223333,1316.00,85.523
1157,1,1157,-143.190370605168,-3259.960023463144,2019-07-15T12:19:15Z,46.23843333,12.79211667,1314.00,85.512
1158,1,1158,-142.190370605168,-3258.960023463144,2019-07-15T12:19:16Z,46.23835000,12.79203333,1313.00,85.501
1159,1,1159,-141.190370605168,-3257.960023463144,2019-07-15T12:19:17Z,46.23828333,12.79193333,1312.00,85.49
1160,1,1160,-140.190370605168,-3256.960023463144,2019-07-15T12:19:18Z,46.23820000,12.79186667,1309.00,85.48
1161,1,1161,-139.190370605168,-3255.960023463144,2019-07-15T12:19:19Z,46.23810000,12.79180000,1307.00,85.469
1162,1,1162,-138.190370605168,-3254.960023463144,2019-07-15T12:19:20Z,46.23800000,12.79175000,1305.00,85.459
1163,1,1163,-137.190370605168,-3253.960023463144,2019-07-15T12:19:21Z,46.23790000,12.79171667,1302.00,85.45
1164,1,1164,-136.190370605168,-3252.960023463144,2019-07-15T12:19:22Z,46.23781667,12.79170000,1301.00,85.442
1165,1,1165,-135.190370605168,-3251.960023463144,2019-07-15T12:19:23Z,46.23773333,12.79170000,1301.00,85.436
1166,1,1166,-134.190370605168,-3250.960023463144,2019-07-15T12:19:24Z,46.23766667,12.79171667,1300.00,85.432
1167,1,1167,-133.190370605168,-3249.960023463144,2019-07-15T12:19:25Z,46.23758333,12.79173333,1299.00,85.427
1168,1,1168,-132.190370605168,-3248.960023463144,2019-07-15T12:19:26Z,46.23750000,12.79176667,1298.00,85.423
1169,1,1169,-131.190370605168,-3247.960023463144,2019-07-15T12:19:27Z,46.23740000,12.79180000,1291.00,85.418
1170,1,1170,-130.190370605168,-3246.960023463144,2019-07-15T12:19:28Z,46.23730000,12.79183333,1293.00,85.412
1171,1,1171,-129.190370605168,-3245.960023463144,2019-07-15T12:19:29Z,46.23720000,12.79186667,1297.00,85.407
1172,1,1172,-128.190370605168,-3244.960023463144,2019-07-15T12:19:30Z,46.23711667,12.79190000,1294.00,85.403
1173,1,1173,-127.190370605168,-3243.960023463144,2019-07-15T12:19:31Z,46.23703333,12.79191667,1292.00,85.398
1174,1,1174,-126.190370605168,-3242.960023463144,2019-07-15T12:19:32Z,46.23695000,12.79193333,1291.00,85.393
1175,1,1175,-125.190370605168,-3241.960023463144,2019-07-15T12:19:33Z,46.23686667,12.79195000,1291.00,85.387
1176,1,1176,-124.190370605168,-3240.960023463144,2019-07-15T12:19:34Z,46.23680000,12.79195000,1289.00,85.383
1177,1,1177,-123.190370605168,-3239.960023463144,2019-07-15T12:19:35Z,46.23673333,12.79198333,1287.00,85.38
1178,1,1178,-122.190370605168,-3238.960023463144,2019-07-15T12:19:36Z,46.23666667,12.79205000,1283.00,85.379
1179,1,1179,-121.190370605168,-3237.960023463144,2019-07-15T12:19:37Z,46.23658333,12.79213333,1279.00,85.377
1180,1,1180,-120.190370605168,-3236.960023463144,2019-07-15T12:19:38Z,46.23651667,12.79221667,1275.00,85.377
1181,1,1181,-119.190370605168,-3235.960023463144,2019-07-15T12:19:39Z,46.23645000,12.79231667,1272.00,85.378
1182,1,1182,-118.190370605168,-3234.960023463144,2019-07-15T12:19:40Z,46.23638333,12.79240000,1272.00,85.378
1183,1,1183,-117.190370605168,-3233.960023463144,2019-07-15T12:19:41Z,46.23633333,12.79246667,1273.00,85.378
1184,1,1184,-116.190370605168,-3232.960023463144,2019-07-15T12:19:42Z,46.23628333,12.79253333,1275.00,85.379
1185,1,1185,-115.190370605168,-3231.960023463144,2019-07-15T12:19:43Z,46.23623333,12.79260000,1276.00,85.379
1186,1,1186,-114.190370605168,-3230.960023463144,2019-07-15T12:19:44Z,46.23616667,12.79268333,1277.00,85.379
1187,1,1187,-113.190370605168,-3229.960023463144,2019-07-15T12:19:45Z,46.23611667,12.79278333,1275.00,85.381
1188,1,1188,-112.190370605168,-3228.960023463144,2019-07-15T12:19:46Z,46.23605000,12.79286667,1274.00,85.381
1189,1,1189,-111.190370605168,-3227.960023463144,2019-07-15T12:19:47Z,46.23598333,12.79296667,1274.00,85.382
1190,1,1190,-110.190370605168,-3226.960023463144,2019-07-15T12:19:48Z,46.23591667,12.79306667,1274.00,85.383
1191,1,1191,-109.190370605168,-3225.960023463144,2019-07-15T12:19:49Z,46.23585000,12.79315000,1273.00,85.383
1192,1,1192,-108.190370605168,-3224.960023463144,2019-07-15T12:19:50Z,46.23578333,12.79321667,1273.00,85.382
1193,1,1193,-107.190370605168,-3223.960023463144,2019-07-15T12:19:51Z,46.23571667,12.79328333,1273.00,85.381
1194,1,1194,-106.190370605168,-3222.960023463144,2019-07-15T12:19:52Z,46.23565000,12.79333333,1274.00,85.379
1195,1,1195,-105.190370605168,-3221.960023463144,2019-07-15T12:19:53Z,46.23558333,12.79338333,1274.00,85.377
1196,1,1196,-104.190370605168,-3220.960023463144,2019-07-15T12:19:54Z,46.23551667,12.79343333,1274.00,85.375
1197,1,1197,-103.190370605168,-3219.960023463144,2019-07-15T12:19:55Z,46.23546667,12.79353333,1274.00,85.377
1198,1,1198,-102.190370605168,-3218.960023463144,2019-07-15T12:19:56Z,46.23541667,12.79365000,1271.00,85.381
1199,1,1199,-101.190370605168,-3217.960023463144,2019-07-15T12:19:57Z,46.23538333,12.79381667,1266.00,85.388
1200,1,1200,-100.190370605168,-3216.960023463144,2019-07-15T12:19:58Z,46.23535000,12.79400000,1262.00,85.396
1201,1,1201,-99.190370605168,-3215.960023463144,2019-07-15T12:19:59Z,46.23533333,12.79418333,1261.00,85.406
1202,1,1202,-98.190370605168,-3214.960023463144,2019-07-15T12:20:00Z,46.23531667,12.79435000,1262.00,85.414
1203,1,1203,-97.190370605168,-3213.960023463144,2019-07-15T12:20:01Z,46.23530000,12.79450000,1263.00,85.422
1204,1,1204,-96.190370605168,-3212.960023463144,2019-07-15T12:20:02Z,46.23526667,12.79465000,1264.00,85.428
1205,1,1205,-95.190370605168,-3211.960023463144,2019-07-15T12:20:03Z,46.23521667,12.79476667,1268.00,85.431
1206,1,1206,-94.190370605168,-3210.960023463144,2019-07-15T12:20:04Z,46.23516667,12.79488333,1272.00,85.435
1207,1,1207,-93.190370605168,-3209.960023463144,2019-07-15T12:20:05Z,46.23513333,12.79498333,1276.00,85.438
1208,1,1208,-92.190370605168,-3208.960023463144,2019-07-15T12:20:06Z,46.23511667,12.79508333,1280.00,85.443
1209,1,1209,-91.190370605168,-3207.960023463144,2019-07-15T12:20:07Z,46.23511667,12.79520000,1279.00,85.449
1210,1,1210,-90.190370605168,-3206.960023463144,2019-07-15T12:20:08Z,46.23515000,12.79531667,1279.00,85.459
1211,1,1211,-89.190370605168,-3205.960023463144,2019-07-15T12:20:09Z,46.23520000,12.79545000,1280.00,85.47
1212,1,1212,-88.190370605168,-3204.960023463144,2019-07-15T12:20:10Z,46.23531667,12.79558333,1279.00,85.486
1213,1,1213,-87.190370605168,-3203.960023463144,2019-07-15T12:20:11Z,46.23545000,12.79568333,1278.00,85.502
1214,1,1214,-86.190370605168,-3202.960023463144,2019-07-15T12:20:12Z,46.23563333,12.79573333,1279.00,85.518
1215,1,1215,-85.190370605168,-3201.960023463144,2019-07-15T12:20:13Z,46.23580000,12.79573333,1279.00,85.53
1216,1,1216,-84.190370605168,-3200.960023463144,2019-07-15T12:20:14Z,46.23598333,12.79570000,1280.00,85.541
1217,1,1217,-83.190370605168,-3199.960023463144,2019-07-15T12:20:15Z,46.23616667,12.79563333,1282.00,85.551
1218,1,1218,-82.190370605168,-3198.960023463144,2019-07-15T12:20:16Z,46.23633333,12.79553333,1283.00,85.557
1219,1,1219,-81.190370605168,-3197.960023463144,2019-07-15T12:20:17Z,46.23648333,12.79538333,1284.00,85.559
1220,1,1220,-80.190370605168,-3196.960023463144,2019-07-15T12:20:18Z,46.23663333,12.79520000,1285.00,85.559
1221,1,1221,-79.190370605168,-3195.960023463144,2019-07-15T12:20:19Z,46.23673333,12.79500000,1286.00,85.555
1222,1,1222,-78.190370605168,-3194.960023463144,2019-07-15T12:20:20Z,46.23681667,12.79478333,1286.00,85.548
1223,1,1223,-77.190370605168,-3193.960023463144,2019-07-15T12:20:21Z,46.23686667,12.79455000,1286.00,85.538
1224,1,1224,-76.190370605168,-3192.960023463144,2019-07-15T12:20:22Z,46.23688333,12.79433333,1285.00,85.527
1225,1,1225,-75.190370605168,-3191.960023463144,2019-07-15T12:20:23Z,46.23686667,12.79411667,1282.00,85.513
1226,1,1226,-74.190370605168,-3190.960023463144,2019-07-15T12:20:24Z,46.23683333,12.79393333,1280.00,85.5
1227,1,1227,-73.190370605168,-3189.960023463144,2019-07-15T12:20:25Z,46.23678333,12.79376667,1281.00,85.487
1228,1,1228,-72.190370605168,-3188.960023463144,2019-07-15T12:20:26Z,46.23671667,12.79360000,1281.00,85.472
1229,1,1229,-71.190370605168,-3187.960023463144,2019-07-15T12:20:27Z,46.23663333,12.79346667,1282.00,85.458
1230,1,1230,-70.190370605168,-3186.960023463144,2019-07-15T12:20:28Z,46.23653333,12.79335000,1283.00,85.444
1231,1,1231,-69.190370605168,-3185.960023463144,2019-07-15T12:20:29Z,46.23643333,12.79328333,1284.00,85.433
1232,1,1232,-68.190370605168,-3184.960023463144,2019-07-15T12:20:30Z,46.23635000,12.79323333,1285.00,85.424
1233,1,1233,-67.190370605168,-3183.960023463144,2019-07-15T12:20:31Z,46.23625000,12.79320000,1286.00,85.415
1234,1,1234,-66.190370605168,-3182.960023463144,2019-07-15T12:20:32Z,46.23616667,12.79320000,1285.00,85.409
1235,1,1235,-65.190370605168,-3181.960023463144,2019-07-15T12:20:33Z,46.23606667,12.79321667,1284.00,85.403
1236,1,1236,-64.190370605168,-3180.960023463144,2019-07-15T12:20:34Z,46.23598333,12.79326667,1284.00,85.399
1237,1,1237,-63.190370605168,-3179.960023463144,2019-07-15T12:20:35Z,46.23590000,12.79331667,1284.00,85.396
1238,1,1238,-62.190370605168,-3178.960023463144,2019-07-15T12:20:36Z,46.23581667,12.79336667,1283.00,85.393
1239,1,1239,-61.190370605168,-3177.960023463144,2019-07-15T12:20:37Z,46.23573333,12.79343333,1283.00,85.391
1240,1,1240,-60.190370605168,-3176.960023463144,2019-07-15T12:20:38Z,46.23566667,12.79351667,1284.00,85.391
1241,1,1241,-59.190370605168,-3175.960023463144,2019-07-15T12:20:39Z,46.23560000,12.79360000,1285.00,85.391
1242,1,1242,-58.190370605168,-3174.960023463144,2019-07-15T12:20:40Z,46.23553333,12.79370000,1285.00,85.392
1243,1,1243,-57.190370605168,-3173.960023463144,2019-07-15T12:20:41Z,46.23548333,12.79380000,1286.00,85.394
1244,1,1244,-56.190370605168,-3172.960023463144,2019-07-15T12:20:42Z,46.23543333,12.79390000,1286.00,85.396
1245,1,1245,-55.190370605168,-3171.960023463144,2019-07-15T12:20:43Z,46.23538333,12.79401667,1287.00,85.4
1246,1,1246,-54.190370605168,-3170.960023463144,2019-07-15T12:20:44Z,46.23535000,12.79413333,1289.00,85.404
1247,1,1247,-53.190370605168,-3169.960023463144,2019-07-15T12:20:45Z,46.23533333,12.79425000,1291.00,85.41
1248,1,1248,-52.190370605168,-3168.960023463144,2019-07-15T12:20:46Z,46.23533333,12.79436667,1291.00,85.416
1249,1,1249,-51.190370605168,-3167.960023463144,2019-07-15T12:20:47Z,46.23536667,12.79450000,1289.00,85.427
1250,1,1250,-50.190370605168,-3166.960023463144,2019-07-15T12:20:48Z,46.23540000,12.79463333,1287.00,85.437
1251,1,1251,-49.190370605168,-3165.960023463144,2019-07-15T12:20:49Z,46.23545000,12.79478333,1285.00,85.449
1252,1,1252,-48.190370605168,-3164.960023463144,2019-07-15T12:20:50Z,46.23551667,12.79495000,1283.00,85.464
1253,1,1253,-47.190370605168,-3163.960023463144,2019-07-15T12:20:51Z,46.23558333,12.79513333,1282.00,85.479
1254,1,1254,-46.190370605168,-3162.960023463144,2019-07-15T12:20:52Z,46.23568333,12.79530000,1283.00,85.496
1255,1,1255,-45.190370605168,-3161.960023463144,2019-07-15T12:20:53Z,46.23580000,12.79545000,1284.00,85.513
1256,1,1256,-44.190370605168,-3160.960023463144,2019-07-15T12:20:54Z,46.23591667,12.79556667,1286.00,85.529
1257,1,1257,-43.190370605168,-3159.960023463144,2019-07-15T12:20:55Z,46.23605000,12.79563333,1289.00,85.542
1258,1,1258,-42.190370605168,-3158.960023463144,2019-07-15T12:20:56Z,46.23620000,12.79568333,1289.00,85.556
1259,1,1259,-41.190370605168,-3157.960023463144,2019-07-15T12:20:57Z,46.23636667,12.79568333,1289.00,85.568
1260,1,1260,-40.190370605168,-3156.960023463144,2019-07-15T12:20:58Z,46.23653333,12.79561667,1289.00,85.576
1261,1,1261,-39.190370605168,-3155.960023463144,2019-07-15T12:20:59Z,46.23670000,12.79548333,1288.00,85.581
1262,1,1262,-38.190370605168,-3154.960023463144,2019-07-15T12:21:00Z,46.23685000,12.79530000,1287.00,85.581
1263,1,1263,-37.190370605168,-3153.960023463144,2019-07-15T12:21:01Z,46.23695000,12.79506667,1287.00,85.575
1264,1,1264,-36.190370605168,-3152.960023463144,2019-07-15T12:21:02Z,46.23701667,12.79485000,1287.00,85.567
1265,1,1265,-35.190370605168,-3151.960023463144,2019-07-15T12:21:03Z,46.23705000,12.79461667,1288.00,85.556
1266,1,1266,-34.190370605168,-3150.960023463144,2019-07-15T12:21:04Z,46.23706667,12.79438333,1289.00,85.543
1267,1,1267,-33.190370605168,-3149.960023463144,2019-07-15T12:21:05Z,46.23705000,12.79416667,1290.00,85.529
1268,1,1268,-32.190370605168,-3148.960023463144,2019-07-15T12:21:06Z,46.23701667,12.79396667,1291.00,85.515
1269,1,1269,-31.190370605168,-3147.960023463144,2019-07-15T12:21:07Z,46.23696667,12.79378333,1292.00,85.501
1270,1,1270,-30.190370605168,-3146.960023463144,2019-07-15T12:21:08Z,46.23690000,12.79365000,1294.00,85.488
1271,1,1271,-29.190370605168,-3145.960023463144,2019-07-15T12:21:09Z,46.23681667,12.79355000,1295.00,85.477
1272,1,1272,-28.190370605168,-3144.960023463144,2019-07-15T12:21:10Z,46.23673333,12.79350000,1295.00,85.468
1273,1,1273,-27.190370605168,-3143.960023463144,2019-07-15T12:21:11Z,46.23665000,12.79350000,1296.00,85.462
1274,1,1274,-26.190370605168,-3142.960023463144,2019-07-15T12:21:12Z,46.23656667,12.79353333,1296.00,85.457
1275,1,1275,-25.190370605168,-3141.960023463144,2019-07-15T12:21:13Z,46.23650000,12.79360000,1296.00,85.456
1276,1,1276,-24.190370605168,-3140.960023463144,2019-07-15T12:21:14Z,46.23643333,12.79366667,1295.00,85.455
1277,1,1277,-23.190370605168,-3139.960023463144,2019-07-15T12:21:15Z,46.23636667,12.79373333,1294.00,85.455
1278,1,1278,-22.190370605168,-3138.960023463144,2019-07-15T12:21:16Z,46.23626667,12.79380000,1291.00,85.451
1279,1,1279,-21.190370605168,-3137.960023463144,2019-07-15T12:21:17Z,46.23618333,12.79386667,1289.00,85.449
1280,1,1280,-20.190370605168,-3136.960023463144,2019-07-15T12:21:18Z,46.23610000,12.79396667,1288.00,85.449
1281,1,1281,-19.190370605168,-3135.960023463144,2019-07-15T12:21:19Z,46.23606667,12.79406667,1288.00,85.452
1282,1,1282,-18.190370605168,-3134.960023463144,2019-07-15T12:21:20Z,46.23606667,12.79418333,1292.00,85.459
1283,1,1283,-17.190370605168,-3133.960023463144,2019-07-15T12:21:21Z,46.23610000,12.79428333,1291.00,85.467
1284,1,1284,-16.190370605168,-3132.960023463144,2019-07-15T12:21:22Z,46.23618333,12.79438333,1291.00,85.479
1285,1,1285,-15.190370605168,-3131.960023463144,2019-07-15T12:21:23Z,46.23630000,12.79446667,1290.00,85.492
1286,1,1286,-14.190370605168,-3130.960023463144,2019-07-15T12:21:24Z,46.23646667,12.79453333,1288.00,85.508
1287,1,1287,-13.190370605168,-3129.960023463144,2019-07-15T12:21:25Z,46.23663333,12.79455000,1287.00,85.521
1288,1,1288,-12.190370605168,-3128.960023463144,2019-07-15T12:21:26Z,46.23680000,12.79453333,1285.00,85.533
1289,1,1289,-11.190370605168,-3127.960023463144,2019-07-15T12:21:27Z,46.23700000,12.79450000,1284.00,85.545
1290,1,1290,-10.190370605168,-3126.960023463144,2019-07-15T12:21:28Z,46.23718333,12.79441667,1284.00,85.554
1291,1,1291,-9.190370605168,-3125.960023463144,2019-07-15T12:21:29Z,46.23735000,12.79430000,1283.00,85.559
1292,1,1292,-8.190370605168,-3124.960023463144,2019-07-15T12:21:30Z,46.23751667,12.79415000,1282.00,85.562
1293,1,1293,-7.190370605168,-3123.960023463144,2019-07-15T12:21:31Z,46.23765000,12.79398333,1284.00,85.563
1294,1,1294,-6.190370605168,-3122.960023463144,2019-07-15T12:21:32Z,46.23776667,12.79378333,1286.00,85.559
1295,1,1295,-5.190370605168,-3121.960023463144,2019-07-15T12:21:33Z,46.23785000,12.79356667,1287.00,85.553
1296,1,1296,-4.190370605168,-3120.960023463144,2019-07-15T12:21:34Z,46.23790000,12.79333333,1288.00,85.543
1297,1,1297,-3.190370605168,-3119.960023463144,2019-07-15T12:21:35Z,46.23793333,12.79310000,1288.00,85.532
1298,1,1298,-2.190370605168,-3118.960023463144,2019-07-15T12:21:36Z,46.23793333,12.79288333,1290.00,85.519
1299,1,1299,-1.190370605168,-3117.960023463144,2019-07-15T12:21:37Z,46.23790000,12.79268333,1291.00,85.505
1300,1,1300,-0.190370605168,-3116.960023463144,2019-07-15T12:21:38Z,46.23783333,12.79251667,1291.00,85.491
1301,1,1301,0.809629394832,-3115.960023463144,2019-07-15T12:21:39Z,46.23776667,12.79236667,1291.00,85.477
1302,1,1302,1.809629394832,-3114.960023463144,2019-07-15T12:21:40Z,46.23770000,12.79225000,1290.00,85.466
1303,1,1303,2.809629394832,-3113.960023463144,2019-07-15T12:21:41Z,46.23760000,12.79216667,1289.00,85.454
1304,1,1304,3.809629394832,-3112.960023463144,2019-07-15T12:21:42Z,46.23751667,12.79210000,1285.00,85.444
1305,1,1305,4.809629394832,-3111.960023463144,2019-07-15T12:21:43Z,46.23740000,12.79205000,1281.00,85.432
1306,1,1306,5.809629394832,-3110.960023463144,2019-07-15T12:21:44Z,46.23730000,12.79201667,1276.00,85.423
1307,1,1307,6.809629394832,-3109.960023463144,2019-07-15T12:21:45Z,46.23720000,12.79196667,1272.00,85.413
1308,1,1308,7.809629394832,-3108.960023463144,2019-07-15T12:21:46Z,46.23711667,12.79193333,1269.00,85.405
1309,1,1309,8.809629394832,-3107.960023463144,2019-07-15T12:21:47Z,46.23703333,12.79186667,1267.00,85.395
1310,1,1310,9.809629394832,-3106.960023463144,2019-07-15T12:21:48Z,46.23693333,12.79180000,1264.00,85.384
1311,1,1311,10.809629394832,-3105.960023463144,2019-07-15T12:21:49Z,46.23685000,12.79173333,1258.00,85.374
1312,1,1312,11.809629394832,-3104.960023463144,2019-07-15T12:21:50Z,46.23676667,12.79166667,1255.00,85.364
1313,1,1313,12.809629394832,-3103.960023463144,2019-07-15T12:21:51Z,46.23666667,12.79161667,1251.00,85.353
1314,1,1314,13.809629394832,-3102.960023463144,2019-07-15T12:21:52Z,46.23656667,12.79155000,1247.00,85.342
1315,1,1315,14.809629394832,-3101.960023463144,2019-07-15T12:21:53Z,46.23645000,12.79148333,1243.00,85.33
1316,1,1316,15.809629394832,-3100.960023463144,2019-07-15T12:21:54Z,46.23635000,12.79143333,1237.00,85.32
1317,1,1317,16.809629394832,-3099.960023463144,2019-07-15T12:21:55Z,46.23625000,12.79140000,1233.00,85.31
1318,1,1318,17.809629394832,-3098.960023463144,2019-07-15T12:21:56Z,46.23615000,12.79135000,1229.00,85.3
1319,1,1319,18.809629394832,-3097.960023463144,2019-07-15T12:21:57Z,46.23605000,12.79131667,1228.00,85.291
1320,1,1320,19.809629394832,-3096.960023463144,2019-07-15T12:21:58Z,46.23596667,12.79130000,1225.00,85.284
1321,1,1321,20.809629394832,-3095.960023463144,2019-07-15T12:21:59Z,46.23586667,12.79128333,1221.00,85.276
1322,1,1322,21.809629394832,-3094.960023463144,2019-07-15T12:22:00Z,46.23576667,12.79126667,1216.00,85.267
1323,1,1323,22.809629394832,-3093.960023463144,2019-07-15T12:22:01Z,46.23566667,12.79128333,1213.00,85.261
1324,1,1324,23.809629394832,-3092.960023463144,2019-07-15T12:22:02Z,46.23558333,12.79131667,1210.00,85.257
1325,1,1325,24.809629394832,-3091.960023463144,2019-07-15T12:22:03Z,46.23548333,12.79140000,1208.00,85.255
1326,1,1326,25.809629394832,-3090.960023463144,2019-07-15T12:22:04Z,46.23541667,12.79150000,1206.00,85.256
1327,1,1327,26.809629394832,-3089.960023463144,2019-07-15T12:22:05Z,46.23533333,12.79163333,1202.00,85.257
1328,1,1328,27.809629394832,-3088.960023463144,2019-07-15T12:22:06Z,46.23526667,12.79176667,1203.00,85.26
1329,1,1329,28.809629394832,-3087.960023463144,2019-07-15T12:22:07Z,46.23521667,12.79190000,1200.00,85.264
1330,1,1330,29.809629394832,-3086.960023463144,2019-07-15T12:22:08Z,46.23516667,12.79201667,1195.00,85.267
1331,1,1331,30.809629394832,-3085.960023463144,2019-07-15T12:22:09Z,46.23511667,12.79211667,1197.00,85.27
1332,1,1332,31.809629394832,-3084.960023463144,2019-07-15T12:22:10Z,46.23506667,12.79223333,1198.00,85.273
1333,1,1333,32.809629394832,-3083.960023463144,2019-07-15T12:22:11Z,46.23501667,12.79235000,1196.00,85.276
1334,1,1334,33.809629394832,-3082.960023463144,2019-07-15T12:22:12Z,46.23496667,12.79246667,1193.00,85.279
1335,1,1335,34.809629394832,-3081.960023463144,2019-07-15T12:22:13Z,46.23490000,12.79258333,1190.00,85.281
1336,1,1336,35.809629394832,-3080.960023463144,2019-07-15T12:22:14Z,46.23485000,12.79271667,1186.00,85.285
1337,1,1337,36.809629394832,-3079.960023463144,2019-07-15T12:22:15Z,46.23480000,12.79286667,1183.00,85.29
1338,1,1338,37.809629394832,-3078.960023463144,2019-07-15T12:22:16Z,46.23475000,12.79300000,1181.00,85.294
1339,1,1339,38.809629394832,-3077.960023463144,2019-07-15T12:22:17Z,46.23470000,12.79313333,1179.00,85.299
1340,1,1340,39.809629394832,-3076.960023463144,2019-07-15T12:22:18Z,46.23463333,12.79326667,1176.00,85.302
1341,1,1341,40.809629394832,-3075.960023463144,2019-07-15T12:22:19Z,46.23458333,12.79341667,1174.00,85.307
1342,1,1342,41.809629394832,-3074.960023463144,2019-07-15T12:22:20Z,46.23451667,12.79353333,1172.00,85.309
1343,1,1343,42.809629394832,-3073.960023463144,2019-07-15T12:22:21Z,46.23445000,12.79366667,1172.00,85.312
1344,1,1344,43.809629394832,-3072.960023463144,2019-07-15T12:22:22Z,46.23438333,12.79378333,1169.00,85.314
1345,1,1345,44.809629394832,-3071.960023463144,2019-07-15T12:22:23Z,46.23433333,12.79388333,1168.00,85.316
1346,1,1346,45.809629394832,-3070.960023463144,2019-07-15T12:22:24Z,46.23428333,12.79396667,1169.00,85.317
1347,1,1347,46.809629394832,-3069.960023463144,2019-07-15T12:22:25Z,46.23423333,12.79405000,1168.00,85.318
1348,1,1348,47.809629394832,-3068.960023463144,2019-07-15T12:22:26Z,46.23418333,12.79413333,1167.00,85.32
1349,1,1349,48.809629394832,-3067.960023463144,2019-07-15T12:22:27Z,46.23413333,12.79423333,1164.00,85.322
1350,1,1350,49.809629394832,-3066.960023463144,2019-07-15T12:22:28Z,46.23410000,12.79435000,1161.00,85.326
1351,1,1351,50.809629394832,-3065.960023463144,2019-07-15T12:22:29Z,46.23405000,12.79448333,1159.00,85.331
1352,1,1352,51.809629394832,-3064.960023463144,2019-07-15T12:22:30Z,46.23401667,12.79460000,1157.00,85.335
1353,1,1353,52.809629394832,-3063.960023463144,2019-07-15T12:22:31Z,46.23400000,12.79473333,1157.00,85.342
1354,1,1354,53.809629394832,-3062.960023463144,2019-07-15T12:22:32Z,46.23398333,12.79485000,1156.00,85.347
1355,1,1355,54.809629394832,-3061.960023463144,2019-07-15T12:22:33Z,46.23395000,12.79496667,1154.00,85.352
1356,1,1356,55.809629394832,-3060.960023463144,2019-07-15T12:22:34Z,46.23391667,12.79511667,1152.00,85.358
1357,1,1357,56.809629394832,-3059.960023463144,2019-07-15T12:22:35Z,46.23386667,12.79526667,1151.00,85.363
1358,1,1358,57.809629394832,-3058.960023463144,2019-07-15T12:22:36Z,46.23381667,12.79541667,1149.00,85.368
1359,1,1359,58.809629394832,-3057.960023463144,2019-07-15T12:22:37Z,46.23373333,12.79555000,1148.00,85.37
1360,1,1360,59.809629394832,-3056.960023463144,2019-07-15T12:22:38Z,46.23366667,12.79566667,1148.00,85.372
1361,1,1361,60.809629394832,-3055.960023463144,2019-07-15T12:22:39Z,46.23358333,12.79578333,1148.00,85.373
1362,1,1362,61.809629394832,-3054.960023463144,2019-07-15T12:22:40Z,46.23350000,12.79586667,1150.00,85.372
1363,1,1363,62.809629394832,-3053.960023463144,2019-07-15T12:22:41Z,46.23340000,12.79595000,1152.00,85.37
1364,1,1364,63.809629394832,-3052.960023463144,2019-07-15T12:22:42Z,46.23331667,12.79603333,1152.00,85.369
1365,1,1365,64.809629394832,-3051.960023463144,2019-07-15T12:22:43Z,46.23321667,12.79611667,1154.00,85.367
1366,1,1366,65.809629394832,-3050.960023463144,2019-07-15T12:22:44Z,46.23313333,12.79620000,1155.00,85.365
1367,1,1367,66.809629394832,-3049.960023463144,2019-07-15T12:22:45Z,46.23305000,12.79628333,1158.00,85.364
1368,1,1368,67.809629394832,-3048.960023463144,2019-07-15T12:22:46Z,46.23296667,12.79636667,1160.00,85.363
1369,1,1369,68.809629394832,-3047.960023463144,2019-07-15T12:22:47Z,46.23288333,12.79645000,1161.00,85.362
1370,1,1370,69.809629394832,-3046.960023463144,2019-07-15T12:22:48Z,46.23281667,12.79653333,1164.00,85.362
1371,1,1371,70.809629394832,-3045.960023463144,2019-07-15T12:22:49Z,46.23275000,12.79663333,1166.00,85.364
1372,1,1372,71.809629394832,-3044.960023463144,2019-07-15T12:22:50Z,46.23268333,12.79673333,1169.00,85.365
1373,1,1373,72.809629394832,-3043.960023463144,2019-07-15T12:22:51Z,46.23261667,12.79683333,1171.00,85.366
1374,1,1374,73.809629394832,-3042.960023463144,2019-07-15T12:22:52Z,46.23255000,12.79695000,1173.00,85.368
1375,1,1375,74.809629394832,-3041.960023463144,2019-07-15T12:22:53Z,46.23248333,12.79708333,1176.00,85.371
1376,1,1376,75.809629394832,-3040.960023463144,2019-07-15T12:22:54Z,46.23243333,12.79723333,1179.00,85.376
1377,1,1377,76.809629394832,-3039.960023463144,2019-07-15T12:22:55Z,46.23240000,12.79738333,1182.00,85.383
1378,1,1378,77.809629394832,-3038.960023463144,2019-07-15T12:22:56Z,46.23238333,12.79755000,1186.00,85.392
1379,1,1379,78.809629394832,-3037.960023463144,2019-07-15T12:22:57Z,46.23241667,12.79771667,1190.00,85.404
1380,1,1380,79.809629394832,-3036.960023463144,2019-07-15T12:22:58Z,46.23248333,12.79788333,1194.00,85.418
1381,1,1381,80.809629394832,-3035.960023463144,2019-07-15T12:22:59Z,46.23256667,12.79803333,1197.00,85.433
1382,1,1382,81.809629394832,-3034.960023463144,2019-07-15T12:23:00Z,46.23270000,12.79815000,1199.00,85.449
1383,1,1383,82.809629394832,-3033.960023463144,2019-07-15T12:23:01Z,46.23286667,12.79820000,1203.00,85.464
1384,1,1384,83.809629394832,-3032.960023463144,2019-07-15T12:23:02Z,46.23301667,12.79818333,1206.00,85.474
1385,1,1385,84.809629394832,-3031.960023463144,2019-07-15T12:23:03Z,46.23318333,12.79811667,1209.00,85.482
1386,1,1386,85.809629394832,-3030.960023463144,2019-07-15T12:23:04Z,46.23330000,12.79798333,1211.00,85.482
1387,1,1387,86.809629394832,-3029.960023463144,2019-07-15T12:23:05Z,46.23340000,12.79780000,1213.00,85.479
1388,1,1388,87.809629394832,-3028.960023463144,2019-07-15T12:23:06Z,46.23345000,12.79758333,1215.00,85.47
1389,1,1389,88.809629394832,-3027.960023463144,2019-07-15T12:23:07Z,46.23346667,12.79738333,1217.00,85.459
1390,1,1390,89.809629394832,-3026.960023463144,2019-07-15T12:23:08Z,46.23341667,12.79720000,1219.00,85.445
1391,1,1391,90.809629394832,-3025.960023463144,2019-07-15T12:23:09Z,46.23335000,12.79708333,1221.00,85.433
1392,1,1392,91.809629394832,-3024.960023463144,2019-07-15T12:23:10Z,46.23325000,12.79701667,1223.00,85.422
1393,1,1393,92.809629394832,-3023.960023463144,2019-07-15T12:23:11Z,46.23315000,12.79700000,1225.00,85.414
1394,1,1394,93.809629394832,-3022.960023463144,2019-07-15T12:23:12Z,46.23305000,12.79705000,1226.00,85.41
1395,1,1395,94.809629394832,-3021.960023463144,2019-07-15T12:23:13Z,46.23295000,12.79711667,1228.00,85.406
1396,1,1396,95.809629394832,-3020.960023463144,2019-07-15T12:23:14Z,46.23288333,12.79721667,1231.00,85.407
1397,1,1397,96.809629394832,-3019.960023463144,2019-07-15T12:23:15Z,46.23280000,12.79730000,1234.00,85.406
1398,1,1398,97.809629394832,-3018.960023463144,2019-07-15T12:23:16Z,46.23273333,12.79740000,1238.00,85.408
1399,1,1399,98.809629394832,-3017.960023463144,2019-07-15T12:23:17Z,46.23268333,12.79751667,1242.00,85.411
1400,1,1400,99.809629394832,-3016.960023463144,2019-07-15T12:23:18Z,46.23265000,12.79765000,1245.00,85.416
1401,1,1401,100.809629394832,-3015.960023463144,2019-07-15T12:23:19Z,46.23263333,12.79780000,1248.00,85.424
1402,1,1402,101.809629394832,-3014.960023463144,2019-07-15T12:23:20Z,46.23265000,12.79795000,1251.00,85.434
1403,1,1403,102.809629394832,-3013.960023463144,2019-07-15T12:23:21Z,46.23268333,12.79810000,1253.00,85.445
1404,1,1404,103.809629394832,-3012.960023463144,2019-07-15T12:23:22Z,46.23273333,12.79825000,1255.00,85.458
1405,1,1405,104.809629394832,-3011.960023463144,2019-07-15T12:23:23Z,46.23283333,12.79838333,1255.00,85.473
1406,1,1406,105.809629394832,-3010.960023463144,2019-07-15T12:23:24Z,46.23295000,12.79850000,1255.00,85.488
1407,1,1407,106.809629394832,-3009.960023463144,2019-07-15T12:23:25Z,46.23311667,12.79855000,1255.00,85.503
1408,1,1408,107.809629394832,-3008.960023463144,2019-07-15T12:23:26Z,46.23328333,12.79856667,1255.00,85.516
1409,1,1409,108.809629394832,-3007.960023463144,2019-07-15T12:23:27Z,46.23346667,12.79853333,1254.00,85.527
1410,1,1410,109.809629394832,-3006.960023463144,2019-07-15T12:23:28Z,46.23361667,12.79846667,1252.00,85.534
1411,1,1411,110.809629394832,-3005.960023463144,2019-07-15T12:23:29Z,46.23378333,12.79841667,1250.00,85.543
1412,1,1412,111.809629394832,-3004.960023463144,2019-07-15T12:23:30Z,46.23395000,12.79838333,1246.00,85.552
1413,1,1413,112.809629394832,-3003.960023463144,2019-07-15T12:23:31Z,46.23413333,12.79836667,1243.00,85.565
1414,1,1414,113.809629394832,-3002.960023463144,2019-07-15T12:23:32Z,46.23428333,12.79836667,1240.00,85.575
1415,1,1415,114.809629394832,-3001.960023463144,2019-07-15T12:23:33Z,46.23445000,12.79836667,1239.00,85.587
1416,1,1416,115.809629394832,-3000.960023463144,2019-07-15T12:23:34Z,46.23461667,12.79833333,1237.00,85.597
1417,1,1417,116.809629394832,-2999.960023463144,2019-07-15T12:23:35Z,46.23476667,12.79828333,1236.00,85.605
1418,1,1418,117.809629394832,-2998.960023463144,2019-07-15T12:23:36Z,46.23491667,12.79821667,1236.00,85.612
1419,1,1419,118.809629394832,-2997.960023463144,2019-07-15T12:23:37Z,46.23505000,12.79810000,1236.00,85.615
1420,1,1420,119.809629394832,-2996.960023463144,2019-07-15T12:23:38Z,46.23516667,12.79796667,1236.00,85.615
1421,1,1421,120.809629394832,-2995.960023463144,2019-07-15T12:23:39Z,46.23526667,12.79778333,1235.00,85.612
1422,1,1422,121.809629394832,-2994.960023463144,2019-07-15T12:23:40Z,46.23536667,12.79758333,1234.00,85.607
1423,1,1423,122.809629394832,-2993.960023463144,2019-07-15T12:23:41Z,46.23543333,12.79735000,1235.00,85.598
1424,1,1424,123.809629394832,-2992.960023463144,2019-07-15T12:23:42Z,46.23545000,12.79710000,1235.00,85.585
1425,1,1425,124.809629394832,-2991.960023463144,2019-07-15T12:23:43Z,46.23545000,12.79688333,1238.00,85.572
1426,1,1426,125.809629394832,-2990.960023463144,2019-07-15T12:23:44Z,46.23540000,12.79670000,1239.00,85.558
1427,1,1427,126.809629394832,-2989.960023463144,2019-07-15T12:23:45Z,46.23535000,12.79655000,1240.00,85.545
1428,1,1428,127.809629394832,-2988.960023463144,2019-07-15T12:23:46Z,46.23528333,12.79645000,1244.00,85.535
1429,1,1429,128.809629394832,-2987.960023463144,2019-07-15T12:23:47Z,46.23520000,12.79638333,1245.00,85.525
1430,1,1430,129.809629394832,-2986.960023463144,2019-07-15T12:23:48Z,46.23511667,12.79636667,1246.00,85.518
1431,1,1431,130.809629394832,-2985.960023463144,2019-07-15T12:23:49Z,46.23503333,12.79636667,1247.00,85.512
1432,1,1432,131.809629394832,-2984.960023463144,2019-07-15T12:23:50Z,46.23495000,12.79640000,1247.00,85.508
1433,1,1433,132.809629394832,-2983.960023463144,2019-07-15T12:23:51Z,46.23485000,12.79643333,1248.00,85.502
1434,1,1434,133.809629394832,-2982.960023463144,2019-07-15T12:23:52Z,46.23476667,12.79646667,1248.00,85.498
1435,1,1435,134.809629394832,-2981.960023463144,2019-07-15T12:23:53Z,46.23466667,12.79648333,1247.00,85.492
1436,1,1436,135.809629394832,-2980.960023463144,2019-07-15T12:23:54Z,46.23456667,12.79650000,1248.00,85.486
1437,1,1437,136.809629394832,-2979.960023463144,2019-07-15T12:23:55Z,46.23446667,12.79650000,1249.00,85.479
1438,1,1438,137.809629394832,-2978.960023463144,2019-07-15T12:23:56Z,46.23436667,12.79648333,1251.00,85.471
1439,1,1439,138.809629394832,-2977.960023463144,2019-07-15T12:23:57Z,46.23426667,12.79648333,1253.00,85.463
1440,1,1440,139.809629394832,-2976.960023463144,2019-07-15T12:23:58Z,46.23416667,12.79650000,1255.00,85.457
1441,1,1441,140.809629394832,-2975.960023463144,2019-07-15T12:23:59Z,46.23406667,12.79653333,1258.00,85.452
1442,1,1442,141.809629394832,-2974.960023463144,2019-07-15T12:24:00Z,46.23396667,12.79660000,1257.00,85.449
1443,1,1443,142.809629394832,-2973.960023463144,2019-07-15T12:24:01Z,46.23386667,12.79666667,1260.00,85.445
1444,1,1444,143.809629394832,-2972.960023463144,2019-07-15T12:24:02Z,46.23376667,12.79673333,1262.00,85.442
1445,1,1445,144.809629394832,-2971.960023463144,2019-07-15T12:24:03Z,46.23366667,12.79680000,1264.00,85.439
1446,1,1446,145.809629394832,-2970.960023463144,2019-07-15T12:24:04Z,46.23356667,12.79686667,1264.00,85.436
1447,1,1447,146.809629394832,-2969.960023463144,2019-07-15T12:24:05Z,46.23348333,12.79695000,1263.00,85.435
1448,1,1448,147.809629394832,-2968.960023463144,2019-07-15T12:24:06Z,46.23340000,12.79701667,1267.00,85.433
1449,1,1449,148.809629394832,-2967.960023463144,2019-07-15T12:24:07Z,46.23331667,12.79708333,1269.00,85.431
1450,1,1450,149.809629394832,-2966.960023463144,2019-07-15T12:24:08Z,46.23325000,12.79713333,1270.00,85.429
1451,1,1451,150.809629394832,-2965.960023463144,2019-07-15T12:24:09Z,46.23318333,12.79720000,1273.00,85.428
1452,1,1452,151.809629394832,-2964.960023463144,2019-07-15T12:24:10Z,46.23313333,12.79728333,1273.00,85.429
1453,1,1453,152.809629394832,-2963.960023463144,2019-07-15T12:24:11Z,46.23308333,12.79738333,1275.00,85.432
1454,1,1454,153.809629394832,-2962.960023463144,2019-07-15T12:24:12Z,46.23303333,12.79751667,1275.00,85.436
1455,1,1455,154.809629394832,-2961.960023463144,2019-07-15T12:24:13Z,46.23300000,12.79766667,1276.00,85.442
1456,1,1456,155.809629394832,-2960.960023463144,2019-07-15T12:24:14Z,46.23298333,12.79780000,1277.00,85.449
1457,1,1457,156.809629394832,-2959.960023463144,2019-07-15T12:24:15Z,46.23298333,12.79795000,1279.00,85.458
1458,1,1458,157.809629394832,-2958.960023463144,2019-07-15T12:24:16Z,46.23301667,12.79808333,1281.00,85.468
1459,1,1459,158.809629394832,-2957.960023463144,2019-07-15T12:24:17Z,46.23310000,12.79821667,1281.00,85.482
1460,1,1460,159.809629394832,-2956.960023463144,2019-07-15T12:24:18Z,46.23320000,12.79831667,1282.00,85.495
1461,1,1461,160.809629394832,-2955.960023463144,2019-07-15T12:24:19Z,46.23335000,12.79840000,1282.00,85.511
1462,1,1462,161.809629394832,-2954.960023463144,2019-07-15T12:24:20Z,46.23351667,12.79840000,1282.00,85.522
1463,1,1463,162.809629394832,-2953.960023463144,2019-07-15T12:24:21Z,46.23368333,12.79836667,1283.00,85.532
1464,1,1464,163.809629394832,-2952.960023463144,2019-07-15T12:24:22Z,46.23383333,12.79826667,1285.00,85.537
1465,1,1465,164.809629394832,-2951.960023463144,2019-07-15T12:24:23Z,46.23398333,12.79813333,1287.00,85.54
1466,1,1466,165.809629394832,-2950.960023463144,2019-07-15T12:24:24Z,46.23410000,12.79795000,1287.00,85.538
1467,1,1467,166.809629394832,-2949.960023463144,2019-07-15T12:24:25Z,46.23416667,12.79775000,1287.00,85.531
1468,1,1468,167.809629394832,-2948.960023463144,2019-07-15T12:24:26Z,46.23421667,12.79751667,1286.00,85.521
1469,1,1469,168.809629394832,-2947.960023463144,2019-07-15T12:24:27Z,46.23421667,12.79728333,1285.00,85.507
1470,1,1470,169.809629394832,-2946.960023463144,2019-07-15T12:24:28Z,46.23420000,12.79706667,1285.00,85.493
1471,1,1471,170.809629394832,-2945.960023463144,2019-07-15T12:24:29Z,46.23413333,12.79686667,1284.00,85.476
1472,1,1472,171.809629394832,-2944.960023463144,2019-07-15T12:24:30Z,46.23403333,12.79670000,1283.00,85.459
1473,1,1473,172.809629394832,-2943.960023463144,2019-07-15T12:24:31Z,46.23390000,12.79656667,1282.00,85.442
1474,1,1474,173.809629394832,-2942.960023463144,2019-07-15T12:24:32Z,46.23378333,12.79646667,1281.00,85.428
1475,1,1475,174.809629394832,-2941.960023463144,2019-07-15T12:24:33Z,46.23365000,12.79636667,1282.00,85.412
1476,1,1476,175.809629394832,-2940.960023463144,2019-07-15T12:24:34Z,46.23353333,12.79626667,1284.00,85.398
1477,1,1477,176.809629394832,-2939.960023463144,2019-07-15T12:24:35Z,46.23340000,12.79616667,1285.00,85.383
1478,1,1478,177.809629394832,-2938.960023463144,2019-07-15T12:24:36Z,46.23328333,12.79611667,1287.00,85.371
1479,1,1479,178.809629394832,-2937.960023463144,2019-07-15T12:24:37Z,46.23315000,12.79606667,1289.00,85.359
1480,1,1480,179.809629394832,-2936.960023463144,2019-07-15T12:24:38Z,46.23303333,12.79605000,1291.00,85.35
1481,1,1481,180.809629394832,-2935.960023463144,2019-07-15T12:24:39Z,46.23291667,12.79603333,1293.00,85.34
1482,1,1482,181.809629394832,-2934.960023463144,2019-07-15T12:24:40Z,46.23281667,12.79601667,1295.00,85.332
1483,1,1483,182.809629394832,-2933.960023463144,2019-07-15T12:24:41Z,46.23271667,12.79598333,1298.00,85.323
1484,1,1484,183.809629394832,-2932.960023463144,2019-07-15T12:24:42Z,46.23261667,12.79593333,1301.00,85.313
1485,1,1485,184.809629394832,-2931.960023463144,2019-07-15T12:24:43Z,46.23251667,12.79588333,1304.00,85.303
1486,1,1486,185.809629394832,-2930.960023463144,2019-07-15T12:24:44Z,46.23241667,12.79585000,1306.00,85.294
1487,1,1487,186.809629394832,-2929.960023463144,2019-07-15T12:24:45Z,46.23231667,12.79583333,1308.00,85.285
1488,1,1488,187.809629394832,-2928.960023463144,2019-07-15T12:24:46Z,46.23221667,12.79583333,1311.00,85.278
1489,1,1489,188.809629394832,-2927.960023463144,2019-07-15T12:24:47Z,46.23213333,12.79585000,1314.00,85.273
1490,1,1490,189.809629394832,-2926.960023463144,2019-07-15T12:24:48Z,46.23206667,12.79588333,1316.00,85.271
1491,1,1491,190.809629394832,-2925.960023463144,2019-07-15T12:24:49Z,46.23198333,12.79593333,1318.00,85.268
1492,1,1492,191.809629394832,-2924.960023463144,2019-07-15T12:24:50Z,46.23191667,12.79598333,1318.00,85.266
1493,1,1493,192.809629394832,-2923.960023463144,2019-07-15T12:24:51Z,46.23185000,12.79603333,1317.00,85.264
1494,1,1494,193.809629394832,-2922.960023463144,2019-07-15T12:24:52Z,46.23176667,12.79610000,1315.00,85.262
1495,1,1495,194.809629394832,-2921.960023463144,2019-07-15T12:24:53Z,46.23170000,12.79618333,1313.00,85.262
1496,1,1496,195.809629394832,-2920.960023463144,2019-07-15T12:24:54Z,46.23163333,12.79628333,1312.00,85.263
1497,1,1497,196.809629394832,-2919.960023463144,2019-07-15T12:24:55Z,46.23158333,12.79641667,1310.00,85.268
1498,1,1498,197.809629394832,-2918.960023463144,2019-07-15T12:24:56Z,46.23155000,12.79655000,1308.00,85.273
1499,1,1499,198.809629394832,-2917.960023463144,2019-07-15T12:24:57Z,46.23153333,12.79671667,1307.00,85.282
1500,1,1500,199.809629394832,-2916.960023463144,2019-07-15T12:24:58Z,46.23153333,12.79690000,1306.00,85.293
1501,1,1501,200.809629394832,-2915.960023463144,2019-07-15T12:24:59Z,46.23156667,12.79708333,1306.00,85.306
1502,1,1502,201.809629394832,-2914.960023463144,2019-07-15T12:25:00Z,46.23161667,12.79725000,1305.00,85.319
1503,1,1503,202.809629394832,-2913.960023463144,2019-07-15T12:25:01Z,46.23168333,12.79741667,1304.00,85.334
1504,1,1504,203.809629394832,-2912.960023463144,2019-07-15T12:25:02Z,46.23176667,12.79756667,1303.00,85.349
1505,1,1505,204.809629394832,-2911.960023463144,2019-07-15T12:25:03Z,46.23188333,12.79771667,1301.00,85.366
1506,1,1506,205.809629394832,-2910.960023463144,2019-07-15T12:25:04Z,46.23200000,12.79786667,1299.00,85.383
1507,1,1507,206.809629394832,-2909.960023463144,2019-07-15T12:25:05Z,46.23215000,12.79796667,1298.00,85.4
1508,1,1508,207.809629394832,-2908.960023463144,2019-07-15T12:25:06Z,46.23230000,12.79803333,1295.00,85.414
1509,1,1509,208.809629394832,-2907.960023463144,2019-07-15T12:25:07Z,46.23246667,12.79806667,1294.00,85.428
1510,1,1510,209.809629394832,-2906.960023463144,2019-07-15T12:25:08Z,46.23263333,12.79808333,1293.00,85.441
1511,1,1511,210.809629394832,-2905.960023463144,2019-07-15T12:25:09Z,46.23281667,12.79806667,1290.00,85.453
1512,1,1512,211.809629394832,-2904.960023463144,2019-07-15T12:25:10Z,46.23300000,12.79803333,1288.00,85.464
1513,1,1513,212.809629394832,-2903.960023463144,2019-07-15T12:25:11Z,46.23320000,12.79798333,1286.00,85.475
1514,1,1514,213.809629394832,-2902.960023463144,2019-07-15T12:25:12Z,46.23338333,12.79788333,1285.00,85.483
1515,1,1515,214.809629394832,-2901.960023463144,2019-07-15T12:25:13Z,46.23355000,12.79778333,1284.00,85.489
1516,1,1516,215.809629394832,-2900.960023463144,2019-07-15T12:25:14Z,46.23371667,12.79763333,1283.00,85.492
1517,1,1517,216.809629394832,-2899.960023463144,2019-07-15T12:25:15Z,46.23386667,12.79750000,1283.00,85.495
1518,1,1518,217.809629394832,-2898.960023463144,2019-07-15T12:25:16Z,46.23400000,12.79733333,1282.00,85.494
1519,1,1519,218.809629394832,-2897.960023463144,2019-07-15T12:25:17Z,46.23411667,12.79716667,1281.00,85.493
1520,1,1520,219.809629394832,-2896.960023463144,2019-07-15T12:25:18Z,46.23421667,12.79695000,1279.00,85.487
1521,1,1521,220.809629394832,-2895.960023463144,2019-07-15T12:25:19Z,46.23428333,12.79671667,1277.00,85.478
1522,1,1522,221.809629394832,-2894.960023463144,2019-07-15T12:25:20Z,46.23431667,12.79648333,1275.00,85.467
1523,1,1523,222.809629394832,-2893.960023463144,2019-07-15T12:25:21Z,46.23431667,12.79625000,1274.00,85.453
1524,1,1524,223.809629394832,-2892.960023463144,2019-07-15T12:25:22Z,46.23430000,12.79605000,1274.00,85.44
1525,1,1525,224.809629394832,-2891.960023463144,2019-07-15T12:25:23Z,46.23425000,12.79586667,1274.00,85.426
1526,1,1526,225.809629394832,-2890.960023463144,2019-07-15T12:25:24Z,46.23420000,12.79573333,1275.00,85.415
1527,1,1527,226.809629394832,-2889.960023463144,2019-07-15T12:25:25Z,46.23413333,12.79563333,1275.00,85.404
1528,1,1528,227.809629394832,-2888.960023463144,2019-07-15T12:25:26Z,46.23405000,12.79556667,1275.00,85.394
1529,1,1529,228.809629394832,-2887.960023463144,2019-07-15T12:25:27Z,46.23396667,12.79551667,1275.00,85.385
1530,1,1530,229.809629394832,-2886.960023463144,2019-07-15T12:25:28Z,46.23388333,12.79548333,1275.00,85.377
1531,1,1531,230.809629394832,-2885.960023463144,2019-07-15T12:25:29Z,46.23380000,12.79546667,1276.00,85.37
1532,1,1532,231.809629394832,-2884.960023463144,2019-07-15T12:25:30Z,46.23371667,12.79545000,1277.00,85.363
1533,1,1533,232.809629394832,-2883.960023463144,2019-07-15T12:25:31Z,46.23363333,12.79545000,1277.00,85.357
1534,1,1534,233.809629394832,-2882.960023463144,2019-07-15T12:25:32Z,46.23356667,12.79543333,1279.00,85.352
1535,1,1535,234.809629394832,-2881.960023463144,2019-07-15T12:25:33Z,46.23350000,12.79543333,1279.00,85.347
1536,1,1536,235.809629394832,-2880.960023463144,2019-07-15T12:25:34Z,46.23341667,12.79543333,1279.00,85.341
1537,1,1537,236.809629394832,-2879.960023463144,2019-07-15T12:25:35Z,46.23333333,12.79545000,1279.00,85.336
1538,1,1538,237.809629394832,-2878.960023463144,2019-07-15T12:25:36Z,46.23325000,12.79546667,1278.00,85.331
1539,1,1539,238.809629394832,-2877.960023463144,2019-07-15T12:25:37Z,46.23316667,12.79551667,1278.00,85.328
1540,1,1540,239.809629394832,-2876.960023463144,2019-07-15T12:25:38Z,46.23308333,12.79555000,1278.00,85.324
1541,1,1541,240.809629394832,-2875.960023463144,2019-07-15T12:25:39Z,46.23300000,12.79560000,1277.00,85.321
1542,1,1542,241.809629394832,-2874.960023463144,2019-07-15T12:25:40Z,46.23291667,12.79563333,1276.00,85.317
1543,1,1543,242.809629394832,-2873.960023463144,2019-07-15T12:25:41Z,46.23281667,12.79565000,1275.00,85.31
1544,1,1544,243.809629394832,-2872.960023463144,2019-07-15T12:25:42Z,46.23273333,12.79568333,1272.00,85.306
1545,1,1545,244.809629394832,-2871.960023463144,2019-07-15T12:25:43Z,46.23263333,12.79573333,1270.00,85.302
1546,1,1546,245.809629394832,-2870.960023463144,2019-07-15T12:25:44Z,46.23256667,12.79581667,1270.00,85.302
1547,1,1547,246.809629394832,-2869.960023463144,2019-07-15T12:25:45Z,46.23251667,12.79593333,1267.00,85.306
1548,1,1548,247.809629394832,-2868.960023463144,2019-07-15T12:25:46Z,46.23248333,12.79606667,1265.00,85.311
1549,1,1549,248.809629394832,-2867.960023463144,2019-07-15T12:25:47Z,46.23246667,12.79621667,1263.00,85.319
1550,1,1550,249.809629394832,-2866.960023463144,2019-07-15T12:25:48Z,46.23248333,12.79640000,1258.00,85.331
1551,1,1551,250.809629394832,-2865.960023463144,2019-07-15T12:25:49Z,46.23253333,12.79656667,1256.00,85.344
1552,1,1552,251.809629394832,-2864.960023463144,2019-07-15T12:25:50Z,46.23260000,12.79675000,1255.00,85.36
1553,1,1553,252.809629394832,-2863.960023463144,2019-07-15T12:25:51Z,46.23266667,12.79693333,1253.00,85.375
1554,1,1554,253.809629394832,-2862.960023463144,2019-07-15T12:25:52Z,46.23275000,12.79710000,1250.00,85.391
1555,1,1555,254.809629394832,-2861.960023463144,2019-07-15T12:25:53Z,46.23281667,12.79728333,1248.00,85.407
1556,1,1556,255.809629394832,-2860.960023463144,2019-07-15T12:25:54Z,46.23288333,12.79746667,1245.00,85.422
1557,1,1557,256.809629394832,-2859.960023463144,2019-07-15T12:25:55Z,46.23293333,12.79763333,1245.00,85.436
1558,1,1558,257.809629394832,-2858.960023463144,2019-07-15T12:25:56Z,46.23296667,12.79781667,1243.00,85.449
1559,1,1559,258.809629394832,-2857.960023463144,2019-07-15T12:25:57Z,46.23300000,12.79798333,1237.00,85.461
1560,1,1560,259.809629394832,-2856.960023463144,2019-07-15T12:25:58Z,46.23301667,12.79815000,1234.00,85.472
1561,1,1561,260.809629394832,-2855.960023463144,2019-07-15T12:25:59Z,46.23303333,12.79833333,1234.00,85.484
1562,1,1562,261.809629394832,-2854.960023463144,2019-07-15T12:26:00Z,46.23305000,12.79850000,1235.00,85.495
1563,1,1563,262.809629394832,-2853.960023463144,2019-07-15T12:26:01Z,46.23305000,12.79866667,1234.00,85.505
1564,1,1564,263.809629394832,-2852.960023463144,2019-07-15T12:26:02Z,46.23305000,12.79883333,1231.00,85.515
1565,1,1565,264.809629394832,-2851.960023463144,2019-07-15T12:26:03Z,46.23306667,12.79900000,1230.00,85.526
1566,1,1566,265.809629394832,-2850.960023463144,2019-07-15T12:26:04Z,46.23308333,12.79915000,1228.00,85.536
1567,1,1567,266.809629394832,-2849.960023463144,2019-07-15T12:26:05Z,46.23311667,12.79931667,1227.00,85.548
1568,1,1568,267.809629394832,-2848.960023463144,2019-07-15T12:26:06Z,46.23316667,12.79948333,1225.00,85.561
1569,1,1569,268.809629394832,-2847.960023463144,2019-07-15T12:26:07Z,46.23320000,12.79963333,1222.00,85.573
1570,1,1570,269.809629394832,-2846.960023463144,2019-07-15T12:26:08Z,46.23326667,12.79980000,1220.00,85.587
1571,1,1571,270.809629394832,-2845.960023463144,2019-07-15T12:26:09Z,46.23335000,12.79995000,1219.00,85.602
1572,1,1572,271.809629394832,-2844.960023463144,2019-07-15T12:26:10Z,46.23345000,12.80010000,1218.00,85.618
1573,1,1573,272.809629394832,-2843.960023463144,2019-07-15T12:26:11Z,46.23355000,12.80023333,1217.00,85.633
1574,1,1574,273.809629394832,-2842.960023463144,2019-07-15T12:26:12Z,46.23368333,12.80031667,1216.00,85.648
1575,1,1575,274.809629394832,-2841.960023463144,2019-07-15T12:26:13Z,46.23383333,12.80038333,1216.00,85.662
1576,1,1576,275.809629394832,-2840.960023463144,2019-07-15T12:26:14Z,46.23398333,12.80041667,1215.00,85.675
1577,1,1577,276.809629394832,-2839.960023463144,2019-07-15T12:26:15Z,46.23415000,12.80040000,1216.00,85.686
1578,1,1578,277.809629394832,-2838.960023463144,2019-07-15T12:26:16Z,46.23430000,12.80033333,1217.00,85.692
1579,1,1579,278.809629394832,-2837.960023463144,2019-07-15T12:26:17Z,46.23445000,12.80023333,1219.00,85.697
1580,1,1580,279.809629394832,-2836.960023463144,2019-07-15T12:26:18Z,46.23460000,12.80010000,1221.00,85.7
1581,1,1581,280.809629394832,-2835.960023463144,2019-07-15T12:26:19Z,46.23471667,12.79993333,1221.00,85.699
1582,1,1582,281.809629394832,-2834.960023463144,2019-07-15T12:26:20Z,46.23481667,12.79973333,1220.00,85.694
1583,1,1583,282.809629394832,-2833.960023463144,2019-07-15T12:26:21Z,46.23488333,12.79951667,1219.00,85.686
1584,1,1584,283.809629394832,-2832.960023463144,2019-07-15T12:26:22Z,46.23495000,12.79930000,1217.00,85.678
1585,1,1585,284.809629394832,-2831.960023463144,2019-07-15T12:26:23Z,46.23498333,12.79906667,1216.00,85.667
1586,1,1586,285.809629394832,-2830.960023463144,2019-07-15T12:26:24Z,46.23500000,12.79885000,1214.00,85.655
1587,1,1587,286.809629394832,-2829.960023463144,2019-07-15T12:26:25Z,46.23500000,12.79863333,1213.00,85.642
1588,1,1588,287.809629394832,-2828.960023463144,2019-07-15T12:26:26Z,46.23498333,12.79843333,1211.00,85.629
1589,1,1589,288.809629394832,-2827.960023463144,2019-07-15T12:26:27Z,46.23495000,12.79823333,1208.00,85.615
1590,1,1590,289.809629394832,-2826.960023463144,2019-07-15T12:26:28Z,46.23491667,12.79805000,1205.00,85.602
1591,1,1591,290.809629394832,-2825.960023463144,2019-07-15T12:26:29Z,46.23485000,12.79788333,1202.00,85.588
1592,1,1592,291.809629394832,-2824.960023463144,2019-07-15T12:26:30Z,46.23476667,12.79771667,1198.00,85.572
1593,1,1593,292.809629394832,-2823.960023463144,2019-07-15T12:26:31Z,46.23468333,12.79756667,1195.00,85.557
1594,1,1594,293.809629394832,-2822.960023463144,2019-07-15T12:26:32Z,46.23460000,12.79743333,1191.00,85.543
1595,1,1595,294.809629394832,-2821.960023463144,2019-07-15T12:26:33Z,46.23451667,12.79730000,1188.00,85.529
1596,1,1596,295.809629394832,-2820.960023463144,2019-07-15T12:26:34Z,46.23443333,12.79720000,1187.00,85.517
1597,1,1597,296.809629394832,-2819.960023463144,2019-07-15T12:26:35Z,46.23435000,12.79710000,1190.00,85.506
1598,1,1598,297.809629394832,-2818.960023463144,2019-07-15T12:26:36Z,46.23426667,12.79701667,1189.00,85.495
1599,1,1599,298.809629394832,-2817.960023463144,2019-07-15T12:26:37Z,46.23416667,12.79695000,1187.00,85.484
1600,1,1600,299.809629394832,-2816.960023463144,2019-07-15T12:26:38Z,46.23406667,12.79686667,1184.00,85.472
1601,1,1601,300.809629394832,-2815.960023463144,2019-07-15T12:26:39Z,46.23396667,12.79678333,1179.00,85.46
1602,1,1602,301.809629394832,-2814.960023463144,2019-07-15T12:26:40Z,46.23386667,12.79670000,1181.00,85.447
1603,1,1603,302.809629394832,-2813.960023463144,2019-07-15T12:26:41Z,46.23376667,12.79661667,1180.00,85.435
1604,1,1604,303.809629394832,-2812.960023463144,2019-07-15T12:26:42Z,46.23368333,12.79651667,1179.00,85.424
1605,1,1605,304.809629394832,-2811.960023463144,2019-07-15T12:26:43Z,46.23358333,12.79641667,1178.00,85.41
1606,1,1606,305.809629394832,-2810.960023463144,2019-07-15T12:26:44Z,46.23350000,12.79631667,1177.00,85.399
1607,1,1607,306.809629394832,-2809.960023463144,2019-07-15T12:26:45Z,46.23340000,12.79618333,1175.00,85.384
1608,1,1608,307.809629394832,-2808.960023463144,2019-07-15T12:26:46Z,46.23331667,12.79603333,1174.00,85.369
1609,1,1609,308.809629394832,-2807.960023463144,2019-07-15T12:26:47Z,46.23321667,12.79590000,1174.00,85.354
1610,1,1610,309.809629394832,-2806.960023463144,2019-07-15T12:26:48Z,46.23311667,12.79576667,1174.00,85.339
1611,1,1611,310.809629394832,-2805.960023463144,2019-07-15T12:26:49Z,46.23303333,12.79563333,1173.00,85.325
1612,1,1612,311.809629394832,-2804.960023463144,2019-07-15T12:26:50Z,46.23293333,12.79551667,1173.00,85.311
1613,1,1613,312.809629394832,-2803.960023463144,2019-07-15T12:26:51Z,46.23286667,12.79538333,1173.00,85.298
1614,1,1614,313.809629394832,-2802.960023463144,2019-07-15T12:26:52Z,46.23278333,12.79523333,1173.00,85.284
1615,1,1615,314.809629394832,-2801.960023463144,2019-07-15T12:26:53Z,46.23273333,12.79508333,1172.00,85.271
1616,1,1616,315.809629394832,-2800.960023463144,2019-07-15T12:26:54Z,46.23268333,12.79490000,1172.00,85.257
1617,1,1617,316.809629394832,-2799.960023463144,2019-07-15T12:26:55Z,46.23265000,12.79471667,1173.00,85.244
1618,1,1618,317.809629394832,-2798.960023463144,2019-07-15T12:26:56Z,46.23261667,12.79451667,1173.00,85.229
1619,1,1619,318.809629394832,-2797.960023463144,2019-07-15T12:26:57Z,46.23258333,12.79430000,1171.00,85.214
1620,1,1620,319.809629394832,-2796.960023463144,2019-07-15T12:26:58Z,46.23256667,12.79405000,1169.00,85.198
1621,1,1621,320.809629394832,-2795.960023463144,2019-07-15T12:26:59Z,46.23255000,12.79380000,1167.00,85.183
1622,1,1622,321.809629394832,-2794.960023463144,2019-07-15T12:27:00Z,46.23253333,12.79356667,1167.00,85.168
1623,1,1623,322.809629394832,-2793.960023463144,2019-07-15T12:27:01Z,46.23248333,12.79336667,1168.00,85.152
1624,1,1624,323.809629394832,-2792.960023463144,2019-07-15T12:27:02Z,46.23243333,12.79318333,1169.00,85.138
1625,1,1625,324.809629394832,-2791.960023463144,2019-07-15T12:27:03Z,46.23238333,12.79305000,1169.00,85.127
1626,1,1626,325.809629394832,-2790.960023463144,2019-07-15T12:27:04Z,46.23230000,12.79295000,1168.00,85.115
1627,1,1627,326.809629394832,-2789.960023463144,2019-07-15T12:27:05Z,46.23220000,12.79290000,1168.00,85.105
1628,1,1628,327.809629394832,-2788.960023463144,2019-07-15T12:27:06Z,46.23210000,12.79290000,1166.00,85.097
1629,1,1629,328.809629394832,-2787.960023463144,2019-07-15T12:27:07Z,46.23201667,12.79291667,1163.00,85.092
1630,1,1630,329.809629394832,-2786.960023463144,2019-07-15T12:27:08Z,46.23193333,12.79298333,1162.00,85.09
1631,1,1631,330.809629394832,-2785.960023463144,2019-07-15T12:27:09Z,46.23185000,12.79306667,1161.00,85.089
1632,1,1632,331.809629394832,-2784.960023463144,2019-07-15T12:27:10Z,46.23180000,12.79318333,1160.00,85.093
1633,1,1633,332.809629394832,-2783.960023463144,2019-07-15T12:27:11Z,46.23175000,12.79328333,1161.00,85.095
1634,1,1634,333.809629394832,-2782.960023463144,2019-07-15T12:27:12Z,46.23170000,12.79340000,1161.00,85.098
1635,1,1635,334.809629394832,-2781.960023463144,2019-07-15T12:27:13Z,46.23166667,12.79351667,1162.00,85.103
1636,1,1636,335.809629394832,-2780.960023463144,2019-07-15T12:27:14Z,46.23163333,12.79363333,1161.00,85.107
1637,1,1637,336.809629394832,-2779.960023463144,2019-07-15T12:27:15Z,46.23160000,12.79375000,1161.00,85.112
1638,1,1638,337.809629394832,-2778.960023463144,2019-07-15T12:27:16Z,46.23156667,12.79388333,1161.00,85.117
1639,1,1639,338.809629394832,-2777.960023463144,2019-07-15T12:27:17Z,46.23155000,12.79401667,1161.00,85.124
1640,1,1640,339.809629394832,-2776.960023463144,2019-07-15T12:27:18Z,46.23153333,12.79415000,1162.00,85.13
1641,1,1641,340.809629394832,-2775.960023463144,2019-07-15T12:27:19Z,46.23151667,12.79428333,1162.00,85.137
1642,1,1642,341.809629394832,-2774.960023463144,2019-07-15T12:27:20Z,46.23151667,12.79443333,1163.00,85.146
1643,1,1643,342.809629394832,-2773.960023463144,2019-07-15T12:27:21Z,46.23150000,12.79458333,1163.00,85.153
1644,1,1644,343.809629394832,-2772.960023463144,2019-07-15T12:27:22Z,46.23151667,12.79473333,1163.00,85.163
1645,1,1645,344.809629394832,-2771.960023463144,2019-07-15T12:27:23Z,46.23153333,12.79490000,1164.00,85.175
1646,1,1646,345.809629394832,-2770.960023463144,2019-07-15T12:27:24Z,46.23158333,12.79505000,1164.00,85.187
1647,1,1647,346.809629394832,-2769.960023463144,2019-07-15T12:27:25Z,46.23165000,12.79520000,1166.00,85.201
1648,1,1648,347.809629394832,-2768.960023463144,2019-07-15T12:27:26Z,46.23173333,12.79533333,1167.00,85.214
1649,1,1649,348.809629394832,-2767.960023463144,2019-07-15T12:27:27Z,46.23183333,12.79545000,1168.00,85.228
1650,1,1650,349.809629394832,-2766.960023463144,2019-07-15T12:27:28Z,46.23195000,12.79555000,1170.00,85.243
1651,1,1651,350.809629394832,-2765.960023463144,2019-07-15T12:27:29Z,46.23208333,12.79561667,1171.00,85.256
1652,1,1652,351.809629394832,-2764.960023463144,2019-07-15T12:27:30Z,46.23223333,12.79565000,1172.00,85.269
1653,1,1653,352.809629394832,-2763.960023463144,2019-07-15T12:27:31Z,46.23238333,12.79563333,1173.00,85.278
1654,1,1654,353.809629394832,-2762.960023463144,2019-07-15T12:27:32Z,46.23253333,12.79555000,1173.00,85.284
1655,1,1655,354.809629394832,-2761.960023463144,2019-07-15T12:27:33Z,46.23268333,12.79543333,1173.00,85.288
1656,1,1656,355.809629394832,-2760.960023463144,2019-07-15T12:27:34Z,46.23280000,12.79528333,1173.00,85.288
1657,1,1657,356.809629394832,-2759.960023463144,2019-07-15T12:27:35Z,46.23290000,12.79513333,1173.00,85.286
1658,1,1658,357.809629394832,-2758.960023463144,2019-07-15T12:27:36Z,46.23298333,12.79495000,1173.00,85.281
1659,1,1659,358.809629394832,-2757.960023463144,2019-07-15T12:27:37Z,46.23305000,12.79475000,1173.00,85.274
1660,1,1660,359.809629394832,-2756.960023463144,2019-07-15T12:27:38Z,46.23310000,12.79456667,1174.00,85.267
1661,1,1661,360.809629394832,-2755.960023463144,2019-07-15T12:27:39Z,46.23313333,12.79436667,1173.00,85.258
1662,1,1662,361.809629394832,-2754.960023463144,2019-07-15T12:27:40Z,46.23315000,12.79418333,1173.00,85.248
1663,1,1663,362.809629394832,-2753.960023463144,2019-07-15T12:27:41Z,46.23313333,12.79400000,1172.00,85.236
1664,1,1664,363.809629394832,-2752.960023463144,2019-07-15T12:27:42Z,46.23310000,12.79381667,1173.00,85.223
1665,1,1665,364.809629394832,-2751.960023463144,2019-07-15T12:27:43Z,46.23305000,12.79366667,1172.00,85.211
1666,1,1666,365.809629394832,-2750.960023463144,2019-07-15T12:27:44Z,46.23298333,12.79353333,1171.00,85.198
1667,1,1667,366.809629394832,-2749.960023463144,2019-07-15T12:27:45Z,46.23291667,12.79338333,1170.00,85.184
1668,1,1668,367.809629394832,-2748.960023463144,2019-07-15T12:27:46Z,46.23285000,12.79325000,1170.00,85.172
1669,1,1669,368.809629394832,-2747.960023463144,2019-07-15T12:27:47Z,46.23278333,12.79310000,1170.00,85.158
1670,1,1670,369.809629394832,-2746.960023463144,2019-07-15T12:27:48Z,46.23273333,12.79295000,1168.00,85.146
1671,1,1671,370.809629394832,-2745.960023463144,2019-07-15T12:27:49Z,46.23268333,12.79280000,1170.00,85.133
1672,1,1672,371.809629394832,-2744.960023463144,2019-07-15T12:27:50Z,46.23263333,12.79263333,1169.00,85.12
1673,1,1673,372.809629394832,-2743.960023463144,2019-07-15T12:27:51Z,46.23260000,12.79246667,1169.00,85.108
1674,1,1674,373.809629394832,-2742.960023463144,2019-07-15T12:27:52Z,46.23255000,12.79230000,1171.00,85.095
1675,1,1675,374.809629394832,-2741.960023463144,2019-07-15T12:27:53Z,46.23251667,12.79211667,1170.00,85.081
1676,1,1676,375.809629394832,-2740.960023463144,2019-07-15T12:27:54Z,46.23246667,12.79195000,1168.00,85.068
1677,1,1677,376.809629394832,-2739.960023463144,2019-07-15T12:27:55Z,46.23243333,12.79176667,1166.00,85.055
1678,1,1678,377.809629394832,-2738.960023463144,2019-07-15T12:27:56Z,46.23238333,12.79158333,1165.00,85.041
1679,1,1679,378.809629394832,-2737.960023463144,2019-07-15T12:27:57Z,46.23236667,12.79140000,1164.00,85.029
1680,1,1680,379.809629394832,-2736.960023463144,2019-07-15T12:27:58Z,46.23235000,12.79120000,1162.00,85.016
1681,1,1681,380.809629394832,-2735.960023463144,2019-07-15T12:27:59Z,46.23233333,12.79098333,1160.00,85.002
1682,1,1682,381.809629394832,-2734.960023463144,2019-07-15T12:28:00Z,46.23233333,12.79078333,1158.00,84.99
1683,1,1683,382.809629394832,-2733.960023463144,2019-07-15T12:28:01Z,46.23235000,12.79056667,1157.00,84.979
1684,1,1684,383.809629394832,-2732.960023463144,2019-07-15T12:28:02Z,46.23235000,12.79035000,1154.00,84.966
1685,1,1685,384.809629394832,-2731.960023463144,2019-07-15T12:28:03Z,46.23235000,12.79015000,1153.00,84.954
1686,1,1686,385.809629394832,-2730.960023463144,2019-07-15T12:28:04Z,46.23235000,12.78995000,1151.00,84.943
1687,1,1687,386.809629394832,-2729.960023463144,2019-07-15T12:28:05Z,46.23236667,12.78973333,1149.00,84.931
1688,1,1688,387.809629394832,-2728.960023463144,2019-07-15T12:28:06Z,46.23238333,12.78951667,1147.00,84.92
1689,1,1689,388.809629394832,-2727.960023463144,2019-07-15T12:28:07Z,46.23241667,12.78930000,1146.00,84.909
1690,1,1690,389.809629394832,-2726.960023463144,2019-07-15T12:28:08Z,46.23245000,12.78910000,1145.00,84.9
1691,1,1691,390.809629394832,-2725.960023463144,2019-07-15T12:28:09Z,46.23248333,12.78888333,1145.00,84.89
1692,1,1692,391.809629394832,-2724.960023463144,2019-07-15T12:28:10Z,46.23251667,12.78866667,1142.00,84.88
1693,1,1693,392.809629394832,-2723.960023463144,2019-07-15T12:28:11Z,46.23253333,12.78843333,1144.00,84.867
1694,1,1694,393.809629394832,-2722.960023463144,2019-07-15T12:28:12Z,46.23256667,12.78820000,1140.00,84.856
1695,1,1695,394.809629394832,-2721.960023463144,2019-07-15T12:28:13Z,46.23258333,12.78796667,1145.00,84.844
1696,1,1696,395.809629394832,-2720.960023463144,2019-07-15T12:28:14Z,46.23261667,12.78775000,1147.00,84.834
1697,1,1697,396.809629394832,-2719.960023463144,2019-07-15T12:28:15Z,46.23265000,12.78755000,1148.00,84.824
1698,1,1698,397.809629394832,-2718.960023463144,2019-07-15T12:28:16Z,46.23266667,12.78735000,1152.00,84.814
1699,1,1699,398.809629394832,-2717.960023463144,2019-07-15T12:28:17Z,46.23266667,12.78716667,1155.00,84.803
1700,1,1700,399.809629394832,-2716.960023463144,2019-07-15T12:28:18Z,46.23265000,12.78700000,1158.00,84.792
1701,1,1701,400.809629394832,-2715.960023463144,2019-07-15T12:28:19Z,46.23260000,12.78686667,1161.00,84.781
1702,1,1702,401.809629394832,-2714.960023463144,2019-07-15T12:28:20Z,46.23251667,12.78678333,1162.00,84.77
1703,1,1703,402.809629394832,-2713.960023463144,2019-07-15T12:28:21Z,46.23241667,12.78673333,1162.00,84.76
1704,1,1704,403.809629394832,-2712.960023463144,2019-07-15T12:28:22Z,46.23230000,12.78676667,1163.00,84.753
1705,1,1705,404.809629394832,-2711.960023463144,2019-07-15T12:28:23Z,46.23218333,12.78683333,1163.00,84.749
1706,1,1706,405.809629394832,-2710.960023463144,2019-07-15T12:28:24Z,46.23208333,12.78693333,1165.00,84.747
1707,1,1707,406.809629394832,-2709.960023463144,2019-07-15T12:28:25Z,46.23201667,12.78705000,1171.00,84.749
1708,1,1708,407.809629394832,-2708.960023463144,2019-07-15T12:28:26Z,46.23198333,12.78718333,1178.00,84.755
1709,1,1709,408.809629394832,-2707.960023463144,2019-07-15T12:28:27Z,46.23200000,12.78733333,1180.00,84.765
1710,1,1710,409.809629394832,-2706.960023463144,2019-07-15T12:28:28Z,46.23206667,12.78746667,1182.00,84.777
1711,1,1711,410.809629394832,-2705.960023463144,2019-07-15T12:28:29Z,46.23216667,12.78758333,1183.00,84.791
1712,1,1712,411.809629394832,-2704.960023463144,2019-07-15T12:28:30Z,46.23228333,12.78768333,1183.00,84.806
1713,1,1713,412.809629394832,-2703.960023463144,2019-07-15T12:28:31Z,46.23245000,12.78775000,1182.00,84.822
1714,1,1714,413.809629394832,-2702.960023463144,2019-07-15T12:28:32Z,46.23261667,12.78778333,1182.00,84.836
1715,1,1715,414.809629394832,-2701.960023463144,2019-07-15T12:28:33Z,46.23278333,12.78780000,1182.00,84.849
1716,1,1716,415.809629394832,-2700.960023463144,2019-07-15T12:28:34Z,46.23295000,12.78778333,1183.00,84.86
1717,1,1717,416.809629394832,-2699.960023463144,2019-07-15T12:28:35Z,46.23311667,12.78776667,1184.00,84.871
1718,1,1718,417.809629394832,-2698.960023463144,2019-07-15T12:28:36Z,46.23328333,12.78775000,1186.00,84.882
1719,1,1719,418.809629394832,-2697.960023463144,2019-07-15T12:28:37Z,46.23345000,12.78771667,1189.00,84.892
1720,1,1720,419.809629394832,-2696.960023463144,2019-07-15T12:28:38Z,46.23360000,12.78766667,1191.00,84.9
1721,1,1721,420.809629394832,-2695.960023463144,2019-07-15T12:28:39Z,46.23373333,12.78756667,1194.00,84.904
1722,1,1722,421.809629394832,-2694.960023463144,2019-07-15T12:28:40Z,46.23385000,12.78743333,1197.00,84.905
1723,1,1723,422.809629394832,-2693.960023463144,2019-07-15T12:28:41Z,46.23391667,12.78725000,1198.00,84.899
1724,1,1724,423.809629394832,-2692.960023463144,2019-07-15T12:28:42Z,46.23395000,12.78706667,1200.00,84.891
1725,1,1725,424.809629394832,-2691.960023463144,2019-07-15T12:28:43Z,46.23393333,12.78688333,1201.00,84.879
1726,1,1726,425.809629394832,-2690.960023463144,2019-07-15T12:28:44Z,46.23386667,12.78671667,1201.00,84.865
1727,1,1727,426.809629394832,-2689.960023463144,2019-07-15T12:28:45Z,46.23376667,12.78660000,1203.00,84.851
1728,1,1728,427.809629394832,-2688.960023463144,2019-07-15T12:28:46Z,46.23366667,12.78651667,1203.00,84.839
1729,1,1729,428.809629394832,-2687.960023463144,2019-07-15T12:28:47Z,46.23356667,12.78646667,1205.00,84.828
1730,1,1730,429.809629394832,-2686.960023463144,2019-07-15T12:28:48Z,46.23346667,12.78646667,1207.00,84.821
1731,1,1731,430.809629394832,-2685.960023463144,2019-07-15T12:28:49Z,46.23335000,12.78650000,1209.00,84.814
1732,1,1732,431.809629394832,-2684.960023463144,2019-07-15T12:28:50Z,46.23326667,12.78658333,1211.00,84.813
1733,1,1733,432.809629394832,-2683.960023463144,2019-07-15T12:28:51Z,46.23320000,12.78670000,1213.00,84.815
1734,1,1734,433.809629394832,-2682.960023463144,2019-07-15T12:28:52Z,46.23318333,12.78683333,1217.00,84.822
1735,1,1735,434.809629394832,-2681.960023463144,2019-07-15T12:28:53Z,46.23318333,12.78698333,1219.00,84.83
1736,1,1736,435.809629394832,-2680.960023463144,2019-07-15T12:28:54Z,46.23321667,12.78713333,1222.00,84.841
1737,1,1737,436.809629394832,-2679.960023463144,2019-07-15T12:28:55Z,46.23328333,12.78726667,1223.00,84.854
1738,1,1738,437.809629394832,-2678.960023463144,2019-07-15T12:28:56Z,46.23338333,12.78740000,1224.00,84.869
1739,1,1739,438.809629394832,-2677.960023463144,2019-07-15T12:28:57Z,46.23351667,12.78750000,1224.00,84.885
1740,1,1740,439.809629394832,-2676.960023463144,2019-07-15T12:28:58Z,46.23366667,12.78756667,1225.00,84.899
1741,1,1741,440.809629394832,-2675.960023463144,2019-07-15T12:28:59Z,46.23381667,12.78760000,1225.00,84.912
1742,1,1742,441.809629394832,-2674.960023463144,2019-07-15T12:29:00Z,46.23398333,12.78760000,1225.00,84.925
1743,1,1743,442.809629394832,-2673.960023463144,2019-07-15T12:29:01Z,46.23415000,12.78756667,1226.00,84.935
1744,1,1744,443.809629394832,-2672.960023463144,2019-07-15T12:29:02Z,46.23430000,12.78750000,1227.00,84.942
1745,1,1745,444.809629394832,-2671.960023463144,2019-07-15T12:29:03Z,46.23445000,12.78738333,1228.00,84.946
1746,1,1746,445.809629394832,-2670.960023463144,2019-07-15T12:29:04Z,46.23455000,12.78725000,1231.00,84.946
1747,1,1747,446.809629394832,-2669.960023463144,2019-07-15T12:29:05Z,46.23465000,12.78710000,1233.00,84.944
1748,1,1748,447.809629394832,-2668.960023463144,2019-07-15T12:29:06Z,46.23470000,12.78691667,1234.00,84.937
1749,1,1749,448.809629394832,-2667.960023463144,2019-07-15T12:29:07Z,46.23471667,12.78673333,1236.00,84.928
1750,1,1750,449.809629394832,-2666.960023463144,2019-07-15T12:29:08Z,46.23470000,12.78655000,1237.00,84.916
1751,1,1751,450.809629394832,-2665.960023463144,2019-07-15T12:29:09Z,46.23463333,12.78640000,1238.00,84.903
1752,1,1752,451.809629394832,-2664.960023463144,2019-07-15T12:29:10Z,46.23455000,12.78628333,1240.00,84.89
1753,1,1753,452.809629394832,-2663.960023463144,2019-07-15T12:29:11Z,46.23445000,12.78621667,1241.00,84.879
1754,1,1754,453.809629394832,-2662.960023463144,2019-07-15T12:29:12Z,46.23436667,12.78618333,1243.00,84.871
1755,1,1755,454.809629394832,-2661.960023463144,2019-07-15T12:29:13Z,46.23426667,12.78620000,1245.00,84.864
1756,1,1756,455.809629394832,-2660.960023463144,2019-07-15T12:29:14Z,46.23416667,12.78625000,1246.00,84.86
1757,1,1757,456.809629394832,-2659.960023463144,2019-07-15T12:29:15Z,46.23408333,12.78635000,1247.00,84.859
1758,1,1758,457.809629394832,-2658.960023463144,2019-07-15T12:29:16Z,46.23401667,12.78648333,1250.00,84.862
1759,1,1759,458.809629394832,-2657.960023463144,2019-07-15T12:29:17Z,46.23398333,12.78661667,1252.00,84.868
1760,1,1760,459.809629394832,-2656.960023463144,2019-07-15T12:29:18Z,46.23398333,12.78676667,1254.00,84.876
1761,1,1761,460.809629394832,-2655.960023463144,2019-07-15T12:29:19Z,46.23400000,12.78691667,1256.00,84.886
1762,1,1762,461.809629394832,-2654.960023463144,2019-07-15T12:29:20Z,46.23406667,12.78706667,1256.00,84.9
1763,1,1763,462.809629394832,-2653.960023463144,2019-07-15T12:29:21Z,46.23415000,12.78721667,1258.00,84.914
1764,1,1764,463.809629394832,-2652.960023463144,2019-07-15T12:29:22Z,46.23426667,12.78733333,1257.00,84.93
1765,1,1765,464.809629394832,-2651.960023463144,2019-07-15T12:29:23Z,46.23441667,12.78741667,1256.00,84.946
1766,1,1766,465.809629394832,-2650.960023463144,2019-07-15T12:29:24Z,46.23458333,12.78746667,1256.00,84.961
1767,1,1767,466.809629394832,-2649.960023463144,2019-07-15T12:29:25Z,46.23475000,12.78748333,1255.00,84.974
1768,1,1768,467.809629394832,-2648.960023463144,2019-07-15T12:29:26Z,46.23491667,12.78745000,1256.00,84.984
1769,1,1769,468.809629394832,-2647.960023463144,2019-07-15T12:29:27Z,46.23508333,12.78738333,1256.00,84.992
1770,1,1770,469.809629394832,-2646.960023463144,2019-07-15T12:29:28Z,46.23525000,12.78730000,1256.00,85.0
1771,1,1771,470.809629394832,-2645.960023463144,2019-07-15T12:29:29Z,46.23541667,12.78720000,1257.00,85.006
1772,1,1772,471.809629394832,-2644.960023463144,2019-07-15T12:29:30Z,46.23556667,12.78708333,1257.00,85.011
1773,1,1773,472.809629394832,-2643.960023463144,2019-07-15T12:29:31Z,46.23571667,12.78693333,1258.00,85.013
1774,1,1774,473.809629394832,-2642.960023463144,2019-07-15T12:29:32Z,46.23586667,12.78680000,1260.00,85.016
1775,1,1775,474.809629394832,-2641.960023463144,2019-07-15T12:29:33Z,46.23598333,12.78665000,1263.00,85.016
1776,1,1776,475.809629394832,-2640.960023463144,2019-07-15T12:29:34Z,46.23606667,12.78648333,1265.00,85.013
1777,1,1777,476.809629394832,-2639.960023463144,2019-07-15T12:29:35Z,46.23613333,12.78631667,1268.00,85.008
1778,1,1778,477.809629394832,-2638.960023463144,2019-07-15T12:29:36Z,46.23616667,12.78613333,1269.00,85.0
1779,1,1779,478.809629394832,-2637.960023463144,2019-07-15T12:29:37Z,46.23616667,12.78595000,1270.00,84.989
1780,1,1780,479.809629394832,-2636.960023463144,2019-07-15T12:29:38Z,46.23611667,12.78576667,1269.00,84.975
1781,1,1781,480.809629394832,-2635.960023463144,2019-07-15T12:29:39Z,46.23605000,12.78561667,1267.00,84.962
1782,1,1782,481.809629394832,-2634.960023463144,2019-07-15T12:29:40Z,46.23596667,12.78546667,1265.00,84.947
1783,1,1783,482.809629394832,-2633.960023463144,2019-07-15T12:29:41Z,46.23588333,12.78533333,1263.00,84.933
1784,1,1784,483.809629394832,-2632.960023463144,2019-07-15T12:29:42Z,46.23580000,12.78518333,1261.00,84.918
1785,1,1785,484.809629394832,-2631.960023463144,2019-07-15T12:29:43Z,46.23573333,12.78501667,1260.00,84.904
1786,1,1786,485.809629394832,-2630.960023463144,2019-07-15T12:29:44Z,46.23566667,12.78485000,1258.00,84.889
1787,1,1787,486.809629394832,-2629.960023463144,2019-07-15T12:29:45Z,46.23561667,12.78466667,1256.00,84.875
1788,1,1788,487.809629394832,-2628.960023463144,2019-07-15T12:29:46Z,46.23558333,12.78446667,1254.00,84.861
1789,1,1789,488.809629394832,-2627.960023463144,2019-07-15T12:29:47Z,46.23555000,12.78428333,1252.00,84.848
1790,1,1790,489.809629394832,-2626.960023463144,2019-07-15T12:29:48Z,46.23551667,12.78408333,1251.00,84.834
1791,1,1791,490.809629394832,-2625.960023463144,2019-07-15T12:29:49Z,46.23548333,12.78388333,1250.00,84.82
1792,1,1792,491.809629394832,-2624.960023463144,2019-07-15T12:29:50Z,46.23543333,12.78370000,1249.00,84.806
1793,1,1793,492.809629394832,-2623.960023463144,2019-07-15T12:29:51Z,46.23540000,12.78351667,1248.00,84.793
1794,1,1794,493.809629394832,-2622.960023463144,2019-07-15T12:29:52Z,46.23535000,12.78333333,1246.00,84.779
1795,1,1795,494.809629394832,-2621.960023463144,2019-07-15T12:29:53Z,46.23530000,12.78315000,1245.00,84.765
1796,1,1796,495.809629394832,-2620.960023463144,2019-07-15T12:29:54Z,46.23523333,12.78296667,1243.00,84.749
1797,1,1797,496.809629394832,-2619.960023463144,2019-07-15T12:29:55Z,46.23518333,12.78275000,1240.00,84.733
1798,1,1798,497.809629394832,-2618.960023463144,2019-07-15T12:29:56Z,46.23513333,12.78253333,1237.00,84.717
1799,1,1799,498.809629394832,-2617.960023463144,2019-07-15T12:29:57Z,46.23508333,12.78231667,1235.00,84.701
1800,1,1800,499.809629394832,-2616.960023463144,2019-07-15T12:29:58Z,46.23503333,12.78210000,1234.00,84.685
1801,1,1801,500.809629394832,-2615.960023463144,2019-07-15T12:29:59Z,46.23498333,12.78190000,1235.00,84.669
1802,1,1802,501.809629394832,-2614.960023463144,2019-07-15T12:30:00Z,46.23491667,12.78173333,1237.00,84.655
1803,1,1803,502.809629394832,-2613.960023463144,2019-07-15T12:30:01Z,46.23483333,12.78163333,1239.00,84.643
1804,1,1804,503.809629394832,-2612.960023463144,2019-07-15T12:30:02Z,46.23475000,12.78155000,1241.00,84.632
1805,1,1805,504.809629394832,-2611.960023463144,2019-07-15T12:30:03Z,46.23468333,12.78153333,1244.00,84.626
1806,1,1806,505.809629394832,-2610.960023463144,2019-07-15T12:30:04Z,46.23460000,12.78155000,1245.00,84.621
1807,1,1807,506.809629394832,-2609.960023463144,2019-07-15T12:30:05Z,46.23455000,12.78161667,1246.00,84.621
1808,1,1808,507.809629394832,-2608.960023463144,2019-07-15T12:30:06Z,46.23451667,12.78173333,1247.00,84.625
1809,1,1809,508.809629394832,-2607.960023463144,2019-07-15T12:30:07Z,46.23450000,12.78185000,1248.00,84.631
1810,1,1810,509.809629394832,-2606.960023463144,2019-07-15T12:30:08Z,46.23451667,12.78198333,1249.00,84.64
1811,1,1811,510.809629394832,-2605.960023463144,2019-07-15T12:30:09Z,46.23456667,12.78211667,1250.00,84.651
1812,1,1812,511.809629394832,-2604.960023463144,2019-07-15T12:30:10Z,46.23461667,12.78223333,1250.00,84.661
1813,1,1813,512.809629394832,-2603.960023463144,2019-07-15T12:30:11Z,46.23471667,12.78235000,1248.00,84.675
1814,1,1814,513.809629394832,-2602.960023463144,2019-07-15T12:30:12Z,46.23483333,12.78245000,1247.00,84.69
1815,1,1815,514.809629394832,-2601.960023463144,2019-07-15T12:30:13Z,46.23498333,12.78250000,1246.00,84.704
1816,1,1816,515.809629394832,-2600.960023463144,2019-07-15T12:30:14Z,46.23515000,12.78251667,1245.00,84.717
1817,1,1817,516.809629394832,-2599.960023463144,2019-07-15T12:30:15Z,46.23531667,12.78246667,1244.00,84.727
1818,1,1818,517.809629394832,-2598.960023463144,2019-07-15T12:30:16Z,46.23546667,12.78235000,1244.00,84.731
1819,1,1819,518.809629394832,-2597.960023463144,2019-07-15T12:30:17Z,46.23560000,12.78218333,1243.00,84.731
1820,1,1820,519.809629394832,-2596.960023463144,2019-07-15T12:30:18Z,46.23571667,12.78196667,1242.00,84.728
1821,1,1821,520.809629394832,-2595.960023463144,2019-07-15T12:30:19Z,46.23580000,12.78173333,1241.00,84.72
1822,1,1822,521.809629394832,-2594.960023463144,2019-07-15T12:30:20Z,46.23585000,12.78148333,1240.00,84.71
1823,1,1823,522.809629394832,-2593.960023463144,2019-07-15T12:30:21Z,46.23590000,12.78125000,1239.00,84.7
1824,1,1824,523.809629394832,-2592.960023463144,2019-07-15T12:30:22Z,46.23596667,12.78100000,1239.00,84.691
1825,1,1825,524.809629394832,-2591.960023463144,2019-07-15T12:30:23Z,46.23603333,12.78075000,1239.00,84.682
1826,1,1826,525.809629394832,-2590.960023463144,2019-07-15T12:30:24Z,46.23611667,12.78051667,1239.00,84.674
1827,1,1827,526.809629394832,-2589.960023463144,2019-07-15T12:30:25Z,46.23620000,12.78028333,1240.00,84.667
1828,1,1828,527.809629394832,-2588.960023463144,2019-07-15T12:30:26Z,46.23628333,12.78003333,1240.00,84.659
1829,1,1829,528.809629394832,-2587.960023463144,2019-07-15T12:30:27Z,46.23636667,12.77978333,1241.00,84.651
1830,1,1830,529.809629394832,-2586.960023463144,2019-07-15T12:30:28Z,46.23645000,12.77955000,1241.00,84.644
1831,1,1831,530.809629394832,-2585.960023463144,2019-07-15T12:30:29Z,46.23651667,12.77931667,1241.00,84.636
1832,1,1832,531.809629394832,-2584.960023463144,2019-07-15T12:30:30Z,46.23656667,12.77908333,1241.00,84.626
1833,1,1833,532.809629394832,-2583.960023463144,2019-07-15T12:30:31Z,46.23660000,12.77886667,1241.00,84.617
1834,1,1834,533.809629394832,-2582.960023463144,2019-07-15T12:30:32Z,46.23663333,12.77863333,1239.00,84.606
1835,1,1835,534.809629394832,-2581.960023463144,2019-07-15T12:30:33Z,46.23663333,12.77840000,1236.00,84.593
1836,1,1836,535.809629394832,-2580.960023463144,2019-07-15T12:30:34Z,46.23663333,12.77818333,1233.00,84.58
1837,1,1837,536.809629394832,-2579.960023463144,2019-07-15T12:30:35Z,46.23661667,12.77795000,1230.00,84.566
1838,1,1838,537.809629394832,-2578.960023463144,2019-07-15T12:30:36Z,46.23658333,12.77773333,1226.00,84.551
1839,1,1839,538.809629394832,-2577.960023463144,2019-07-15T12:30:37Z,46.23656667,12.77751667,1222.00,84.537
1840,1,1840,539.809629394832,-2576.960023463144,2019-07-15T12:30:38Z,46.23653333,12.77731667,1223.00,84.524
1841,1,1841,540.809629394832,-2575.960023463144,2019-07-15T12:30:39Z,46.23650000,12.77711667,1220.00,84.51
1842,1,1842,541.809629394832,-2574.960023463144,2019-07-15T12:30:40Z,46.23646667,12.77691667,1223.00,84.496
1843,1,1843,542.809629394832,-2573.960023463144,2019-07-15T12:30:41Z,46.23641667,12.77673333,1214.00,84.482
1844,1,1844,543.809629394832,-2572.960023463144,2019-07-15T12:30:42Z,46.23636667,12.77655000,1216.00,84.468
1845,1,1845,544.809629394832,-2571.960023463144,2019-07-15T12:30:43Z,46.23631667,12.77636667,1213.00,84.453
1846,1,1846,545.809629394832,-2570.960023463144,2019-07-15T12:30:44Z,46.23625000,12.77618333,1208.00,84.438
1847,1,1847,546.809629394832,-2569.960023463144,2019-07-15T12:30:45Z,46.23620000,12.77601667,1205.00,84.425
1848,1,1848,547.809629394832,-2568.960023463144,2019-07-15T12:30:46Z,46.23613333,12.77585000,1202.00,84.41
1849,1,1849,548.809629394832,-2567.960023463144,2019-07-15T12:30:47Z,46.23608333,12.77566667,1199.00,84.396
1850,1,1850,549.809629394832,-2566.960023463144,2019-07-15T12:30:48Z,46.23603333,12.77548333,1196.00,84.382
1851,1,1851,550.809629394832,-2565.960023463144,2019-07-15T12:30:49Z,46.23598333,12.77530000,1191.00,84.368
1852,1,1852,551.809629394832,-2564.960023463144,2019-07-15T12:30:50Z,46.23593333,12.77510000,1187.00,84.353
1853,1,1853,552.809629394832,-2563.960023463144,2019-07-15T12:30:51Z,46.23588333,12.77490000,1184.00,84.338
1854,1,1854,553.809629394832,-2562.960023463144,2019-07-15T12:30:52Z,46.23585000,12.77470000,1181.00,84.324
1855,1,1855,554.809629394832,-2561.960023463144,2019-07-15T12:30:53Z,46.23580000,12.77450000,1180.00,84.309
1856,1,1856,555.809629394832,-2560.960023463144,2019-07-15T12:30:54Z,46.23575000,12.77431667,1178.00,84.295
1857,1,1857,556.809629394832,-2559.960023463144,2019-07-15T12:30:55Z,46.23570000,12.77413333,1177.00,84.281
1858,1,1858,557.809629394832,-2558.960023463144,2019-07-15T12:30:56Z,46.23565000,12.77395000,1172.00,84.266
1859,1,1859,558.809629394832,-2557.960023463144,2019-07-15T12:30:57Z,46.23560000,12.77376667,1170.00,84.252
1860,1,1860,559.809629394832,-2556.960023463144,2019-07-15T12:30:58Z,46.23555000,12.77358333,1170.00,84.238
1861,1,1861,560.809629394832,-2555.960023463144,2019-07-15T12:30:59Z,46.23550000,12.77338333,1166.00,84.223
1862,1,1862,561.809629394832,-2554.960023463144,2019-07-15T12:31:00Z,46.23543333,12.77318333,1164.00,84.207
1863,1,1863,562.809629394832,-2553.960023463144,2019-07-15T12:31:01Z,46.23538333,12.77298333,1162.00,84.192
1864,1,1864,563.809629394832,-2552.960023463144,2019-07-15T12:31:02Z,46.23533333,12.77278333,1160.00,84.177
1865,1,1865,564.809629394832,-2551.960023463144,2019-07-15T12:31:03Z,46.23530000,12.77260000,1158.00,84.164
1866,1,1866,565.809629394832,-2550.960023463144,2019-07-15T12:31:04Z,46.23525000,12.77241667,1156.00,84.15
1867,1,1867,566.809629394832,-2549.960023463144,2019-07-15T12:31:05Z,46.23521667,12.77223333,1155.00,84.137
1868,1,1868,567.809629394832,-2548.960023463144,2019-07-15T12:31:06Z,46.23518333,12.77203333,1152.00,84.123
1869,1,1869,568.809629394832,-2547.960023463144,2019-07-15T12:31:07Z,46.23515000,12.77181667,1149.00,84.108
1870,1,1870,569.809629394832,-2546.960023463144,2019-07-15T12:31:08Z,46.23511667,12.77160000,1146.00,84.094
1871,1,1871,570.809629394832,-2545.960023463144,2019-07-15T12:31:09Z,46.23508333,12.77138333,1144.00,84.079
1872,1,1872,571.809629394832,-2544.960023463144,2019-07-15T12:31:10Z,46.23505000,12.77116667,1143.00,84.064
1873,1,1873,572.809629394832,-2543.960023463144,2019-07-15T12:31:11Z,46.23501667,12.77096667,1140.00,84.05
1874,1,1874,573.809629394832,-2542.960023463144,2019-07-15T12:31:12Z,46.23496667,12.77075000,1138.00,84.034
1875,1,1875,574.809629394832,-2541.960023463144,2019-07-15T12:31:13Z,46.23490000,12.77055000,1136.00,84.018
1876,1,1876,575.809629394832,-2540.960023463144,2019-07-15T12:31:14Z,46.23483333,12.77035000,1134.00,84.002
1877,1,1877,576.809629394832,-2539.960023463144,2019-07-15T12:31:15Z,46.23476667,12.77016667,1130.00,83.986
1878,1,1878,577.809629394832,-2538.960023463144,2019-07-15T12:31:16Z,46.23470000,12.76996667,1127.00,83.97
1879,1,1879,578.809629394832,-2537.960023463144,2019-07-15T12:31:17Z,46.23461667,12.76978333,1124.00,83.953
1880,1,1880,579.809629394832,-2536.960023463144,2019-07-15T12:31:18Z,46.23455000,12.76960000,1122.00,83.938
1881,1,1881,580.809629394832,-2535.960023463144,2019-07-15T12:31:19Z,46.23448333,12.76941667,1119.00,83.923
1882,1,1882,581.809629394832,-2534.960023463144,2019-07-15T12:31:20Z,46.23441667,12.76923333,1117.00,83.907
1883,1,1883,582.809629394832,-2533.960023463144,2019-07-15T12:31:21Z,46.23435000,12.76905000,1116.00,83.892
1884,1,1884,583.809629394832,-2532.960023463144,2019-07-15T12:31:22Z,46.23430000,12.76886667,1113.00,83.878
1885,1,1885,584.809629394832,-2531.960023463144,2019-07-15T12:31:23Z,46.23423333,12.76868333,1111.00,83.862
1886,1,1886,585.809629394832,-2530.960023463144,2019-07-15T12:31:24Z,46.23418333,12.76850000,1109.00,83.848
1887,1,1887,586.809629394832,-2529.960023463144,2019-07-15T12:31:25Z,46.23413333,12.76831667,1106.00,83.834
1888,1,1888,587.809629394832,-2528.960023463144,2019-07-15T12:31:26Z,46.23408333,12.76811667,1104.00,83.819
1889,1,1889,588.809629394832,-2527.960023463144,2019-07-15T12:31:27Z,46.23403333,12.76793333,1101.00,83.805
1890,1,1890,589.809629394832,-2526.960023463144,2019-07-15T12:31:28Z,46.23396667,12.76775000,1097.00,83.79
1891,1,1891,590.809629394832,-2525.960023463144,2019-07-15T12:31:29Z,46.23391667,12.76755000,1094.00,83.775
1892,1,1892,591.809629394832,-2524.960023463144,2019-07-15T12:31:30Z,46.23386667,12.76735000,1093.00,83.76
1893,1,1893,592.809629394832,-2523.960023463144,2019-07-15T12:31:31Z,46.23381667,12.76715000,1089.00,83.745
1894,1,1894,593.809629394832,-2522.960023463144,2019-07-15T12:31:32Z,46.23375000,12.76693333,1087.00,83.727
1895,1,1895,594.809629394832,-2521.960023463144,2019-07-15T12:31:33Z,46.23370000,12.76671667,1083.00,83.711
1896,1,1896,595.809629394832,-2520.960023463144,2019-07-15T12:31:34Z,46.23363333,12.76650000,1081.00,83.694
1897,1,1897,596.809629394832,-2519.960023463144,2019-07-15T12:31:35Z,46.23358333,12.76630000,1079.00,83.679
1898,1,1898,597.809629394832,-2518.960023463144,2019-07-15T12:31:36Z,46.23351667,12.76610000,1077.00,83.663
1899,1,1899,598.809629394832,-2517.960023463144,2019-07-15T12:31:37Z,46.23346667,12.76590000,1076.00,83.648
1900,1,1900,599.809629394832,-2516.960023463144,2019-07-15T12:31:38Z,46.23341667,12.76571667,1075.00,83.634
1901,1,1901,600.809629394832,-2515.960023463144,2019-07-15T12:31:39Z,46.23335000,12.76553333,1073.00,83.618
1902,1,1902,601.809629394832,-2514.960023463144,2019-07-15T12:31:40Z,46.23330000,12.76535000,1069.00,83.604
1903,1,1903,602.809629394832,-2513.960023463144,2019-07-15T12:31:41Z,46.23325000,12.76516667,1067.00,83.59
1904,1,1904,603.809629394832,-2512.960023463144,2019-07-15T12:31:42Z,46.23318333,12.76496667,1065.00,83.574
1905,1,1905,604.809629394832,-2511.960023463144,2019-07-15T12:31:43Z,46.23311667,12.76476667,1061.00,83.558
1906,1,1906,605.809629394832,-2510.960023463144,2019-07-15T12:31:44Z,46.23303333,12.76458333,1059.00,83.541
1907,1,1907,606.809629394832,-2509.960023463144,2019-07-15T12:31:45Z,46.23296667,12.76440000,1056.00,83.526
1908,1,1908,607.809629394832,-2508.960023463144,2019-07-15T12:31:46Z,46.23288333,12.76421667,1055.00,83.509
1909,1,1909,608.809629394832,-2507.960023463144,2019-07-15T12:31:47Z,46.23278333,12.76406667,1053.00,83.493
1910,1,1910,609.809629394832,-2506.960023463144,2019-07-15T12:31:48Z,46.23268333,12.76391667,1051.00,83.477
1911,1,1911,610.809629394832,-2505.960023463144,2019-07-15T12:31:49Z,46.23258333,12.76378333,1049.00,83.462
1912,1,1912,611.809629394832,-2504.960023463144,2019-07-15T12:31:50Z,46.23246667,12.76366667,1047.00,83.447
1913,1,1913,612.809629394832,-2503.960023463144,2019-07-15T12:31:51Z,46.23236667,12.76356667,1046.00,83.433
1914,1,1914,613.809629394832,-2502.960023463144,2019-07-15T12:31:52Z,46.23225000,12.76345000,1045.00,83.418
1915,1,1915,614.809629394832,-2501.960023463144,2019-07-15T12:31:53Z,46.23215000,12.76335000,1043.00,83.405
1916,1,1916,615.809629394832,-2500.960023463144,2019-07-15T12:31:54Z,46.23203333,12.76325000,1039.00,83.39
1917,1,1917,616.809629394832,-2499.960023463144,2019-07-15T12:31:55Z,46.23193333,12.76313333,1037.00,83.376
1918,1,1918,617.809629394832,-2498.960023463144,2019-07-15T12:31:56Z,46.23181667,12.76301667,1034.00,83.361
1919,1,1919,618.809629394832,-2497.960023463144,2019-07-15T12:31:57Z,46.23171667,12.76288333,1031.00,83.346
1920,1,1920,619.809629394832,-2496.960023463144,2019-07-15T12:31:58Z,46.23161667,12.76275000,1029.00,83.33
1921,1,1921,620.809629394832,-2495.960023463144,2019-07-15T12:31:59Z,46.23151667,12.76260000,1027.00,83.314
1922,1,1922,621.809629394832,-2494.960023463144,2019-07-15T12:32:00Z,46.23141667,12.76245000,1025.00,83.298
1923,1,1923,622.809629394832,-2493.960023463144,2019-07-15T12:32:01Z,46.23131667,12.76231667,1023.00,83.283
1924,1,1924,623.809629394832,-2492.960023463144,2019-07-15T12:32:02Z,46.23121667,12.76216667,1021.00,83.267
1925,1,1925,624.809629394832,-2491.960023463144,2019-07-15T12:32:03Z,46.23113333,12.76203333,1019.00,83.253
1926,1,1926,625.809629394832,-2490.960023463144,2019-07-15T12:32:04Z,46.23103333,12.76191667,1018.00,83.239
1927,1,1927,626.809629394832,-2489.960023463144,2019-07-15T12:32:05Z,46.23093333,12.76180000,1016.00,83.225
1928,1,1928,627.809629394832,-2488.960023463144,2019-07-15T12:32:06Z,46.23083333,12.76170000,1016.00,83.212
1929,1,1929,628.809629394832,-2487.960023463144,2019-07-15T12:32:07Z,46.23071667,12.76163333,1016.00,83.199
1930,1,1930,629.809629394832,-2486.960023463144,2019-07-15T12:32:08Z,46.23061667,12.76158333,1015.00,83.189
1931,1,1931,630.809629394832,-2485.960023463144,2019-07-15T12:32:09Z,46.23051667,12.76155000,1015.00,83.179
1932,1,1932,631.809629394832,-2484.960023463144,2019-07-15T12:32:10Z,46.23041667,12.76153333,1014.00,83.171
1933,1,1933,632.809629394832,-2483.960023463144,2019-07-15T12:32:11Z,46.23031667,12.76153333,1011.00,83.163
1934,1,1934,633.809629394832,-2482.960023463144,2019-07-15T12:32:12Z,46.23020000,12.76153333,1009.00,83.154
1935,1,1935,634.809629394832,-2481.960023463144,2019-07-15T12:32:13Z,46.23008333,12.76156667,1005.00,83.147
1936,1,1936,635.809629394832,-2480.960023463144,2019-07-15T12:32:14Z,46.22996667,12.76158333,1003.00,83.139
1937,1,1937,636.809629394832,-2479.960023463144,2019-07-15T12:32:15Z,46.22985000,12.76161667,1002.00,83.132
1938,1,1938,637.809629394832,-2478.960023463144,2019-07-15T12:32:16Z,46.22975000,12.76163333,1000.00,83.126
1939,1,1939,638.809629394832,-2477.960023463144,2019-07-15T12:32:17Z,46.22965000,12.76163333,1000.00,83.118
1940,1,1940,639.809629394832,-2476.960023463144,2019-07-15T12:32:18Z,46.22953333,12.76163333,998.00,83.109
1941,1,1941,640.809629394832,-2475.960023463144,2019-07-15T12:32:19Z,46.22943333,12.76163333,992.00,83.102
1942,1,1942,641.809629394832,-2474.960023463144,2019-07-15T12:32:20Z,46.22931667,12.76160000,994.00,83.091
1943,1,1943,642.809629394832,-2473.960023463144,2019-07-15T12:32:21Z,46.22921667,12.76158333,991.00,83.083
1944,1,1944,643.809629394832,-2472.960023463144,2019-07-15T12:32:22Z,46.22910000,12.76155000,995.00,83.072
1945,1,1945,644.809629394832,-2471.960023463144,2019-07-15T12:32:23Z,46.22900000,12.76153333,993.00,83.063
1946,1,1946,645.809629394832,-2470.960023463144,2019-07-15T12:32:24Z,46.22890000,12.76151667,990.00,83.055
1947,1,1947,646.809629394832,-2469.960023463144,2019-07-15T12:32:25Z,46.22880000,12.76151667,988.00,83.047
1948,1,1948,647.809629394832,-2468.960023463144,2019-07-15T12:32:26Z,46.22870000,12.76153333,987.00,83.041
1949,1,1949,648.809629394832,-2467.960023463144,2019-07-15T12:32:27Z,46.22860000,12.76156667,985.00,83.035
1950,1,1950,649.809629394832,-2466.960023463144,2019-07-15T12:32:28Z,46.22850000,12.76158333,984.00,83.028
1951,1,1951,650.809629394832,-2465.960023463144,2019-07-15T12:32:29Z,46.22840000,12.76163333,982.00,83.024
1952,1,1952,651.809629394832,-2464.960023463144,2019-07-15T12:32:30Z,46.22830000,12.76166667,980.00,83.018
1953,1,1953,652.809629394832,-2463.960023463144,2019-07-15T12:32:31Z,46.22820000,12.76170000,979.00,83.012
1954,1,1954,653.809629394832,-2462.960023463144,2019-07-15T12:32:32Z,46.22810000,12.76173333,979.00,83.007
1955,1,1955,654.809629394832,-2461.960023463144,2019-07-15T12:32:33Z,46.22798333,12.76173333,975.00,82.998
1956,1,1956,655.809629394832,-2460.960023463144,2019-07-15T12:32:34Z,46.22786667,12.76173333,973.00,82.989
1957,1,1957,656.809629394832,-2459.960023463144,2019-07-15T12:32:35Z,46.22775000,12.76171667,970.00,82.979
1958,1,1958,657.809629394832,-2458.960023463144,2019-07-15T12:32:36Z,46.22765000,12.76168333,968.00,82.97
1959,1,1959,658.809629394832,-2457.960023463144,2019-07-15T12:32:37Z,46.22753333,12.76165000,965.00,82.959
1960,1,1960,659.809629394832,-2456.960023463144,2019-07-15T12:32:38Z,46.22741667,12.76161667,963.00,82.948
1961,1,1961,660.809629394832,-2455.960023463144,2019-07-15T12:32:39Z,46.22730000,12.76156667,960.00,82.937
1962,1,1962,661.809629394832,-2454.960023463144,2019-07-15T12:32:40Z,46.22718333,12.76153333,958.00,82.926
1963,1,1963,662.809629394832,-2453.960023463144,2019-07-15T12:32:41Z,46.22705000,12.76148333,956.00,82.913
1964,1,1964,663.809629394832,-2452.960023463144,2019-07-15T12:32:42Z,46.22693333,12.76141667,954.00,82.901
1965,1,1965,664.809629394832,-2451.960023463144,2019-07-15T12:32:43Z,46.22681667,12.76133333,953.00,82.887
1966,1,1966,665.809629394832,-2450.960023463144,2019-07-15T12:32:44Z,46.22668333,12.76126667,951.00,82.873
1967,1,1967,666.809629394832,-2449.960023463144,2019-07-15T12:32:45Z,46.22656667,12.76120000,952.00,82.861
1968,1,1968,667.809629394832,-2448.960023463144,2019-07-15T12:32:46Z,46.22643333,12.76116667,950.00,82.849
1969,1,1969,668.809629394832,-2447.960023463144,2019-07-15T12:32:47Z,46.22630000,12.76116667,949.00,82.839
1970,1,1970,669.809629394832,-2446.960023463144,2019-07-15T12:32:48Z,46.22618333,12.76120000,948.00,82.832
1971,1,1971,670.809629394832,-2445.960023463144,2019-07-15T12:32:49Z,46.22606667,12.76128333,944.00,82.828
1972,1,1972,671.809629394832,-2444.960023463144,2019-07-15T12:32:50Z,46.22595000,12.76140000,941.00,82.826
1973,1,1973,672.809629394832,-2443.960023463144,2019-07-15T12:32:51Z,46.22585000,12.76150000,938.00,82.824
1974,1,1974,673.809629394832,-2442.960023463144,2019-07-15T12:32:52Z,46.22575000,12.76160000,936.00,82.822
1975,1,1975,674.809629394832,-2441.960023463144,2019-07-15T12:32:53Z,46.22565000,12.76168333,937.00,82.82
1976,1,1976,675.809629394832,-2440.960023463144,2019-07-15T12:32:54Z,46.22555000,12.76176667,935.00,82.817
1977,1,1977,676.809629394832,-2439.960023463144,2019-07-15T12:32:55Z,46.22543333,12.76183333,931.00,82.812
1978,1,1978,677.809629394832,-2438.960023463144,2019-07-15T12:32:56Z,46.22530000,12.76188333,927.00,82.805
1979,1,1979,678.809629394832,-2437.960023463144,2019-07-15T12:32:57Z,46.22516667,12.76193333,923.00,82.798
1980,1,1980,679.809629394832,-2436.960023463144,2019-07-15T12:32:58Z,46.22503333,12.76195000,919.00,82.789
1981,1,1981,680.809629394832,-2435.960023463144,2019-07-15T12:32:59Z,46.22488333,12.76195000,916.00,82.777
1982,1,1982,681.809629394832,-2434.960023463144,2019-07-15T12:33:00Z,46.22473333,12.76193333,913.00,82.765
1983,1,1983,682.809629394832,-2433.960023463144,2019-07-15T12:33:01Z,46.22458333,12.76190000,911.00,82.752
1984,1,1984,683.809629394832,-2432.960023463144,2019-07-15T12:33:02Z,46.22445000,12.76186667,910.00,82.74
1985,1,1985,684.809629394832,-2431.960023463144,2019-07-15T12:33:03Z,46.22430000,12.76186667,909.00,82.729
1986,1,1986,685.809629394832,-2430.960023463144,2019-07-15T12:33:04Z,46.22416667,12.76185000,907.00,82.718
1987,1,1987,686.809629394832,-2429.960023463144,2019-07-15T12:33:05Z,46.22401667,12.76186667,904.00,82.708
1988,1,1988,687.809629394832,-2428.960023463144,2019-07-15T12:33:06Z,46.22386667,12.76188333,902.00,82.698
1989,1,1989,688.809629394832,-2427.960023463144,2019-07-15T12:33:07Z,46.22371667,12.76191667,899.00,82.689
1990,1,1990,689.809629394832,-2426.960023463144,2019-07-15T12:33:08Z,46.22356667,12.76193333,897.00,82.678
1991,1,1991,690.809629394832,-2425.960023463144,2019-07-15T12:33:09Z,46.22341667,12.76196667,897.00,82.669
1992,1,1992,691.809629394832,-2424.960023463144,2019-07-15T12:33:10Z,46.22328333,12.76200000,895.00,82.661
1993,1,1993,692.809629394832,-2423.960023463144,2019-07-15T12:33:11Z,46.22316667,12.76203333,898.00,82.654
1994,1,1994,693.809629394832,-2422.960023463144,2019-07-15T12:33:12Z,46.22303333,12.76206667,895.00,82.646
1995,1,1995,694.809629394832,-2421.960023463144,2019-07-15T12:33:13Z,46.22290000,12.76210000,894.00,82.638
1996,1,1996,695.809629394832,-2420.960023463144,2019-07-15T12:33:14Z,46.22276667,12.76215000,891.00,82.631
1997,1,1997,696.809629394832,-2419.960023463144,2019-07-15T12:33:15Z,46.22263333,12.76220000,887.00,82.624
1998,1,1998,697.809629394832,-2418.960023463144,2019-07-15T12:33:16Z,46.22248333,12.76223333,885.00,82.615
1999,1,1999,698.809629394832,-2417.960023463144,2019-07-15T12:33:17Z,46.22235000,12.76226667,882.00,82.607
2000,1,2000,699.809629394832,-2416.960023463144,2019-07-15T12:33:18Z,46.22221667,12.76228333,880.00,82.598
2001,1,2001,700.809629394832,-2415.960023463144,2019-07-15T12:33:19Z,46.22208333,12.76228333,879.00,82.588
2002,1,2002,701.809629394832,-2414.960023463144,2019-07-15T12:33:20Z,46.22195000,12.76230000,877.00,82.58
2003,1,2003,702.809629394832,-2413.960023463144,2019-07-15T12:33:21Z,46.22183333,12.76230000,875.00,82.571
2004,1,2004,703.809629394832,-2412.960023463144,2019-07-15T12:33:22Z,46.22170000,12.76231667,871.00,82.562
2005,1,2005,704.809629394832,-2411.960023463144,2019-07-15T12:33:23Z,46.22156667,12.76233333,869.00,82.553
2006,1,2006,705.809629394832,-2410.960023463144,2019-07-15T12:33:24Z,46.22143333,12.76236667,867.00,82.545
2007,1,2007,706.809629394832,-2409.960023463144,2019-07-15T12:33:25Z,46.22131667,12.76241667,867.00,82.54
2008,1,2008,707.809629394832,-2408.960023463144,2019-07-15T12:33:26Z,46.22118333,12.76248333,864.00,82.534
2009,1,2009,708.809629394832,-2407.960023463144,2019-07-15T12:33:27Z,46.22106667,12.76253333,861.00,82.528
2010,1,2010,709.809629394832,-2406.960023463144,2019-07-15T12:33:28Z,46.22093333,12.76258333,857.00,82.521
2011,1,2011,710.809629394832,-2405.960023463144,2019-07-15T12:33:29Z,46.22080000,12.76263333,855.00,82.514
2012,1,2012,711.809629394832,-2404.960023463144,2019-07-15T12:33:30Z,46.22068333,12.76268333,854.00,82.508
2013,1,2013,712.809629394832,-2403.960023463144,2019-07-15T12:33:31Z,46.22056667,12.76275000,851.00,82.504
2014,1,2014,713.809629394832,-2402.960023463144,2019-07-15T12:33:32Z,46.22045000,12.76281667,853.00,82.499
2015,1,2015,714.809629394832,-2401.960023463144,2019-07-15T12:33:33Z,46.22033333,12.76290000,851.00,82.495
2016,1,2016,715.809629394832,-2400.960023463144,2019-07-15T12:33:34Z,46.22021667,12.76296667,850.00,82.49
2017,1,2017,716.809629394832,-2399.960023463144,2019-07-15T12:33:35Z,46.22010000,12.76301667,850.00,82.485
2018,1,2018,717.809629394832,-2398.960023463144,2019-07-15T12:33:36Z,46.21998333,12.76305000,851.00,82.478
2019,1,2019,718.809629394832,-2397.960023463144,2019-07-15T12:33:37Z,46.21986667,12.76308333,851.00,82.471
2020,1,2020,719.809629394832,-2396.960023463144,2019-07-15T12:33:38Z,46.21975000,12.76308333,849.00,82.463
2021,1,2021,720.809629394832,-2395.960023463144,2019-07-15T12:33:39Z,46.21960000,12.76310000,846.00,82.453
2022,1,2022,721.809629394832,-2394.960023463144,2019-07-15T12:33:40Z,46.21945000,12.76310000,841.00,82.442
2023,1,2023,722.809629394832,-2393.960023463144,2019-07-15T12:33:41Z,46.21928333,12.76308333,838.00,82.429
2024,1,2024,723.809629394832,-2392.960023463144,2019-07-15T12:33:42Z,46.21913333,12.76306667,838.00,82.417
2025,1,2025,724.809629394832,-2391.960023463144,2019-07-15T12:33:43Z,46.21898333,12.76306667,839.00,82.406
2026,1,2026,725.809629394832,-2390.960023463144,2019-07-15T12:33:44Z,46.21885000,12.76305000,840.00,82.395
2027,1,2027,726.809629394832,-2389.960023463144,2019-07-15T12:33:45Z,46.21871667,12.76303333,840.00,82.385
2028,1,2028,727.809629394832,-2388.960023463144,2019-07-15T12:33:46Z,46.21858333,12.76301667,844.00,82.374
2029,1,2029,728.809629394832,-2387.960023463144,2019-07-15T12:33:47Z,46.21846667,12.76300000,843.00,82.364
2030,1,2030,729.809629394832,-2386.960023463144,2019-07-15T12:33:48Z,46.21835000,12.76300000,842.00,82.356
2031,1,2031,730.809629394832,-2385.960023463144,2019-07-15T12:33:49Z,46.21823333,12.76300000,841.00,82.347
2032,1,2032,731.809629394832,-2384.960023463144,2019-07-15T12:33:50Z,46.21810000,12.76298333,840.00,82.337
2033,1,2033,732.809629394832,-2383.960023463144,2019-07-15T12:33:51Z,46.21796667,12.76298333,838.00,82.327
2034,1,2034,733.809629394832,-2382.960023463144,2019-07-15T12:33:52Z,46.21783333,12.76298333,834.00,82.317
2035,1,2035,734.809629394832,-2381.960023463144,2019-07-15T12:33:53Z,46.21768333,12.76296667,831.00,82.305
2036,1,2036,735.809629394832,-2380.960023463144,2019-07-15T12:33:54Z,46.21753333,12.76296667,828.00,82.295
2037,1,2037,736.809629394832,-2379.960023463144,2019-07-15T12:33:55Z,46.21738333,12.76295000,827.00,82.283
2038,1,2038,737.809629394832,-2378.960023463144,2019-07-15T12:33:56Z,46.21725000,12.76291667,827.00,82.271
2039,1,2039,738.809629394832,-2377.960023463144,2019-07-15T12:33:57Z,46.21710000,12.76290000,828.00,82.259
2040,1,2040,739.809629394832,-2376.960023463144,2019-07-15T12:33:58Z,46.21696667,12.76286667,828.00,82.248
2041,1,2041,740.809629394832,-2375.960023463144,2019-07-15T12:33:59Z,46.21683333,12.76285000,827.00,82.237
2042,1,2042,741.809629394832,-2374.960023463144,2019-07-15T12:34:00Z,46.21670000,12.76285000,826.00,82.227
2043,1,2043,742.809629394832,-2373.960023463144,2019-07-15T12:34:01Z,46.21656667,12.76285000,824.00,82.218
2044,1,2044,743.809629394832,-2372.960023463144,2019-07-15T12:34:02Z,46.21641667,12.76286667,824.00,82.208
2045,1,2045,744.809629394832,-2371.960023463144,2019-07-15T12:34:03Z,46.21625000,12.76288333,820.00,82.197
2046,1,2046,745.809629394832,-2370.960023463144,2019-07-15T12:34:04Z,46.21610000,12.76291667,816.00,82.188
2047,1,2047,746.809629394832,-2369.960023463144,2019-07-15T12:34:05Z,46.21593333,12.76293333,813.00,82.177
2048,1,2048,747.809629394832,-2368.960023463144,2019-07-15T12:34:06Z,46.21576667,12.76293333,810.00,82.165
2049,1,2049,748.809629394832,-2367.960023463144,2019-07-15T12:34:07Z,46.21561667,12.76293333,807.00,82.154
2050,1,2050,749.809629394832,-2366.960023463144,2019-07-15T12:34:08Z,46.21546667,12.76290000,805.00,82.141
2051,1,2051,750.809629394832,-2365.960023463144,2019-07-15T12:34:09Z,46.21531667,12.76288333,802.00,82.129
2052,1,2052,751.809629394832,-2364.960023463144,2019-07-15T12:34:10Z,46.21516667,12.76283333,803.00,82.116
2053,1,2053,752.809629394832,-2363.960023463144,2019-07-15T12:34:11Z,46.21503333,12.76280000,802.00,82.104
2054,1,2054,753.809629394832,-2362.960023463144,2019-07-15T12:34:12Z,46.21490000,12.76275000,796.00,82.091
2055,1,2055,754.809629394832,-2361.960023463144,2019-07-15T12:34:13Z,46.21475000,12.76273333,795.00,82.08
2056,2,1,755.809629394832,-2360.960023463144,2019-07-15T12:34:14Z,46.21461667,12.76271667,793.00,82.069
2057,2,2,756.809629394832,-2359.960023463144,2019-07-15T12:34:15Z,46.21450000,12.76270000,792.00,82.06
2058,2,3,757.809629394832,-2358.960023463144,2019-07-15T12:34:16Z,46.21436667,12.76268333,790.00,82.049
2059,2,4,758.809629394832,-2357.960023463144,2019-07-15T12:34:17Z,46.21425000,12.76268333,789.00,82.041
2060,2,5,759.809629394832,-2356.960023463144,2019-07-15T12:34:18Z,46.21413333,12.76270000,790.00,82.033
2061,2,6,760.809629394832,-2355.960023463144,2019-07-15T12:34:19Z,46.21401667,12.76271667,788.00,82.026
2062,2,7,761.809629394832,-2354.960023463144,2019-07-15T12:34:20Z,46.21388333,12.76273333,785.00,82.017
2063,2,8,762.809629394832,-2353.960023463144,2019-07-15T12:34:21Z,46.21376667,12.76275000,781.00,82.01
2064,2,9,763.809629394832,-2352.960023463144,2019-07-15T12:34:22Z,46.21363333,12.76276667,778.00,82.001
2065,2,10,764.809629394832,-2351.960023463144,2019-07-15T12:34:23Z,46.21348333,12.76280000,774.00,81.993
2066,2,11,765.809629394832,-2350.960023463144,2019-07-15T12:34:24Z,46.21333333,12.76281667,770.00,81.983
2067,2,12,766.809629394832,-2349.960023463144,2019-07-15T12:34:25Z,46.21318333,12.76285000,767.00,81.974
2068,2,13,767.809629394832,-2348.960023463144,2019-07-15T12:34:26Z,46.21303333,12.76288333,764.00,81.965
2069,2,14,768.809629394832,-2347.960023463144,2019-07-15T12:34:27Z,46.21288333,12.76291667,761.00,81.957
2070,2,15,769.809629394832,-2346.960023463144,2019-07-15T12:34:28Z,46.21275000,12.76293333,761.00,81.948
2071,2,16,770.809629394832,-2345.960023463144,2019-07-15T12:34:29Z,46.21261667,12.76293333,761.00,81.939
2072,2,17,771.809629394832,-2344.960023463144,2019-07-15T12:34:30Z,46.21248333,12.76291667,760.00,81.928
2073,2,18,772.809629394832,-2343.960023463144,2019-07-15T12:34:31Z,46.21235000,12.76286667,760.00,81.916
2074,2,19,773.809629394832,-2342.960023463144,2019-07-15T12:34:32Z,46.21221667,12.76280000,759.00,81.902
2075,2,20,774.809629394832,-2341.960023463144,2019-07-15T12:34:33Z,46.21208333,12.76271667,760.00,81.888
2076,2,21,775.809629394832,-2340.960023463144,2019-07-15T12:34:34Z,46.21195000,12.76263333,761.00,81.873
2077,2,22,776.809629394832,-2339.960023463144,2019-07-15T12:34:35Z,46.21181667,12.76253333,760.00,81.858
2078,2,23,777.809629394832,-2338.960023463144,2019-07-15T12:34:36Z,46.21170000,12.76243333,760.00,81.844
2079,2,24,778.809629394832,-2337.960023463144,2019-07-15T12:34:37Z,46.21156667,12.76233333,760.00,81.828
2080,2,25,779.809629394832,-2336.960023463144,2019-07-15T12:34:38Z,46.21143333,12.76223333,760.00,81.813
2081,2,26,780.809629394832,-2335.960023463144,2019-07-15T12:34:39Z,46.21128333,12.76215000,760.00,81.797
2082,2,27,781.809629394832,-2334.960023463144,2019-07-15T12:34:40Z,46.21116667,12.76206667,760.00,81.784
2083,2,28,782.809629394832,-2333.960023463144,2019-07-15T12:34:41Z,46.21103333,12.76198333,761.00,81.77
2084,2,29,783.809629394832,-2332.960023463144,2019-07-15T12:34:42Z,46.21091667,12.76190000,761.00,81.756
2085,2,30,784.809629394832,-2331.960023463144,2019-07-15T12:34:43Z,46.21078333,12.76183333,761.00,81.743
2086,2,31,785.809629394832,-2330.960023463144,2019-07-15T12:34:44Z,46.21066667,12.76175000,760.00,81.73
2087,2,32,786.809629394832,-2329.960023463144,2019-07-15T12:34:45Z,46.21053333,12.76168333,760.00,81.716
2088,2,33,787.809629394832,-2328.960023463144,2019-07-15T12:34:46Z,46.21041667,12.76161667,759.00,81.704
2089,2,34,788.809629394832,-2327.960023463144,2019-07-15T12:34:47Z,46.21028333,12.76156667,758.00,81.692
2090,2,35,789.809629394832,-2326.960023463144,2019-07-15T12:34:48Z,46.21015000,12.76151667,757.00,81.679
2091,2,36,790.809629394832,-2325.960023463144,2019-07-15T12:34:49Z,46.21000000,12.76150000,756.00,81.668
2092,2,37,791.809629394832,-2324.960023463144,2019-07-15T12:34:50Z,46.20985000,12.76150000,754.00,81.657
2093,2,38,792.809629394832,-2323.960023463144,2019-07-15T12:34:51Z,46.20970000,12.76151667,752.00,81.647
2094,2,39,793.809629394832,-2322.960023463144,2019-07-15T12:34:52Z,46.20956667,12.76153333,750.00,81.639
2095,2,40,794.809629394832,-2321.960023463144,2019-07-15T12:34:53Z,46.20945000,12.76156667,749.00,81.633
2096,2,41,795.809629394832,-2320.960023463144,2019-07-15T12:34:54Z,46.20933333,12.76158333,747.00,81.626
2097,2,42,796.809629394832,-2319.960023463144,2019-07-15T12:34:55Z,46.20923333,12.76158333,745.00,81.618
2098,2,43,797.809629394832,-2318.960023463144,2019-07-15T12:34:56Z,46.20913333,12.76160000,743.00,81.612
2099,2,44,798.809629394832,-2317.960023463144,2019-07-15T12:34:57Z,46.20901667,12.76160000,742.00,81.604
2100,2,45,799.809629394832,-2316.960023463144,2019-07-15T12:34:58Z,46.20890000,12.76161667,739.00,81.597
2101,2,46,800.809629394832,-2315.960023463144,2019-07-15T12:34:59Z,46.20876667,12.76163333,735.00,81.588
2102,2,47,801.809629394832,-2314.960023463144,2019-07-15T12:35:00Z,46.20863333,12.76165000,729.00,81.58
2103,2,48,802.809629394832,-2313.960023463144,2019-07-15T12:35:01Z,46.20848333,12.76166667,726.00,81.571
2104,2,49,803.809629394832,-2312.960023463144,2019-07-15T12:35:02Z,46.20835000,12.76168333,723.00,81.562
2105,2,50,804.809629394832,-2311.960023463144,2019-07-15T12:35:03Z,46.20821667,12.76171667,721.00,81.555
2106,2,51,805.809629394832,-2310.960023463144,2019-07-15T12:35:04Z,46.20810000,12.76173333,724.00,81.548
2107,2,52,806.809629394832,-2309.960023463144,2019-07-15T12:35:05Z,46.20798333,12.76176667,725.00,81.541
2108,2,53,807.809629394832,-2308.960023463144,2019-07-15T12:35:06Z,46.20788333,12.76181667,727.00,81.537
2109,2,54,808.809629394832,-2307.960023463144,2019-07-15T12:35:07Z,46.20776667,12.76186667,728.00,81.532
2110,2,55,809.809629394832,-2306.960023463144,2019-07-15T12:35:08Z,46.20765000,12.76190000,728.00,81.526
2111,2,56,810.809629394832,-2305.960023463144,2019-07-15T12:35:09Z,46.20751667,12.76193333,728.00,81.519
2112,2,57,811.809629394832,-2304.960023463144,2019-07-15T12:35:10Z,46.20738333,12.76195000,727.00,81.51
2113,2,58,812.809629394832,-2303.960023463144,2019-07-15T12:35:11Z,46.20725000,12.76196667,728.00,81.502
2114,2,59,813.809629394832,-2302.960023463144,2019-07-15T12:35:12Z,46.20711667,12.76198333,729.00,81.494
2115,2,60,814.809629394832,-2301.960023463144,2019-07-15T12:35:13Z,46.20701667,12.76201667,733.00,81.489
2116,2,61,815.809629394832,-2300.960023463144,2019-07-15T12:35:14Z,46.20691667,12.76203333,735.00,81.483
2117,2,62,816.809629394832,-2299.960023463144,2019-07-15T12:35:15Z,46.20681667,12.76203333,737.00,81.476
2118,2,63,817.809629394832,-2298.960023463144,2019-07-15T12:35:16Z,46.20670000,12.76203333,738.00,81.467
2119,2,64,818.809629394832,-2297.960023463144,2019-07-15T12:35:17Z,46.20660000,12.76201667,735.00,81.459
2120,2,65,819.809629394832,-2296.960023463144,2019-07-15T12:35:18Z,46.20650000,12.76200000,734.00,81.451
2121,2,66,820.809629394832,-2295.960023463144,2019-07-15T12:35:19Z,46.20638333,12.76196667,734.00,81.441
2122,2,67,821.809629394832,-2294.960023463144,2019-07-15T12:35:20Z,46.20628333,12.76193333,735.00,81.432
2123,2,68,822.809629394832,-2293.960023463144,2019-07-15T12:35:21Z,46.20618333,12.76188333,736.00,81.422
2124,2,69,823.809629394832,-2292.960023463144,2019-07-15T12:35:22Z,46.20610000,12.76183333,736.00,81.414
2125,2,70,824.809629394832,-2291.960023463144,2019-07-15T12:35:23Z,46.20601667,12.76178333,737.00,81.405
2126,2,71,825.809629394832,-2290.960023463144,2019-07-15T12:35:24Z,46.20591667,12.76171667,734.00,81.394
2127,2,72,826.809629394832,-2289.960023463144,2019-07-15T12:35:25Z,46.20581667,12.76165000,732.00,81.383
2128,2,73,827.809629394832,-2288.960023463144,2019-07-15T12:35:26Z,46.20571667,12.76160000,734.00,81.373
2129,2,74,828.809629394832,-2287.960023463144,2019-07-15T12:35:27Z,46.20561667,12.76153333,732.00,81.362
2130,2,75,829.809629394832,-2286.960023463144,2019-07-15T12:35:28Z,46.20553333,12.76148333,733.00,81.353
2131,2,76,830.809629394832,-2285.960023463144,2019-07-15T12:35:29Z,46.20545000,12.76145000,734.00,81.345
2132,2,77,831.809629394832,-2284.960023463144,2019-07-15T12:35:30Z,46.20536667,12.76141667,732.00,81.337
2133,2,78,832.809629394832,-2283.960023463144,2019-07-15T12:35:31Z,46.20528333,12.76138333,730.00,81.33
2134,2,79,833.809629394832,-2282.960023463144,2019-07-15T12:35:32Z,46.20518333,12.76135000,727.00,81.321
2135,2,80,834.809629394832,-2281.960023463144,2019-07-15T12:35:33Z,46.20506667,12.76131667,724.00,81.311
2136,2,81,835.809629394832,-2280.960023463144,2019-07-15T12:35:34Z,46.20495000,12.76131667,721.00,81.302
2137,2,82,836.809629394832,-2279.960023463144,2019-07-15T12:35:35Z,46.20485000,12.76131667,719.00,81.296
2138,2,83,837.809629394832,-2278.960023463144,2019-07-15T12:35:36Z,46.20473333,12.76133333,720.00,81.288
2139,2,84,838.809629394832,-2277.960023463144,2019-07-15T12:35:37Z,46.20463333,12.76138333,719.00,81.285
2140,2,85,839.809629394832,-2276.960023463144,2019-07-15T12:35:38Z,46.20453333,12.76141667,718.00,81.28
2141,2,86,840.809629394832,-2275.960023463144,2019-07-15T12:35:39Z,46.20443333,12.76148333,716.00,81.277
2142,2,87,841.809629394832,-2274.960023463144,2019-07-15T12:35:40Z,46.20431667,12.76153333,716.00,81.272
2143,2,88,842.809629394832,-2273.960023463144,2019-07-15T12:35:41Z,46.20420000,12.76158333,713.00,81.267
2144,2,89,843.809629394832,-2272.960023463144,2019-07-15T12:35:42Z,46.20408333,12.76161667,712.00,81.26
2145,2,90,844.809629394832,-2271.960023463144,2019-07-15T12:35:43Z,46.20396667,12.76165000,711.00,81.254
2146,2,91,845.809629394832,-2270.960023463144,2019-07-15T12:35:44Z,46.20385000,12.76165000,711.00,81.246
2147,2,92,846.809629394832,-2269.960023463144,2019-07-15T12:35:45Z,46.20373333,12.76166667,711.00,81.239
2148,2,93,847.809629394832,-2268.960023463144,2019-07-15T12:35:46Z,46.20363333,12.76166667,712.00,81.232
2149,2,94,848.809629394832,-2267.960023463144,2019-07-15T12:35:47Z,46.20355000,12.76165000,713.00,81.226
2150,2,95,849.809629394832,-2266.960023463144,2019-07-15T12:35:48Z,46.20345000,12.76161667,713.00,81.217
2151,2,96,850.809629394832,-2265.960023463144,2019-07-15T12:35:49Z,46.20335000,12.76153333,712.00,81.205
2152,2,97,851.809629394832,-2264.960023463144,2019-07-15T12:35:50Z,46.20325000,12.76145000,710.00,81.193
2153,2,98,852.809629394832,-2263.960023463144,2019-07-15T12:35:51Z,46.20313333,12.76135000,710.00,81.179
2154,2,99,853.809629394832,-2262.960023463144,2019-07-15T12:35:52Z,46.20303333,12.76126667,708.00,81.167
2155,2,100,854.809629394832,-2261.960023463144,2019-07-15T12:35:53Z,46.20291667,12.76118333,706.00,81.154
2156,2,101,855.809629394832,-2260.960023463144,2019-07-15T12:35:54Z,46.20280000,12.76108333,704.00,81.14
2157,2,102,856.809629394832,-2259.960023463144,2019-07-15T12:35:55Z,46.20268333,12.76098333,704.00,81.126
2158,2,103,857.809629394832,-2258.960023463144,2019-07-15T12:35:56Z,46.20256667,12.76088333,705.00,81.112
2159,2,104,858.809629394832,-2257.960023463144,2019-07-15T12:35:57Z,46.20246667,12.76078333,706.00,81.099
2160,2,105,859.809629394832,-2256.960023463144,2019-07-15T12:35:58Z,46.20235000,12.76070000,707.00,81.086
2161,2,106,860.809629394832,-2255.960023463144,2019-07-15T12:35:59Z,46.20226667,12.76065000,711.00,81.077
2162,2,107,861.809629394832,-2254.960023463144,2019-07-15T12:36:00Z,46.20216667,12.76063333,715.00,81.069
2163,2,108,862.809629394832,-2253.960023463144,2019-07-15T12:36:01Z,46.20205000,12.76068333,717.00,81.064
2164,2,109,863.809629394832,-2252.960023463144,2019-07-15T12:36:02Z,46.20196667,12.76080000,719.00,81.065
2165,2,110,864.809629394832,-2251.960023463144,2019-07-15T12:36:03Z,46.20191667,12.76096667,719.00,81.072
2166,2,111,865.809629394832,-2250.960023463144,2019-07-15T12:36:04Z,46.20191667,12.76115000,719.00,81.083
2167,2,112,866.809629394832,-2249.960023463144,2019-07-15T12:36:05Z,46.20193333,12.76133333,721.00,81.095
2168,2,113,867.809629394832,-2248.960023463144,2019-07-15T12:36:06Z,46.20200000,12.76150000,723.00,81.11
2169,2,114,868.809629394832,-2247.960023463144,2019-07-15T12:36:07Z,46.20210000,12.76165000,723.00,81.126
2170,2,115,869.809629394832,-2246.960023463144,2019-07-15T12:36:08Z,46.20223333,12.76175000,723.00,81.141
2171,2,116,870.809629394832,-2245.960023463144,2019-07-15T12:36:09Z,46.20236667,12.76180000,724.00,81.153
2172,2,117,871.809629394832,-2244.960023463144,2019-07-15T12:36:10Z,46.20251667,12.76181667,724.00,81.165
2173,2,118,872.809629394832,-2243.960023463144,2019-07-15T12:36:11Z,46.20268333,12.76178333,724.00,81.174
2174,2,119,873.809629394832,-2242.960023463144,2019-07-15T12:36:12Z,46.20283333,12.76171667,723.00,81.18
2175,2,120,874.809629394832,-2241.960023463144,2019-07-15T12:36:13Z,46.20295000,12.76158333,723.00,81.18
2176,2,121,875.809629394832,-2240.960023463144,2019-07-15T12:36:14Z,46.20303333,12.76141667,723.00,81.176
2177,2,122,876.809629394832,-2239.960023463144,2019-07-15T12:36:15Z,46.20306667,12.76120000,722.00,81.165
2178,2,123,877.809629394832,-2238.960023463144,2019-07-15T12:36:16Z,46.20306667,12.76100000,722.00,81.153
2179,2,124,878.809629394832,-2237.960023463144,2019-07-15T12:36:17Z,46.20303333,12.76080000,721.00,81.139
2180,2,125,879.809629394832,-2236.960023463144,2019-07-15T12:36:18Z,46.20298333,12.76061667,722.00,81.124
2181,2,126,880.809629394832,-2235.960023463144,2019-07-15T12:36:19Z,46.20293333,12.76048333,723.00,81.113
2182,2,127,881.809629394832,-2234.960023463144,2019-07-15T12:36:20Z,46.20288333,12.76036667,726.00,81.102
2183,2,128,882.809629394832,-2233.960023463144,2019-07-15T12:36:21Z,46.20281667,12.76030000,728.00,81.094
2184,2,129,883.809629394832,-2232.960023463144,2019-07-15T12:36:22Z,46.20273333,12.76025000,728.00,81.085
2185,2,130,884.809629394832,-2231.960023463144,2019-07-15T12:36:23Z,46.20261667,12.76025000,728.00,81.077
2186,2,131,885.809629394832,-2230.960023463144,2019-07-15T12:36:24Z,46.20251667,12.76031667,728.00,81.074
2187,2,132,886.809629394832,-2229.960023463144,2019-07-15T12:36:25Z,46.20243333,12.76041667,729.00,81.074
2188,2,133,887.809629394832,-2228.960023463144,2019-07-15T12:36:26Z,46.20235000,12.76053333,729.00,81.076
2189,2,134,888.809629394832,-2227.960023463144,2019-07-15T12:36:27Z,46.20230000,12.76068333,729.00,81.081
2190,2,135,889.809629394832,-2226.960023463144,2019-07-15T12:36:28Z,46.20225000,12.76083333,729.00,81.087
2191,2,136,890.809629394832,-2225.960023463144,2019-07-15T12:36:29Z,46.20221667,12.76101667,728.00,81.096
2192,2,137,891.809629394832,-2224.960023463144,2019-07-15T12:36:30Z,46.20220000,12.76120000,731.00,81.106
2193,2,138,892.809629394832,-2223.960023463144,2019-07-15T12:36:31Z,46.20220000,12.76138333,734.00,81.117
2194,2,139,893.809629394832,-2222.960023463144,2019-07-15T12:36:32Z,46.20223333,12.76158333,735.00,81.131
2195,2,140,894.809629394832,-2221.960023463144,2019-07-15T12:36:33Z,46.20228333,12.76176667,736.00,81.146
2196,2,141,895.809629394832,-2220.960023463144,2019-07-15T12:36:34Z,46.20238333,12.76193333,737.00,81.163
2197,2,142,896.809629394832,-2219.960023463144,2019-07-15T12:36:35Z,46.20248333,12.76206667,737.00,81.177
2198,2,143,897.809629394832,-2218.960023463144,2019-07-15T12:36:36Z,46.20261667,12.76216667,737.00,81.193
2199,2,144,898.809629394832,-2217.960023463144,2019-07-15T12:36:37Z,46.20276667,12.76225000,736.00,81.208
2200,2,145,899.809629394832,-2216.960023463144,2019-07-15T12:36:38Z,46.20293333,12.76231667,734.00,81.223
2201,2,146,900.809629394832,-2215.960023463144,2019-07-15T12:36:39Z,46.20310000,12.76236667,734.00,81.238
2202,2,147,901.809629394832,-2214.960023463144,2019-07-15T12:36:40Z,46.20326667,12.76235000,733.00,81.248
2203,2,148,902.809629394832,-2213.960023463144,2019-07-15T12:36:41Z,46.20343333,12.76230000,735.00,81.257
2204,2,149,903.809629394832,-2212.960023463144,2019-07-15T12:36:42Z,46.20355000,12.76220000,735.00,81.259
2205,2,150,904.809629394832,-2211.960023463144,2019-07-15T12:36:43Z,46.20366667,12.76206667,734.00,81.259
2206,2,151,905.809629394832,-2210.960023463144,2019-07-15T12:36:44Z,46.20375000,12.76190000,732.00,81.255
2207,2,152,906.809629394832,-2209.960023463144,2019-07-15T12:36:45Z,46.20380000,12.76170000,730.00,81.246
2208,2,153,907.809629394832,-2208.960023463144,2019-07-15T12:36:46Z,46.20381667,12.76148333,728.00,81.234
2209,2,154,908.809629394832,-2207.960023463144,2019-07-15T12:36:47Z,46.20380000,12.76126667,726.00,81.22
2210,2,155,909.809629394832,-2206.960023463144,2019-07-15T12:36:48Z,46.20376667,12.76108333,724.00,81.206
2211,2,156,910.809629394832,-2205.960023463144,2019-07-15T12:36:49Z,46.20370000,12.76095000,725.00,81.194
2212,2,157,911.809629394832,-2204.960023463144,2019-07-15T12:36:50Z,46.20361667,12.76085000,726.00,81.182
2213,2,158,912.809629394832,-2203.960023463144,2019-07-15T12:36:51Z,46.20353333,12.76078333,725.00,81.172
2214,2,159,913.809629394832,-2202.960023463144,2019-07-15T12:36:52Z,46.20343333,12.76073333,726.00,81.162
2215,2,160,914.809629394832,-2201.960023463144,2019-07-15T12:36:53Z,46.20331667,12.76071667,727.00,81.153
2216,2,161,915.809629394832,-2200.960023463144,2019-07-15T12:36:54Z,46.20323333,12.76070000,728.00,81.146
2217,2,162,916.809629394832,-2199.960023463144,2019-07-15T12:36:55Z,46.20313333,12.76070000,729.00,81.14
2218,2,163,917.809629394832,-2198.960023463144,2019-07-15T12:36:56Z,46.20305000,12.76070000,730.00,81.134
2219,2,164,918.809629394832,-2197.960023463144,2019-07-15T12:36:57Z,46.20296667,12.76071667,733.00,81.129
2220,2,165,919.809629394832,-2196.960023463144,2019-07-15T12:36:58Z,46.20288333,12.76073333,734.00,81.124
2221,2,166,920.809629394832,-2195.960023463144,2019-07-15T12:36:59Z,46.20280000,12.76076667,734.00,81.121
2222,2,167,921.809629394832,-2194.960023463144,2019-07-15T12:37:00Z,46.20271667,12.76083333,736.00,81.119
2223,2,168,922.809629394832,-2193.960023463144,2019-07-15T12:37:01Z,46.20266667,12.76095000,739.00,81.122
2224,2,169,923.809629394832,-2192.960023463144,2019-07-15T12:37:02Z,46.20265000,12.76110000,741.00,81.13
2225,2,170,924.809629394832,-2191.960023463144,2019-07-15T12:37:03Z,46.20263333,12.76125000,742.00,81.138
2226,2,171,925.809629394832,-2190.960023463144,2019-07-15T12:37:04Z,46.20266667,12.76140000,742.00,81.15
2227,2,172,926.809629394832,-2189.960023463144,2019-07-15T12:37:05Z,46.20273333,12.76156667,741.00,81.164
2228,2,173,927.809629394832,-2188.960023463144,2019-07-15T12:37:06Z,46.20285000,12.76170000,739.00,81.18
2229,2,174,928.809629394832,-2187.960023463144,2019-07-15T12:37:07Z,46.20301667,12.76176667,738.00,81.196
2230,2,175,929.809629394832,-2186.960023463144,2019-07-15T12:37:08Z,46.20318333,12.76178333,737.00,81.208
2231,2,176,930.809629394832,-2185.960023463144,2019-07-15T12:37:09Z,46.20335000,12.76173333,738.00,81.217
2232,2,177,931.809629394832,-2184.960023463144,2019-07-15T12:37:10Z,46.20350000,12.76163333,738.00,81.221
2233,2,178,932.809629394832,-2183.960023463144,2019-07-15T12:37:11Z,46.20365000,12.76151667,737.00,81.225
2234,2,179,933.809629394832,-2182.960023463144,2019-07-15T12:37:12Z,46.20376667,12.76136667,736.00,81.224
2235,2,180,934.809629394832,-2181.960023463144,2019-07-15T12:37:13Z,46.20386667,12.76120000,736.00,81.22
2236,2,181,935.809629394832,-2180.960023463144,2019-07-15T12:37:14Z,46.20395000,12.76101667,735.00,81.215
2237,2,182,936.809629394832,-2179.960023463144,2019-07-15T12:37:15Z,46.20401667,12.76083333,736.00,81.209
2238,2,183,937.809629394832,-2178.960023463144,2019-07-15T12:37:16Z,46.20405000,12.76065000,735.00,81.2
2239,2,184,938.809629394832,-2177.960023463144,2019-07-15T12:37:17Z,46.20406667,12.76046667,735.00,81.19
2240,2,185,939.809629394832,-2176.960023463144,2019-07-15T12:37:18Z,46.20403333,12.76030000,737.00,81.178
2241,2,186,940.809629394832,-2175.960023463144,2019-07-15T12:37:19Z,46.20396667,12.76016667,736.00,81.165
2242,2,187,941.809629394832,-2174.960023463144,2019-07-15T12:37:20Z,46.20388333,12.76010000,738.00,81.155
2243,2,188,942.809629394832,-2173.960023463144,2019-07-15T12:37:21Z,46.20378333,12.76006667,741.00,81.146
2244,2,189,943.809629394832,-2172.960023463144,2019-07-15T12:37:22Z,46.20368333,12.76010000,743.00,81.141
2245,2,190,944.809629394832,-2171.960023463144,2019-07-15T12:37:23Z,46.20360000,12.76015000,745.00,81.139
2246,2,191,945.809629394832,-2170.960023463144,2019-07-15T12:37:24Z,46.20351667,12.76023333,744.00,81.138
2247,2,192,946.809629394832,-2169.960023463144,2019-07-15T12:37:25Z,46.20346667,12.76036667,745.00,81.143
2248,2,193,947.809629394832,-2168.960023463144,2019-07-15T12:37:26Z,46.20341667,12.76051667,745.00,81.148
2249,2,194,948.809629394832,-2167.960023463144,2019-07-15T12:37:27Z,46.20340000,12.76070000,745.00,81.158
2250,2,195,949.809629394832,-2166.960023463144,2019-07-15T12:37:28Z,46.20341667,12.76088333,746.00,81.17
2251,2,196,950.809629394832,-2165.960023463144,2019-07-15T12:37:29Z,46.20346667,12.76106667,747.00,81.185
2252,2,197,951.809629394832,-2164.960023463144,2019-07-15T12:37:30Z,46.20356667,12.76125000,748.00,81.203
2253,2,198,952.809629394832,-2163.960023463144,2019-07-15T12:37:31Z,46.20368333,12.76140000,749.00,81.22
2254,2,199,953.809629394832,-2162.960023463144,2019-07-15T12:37:32Z,46.20381667,12.76150000,749.00,81.235
2255,2,200,954.809629394832,-2161.960023463144,2019-07-15T12:37:33Z,46.20398333,12.76156667,750.00,81.251
2256,2,201,955.809629394832,-2160.960023463144,2019-07-15T12:37:34Z,46.20416667,12.76158333,749.00,81.264
2257,2,202,956.809629394832,-2159.960023463144,2019-07-15T12:37:35Z,46.20433333,12.76153333,748.00,81.273
2258,2,203,957.809629394832,-2158.960023463144,2019-07-15T12:37:36Z,46.20448333,12.76141667,747.00,81.276
2259,2,204,958.809629394832,-2157.960023463144,2019-07-15T12:37:37Z,46.20460000,12.76125000,747.00,81.274
2260,2,205,959.809629394832,-2156.960023463144,2019-07-15T12:37:38Z,46.20470000,12.76106667,747.00,81.27
2261,2,206,960.809629394832,-2155.960023463144,2019-07-15T12:37:39Z,46.20475000,12.76086667,747.00,81.262
2262,2,207,961.809629394832,-2154.960023463144,2019-07-15T12:37:40Z,46.20476667,12.76066667,746.00,81.251
2263,2,208,962.809629394832,-2153.960023463144,2019-07-15T12:37:41Z,46.20475000,12.76048333,746.00,81.239
2264,2,209,963.809629394832,-2152.960023463144,2019-07-15T12:37:42Z,46.20471667,12.76033333,745.00,81.227
2265,2,210,964.809629394832,-2151.960023463144,2019-07-15T12:37:43Z,46.20465000,12.76020000,745.00,81.215
2266,2,211,965.809629394832,-2150.960023463144,2019-07-15T12:37:44Z,46.20455000,12.76010000,744.00,81.202
2267,2,212,966.809629394832,-2149.960023463144,2019-07-15T12:37:45Z,46.20445000,12.76003333,743.00,81.191
2268,2,213,967.809629394832,-2148.960023463144,2019-07-15T12:37:46Z,46.20435000,12.76001667,742.00,81.183
2269,2,214,968.809629394832,-2147.960023463144,2019-07-15T12:37:47Z,46.20421667,12.76000000,741.00,81.172
2270,2,215,969.809629394832,-2146.960023463144,2019-07-15T12:37:48Z,46.20410000,12.76000000,740.00,81.164
2271,2,216,970.809629394832,-2145.960023463144,2019-07-15T12:37:49Z,46.20400000,12.76001667,740.00,81.158
2272,2,217,971.809629394832,-2144.960023463144,2019-07-15T12:37:50Z,46.20390000,12.76005000,744.00,81.153
2273,2,218,972.809629394832,-2143.960023463144,2019-07-15T12:37:51Z,46.20380000,12.76010000,749.00,81.15
2274,2,219,973.809629394832,-2142.960023463144,2019-07-15T12:37:52Z,46.20373333,12.76018333,752.00,81.15
2275,2,220,974.809629394832,-2141.960023463144,2019-07-15T12:37:53Z,46.20366667,12.76031667,754.00,81.153
2276,2,221,975.809629394832,-2140.960023463144,2019-07-15T12:37:54Z,46.20365000,12.76046667,755.00,81.161
2277,2,222,976.809629394832,-2139.960023463144,2019-07-15T12:37:55Z,46.20365000,12.76066667,754.00,81.173
2278,2,223,977.809629394832,-2138.960023463144,2019-07-15T12:37:56Z,46.20370000,12.76085000,753.00,81.188
2279,2,224,978.809629394832,-2137.960023463144,2019-07-15T12:37:57Z,46.20376667,12.76105000,751.00,81.204
2280,2,225,979.809629394832,-2136.960023463144,2019-07-15T12:37:58Z,46.20385000,12.76121667,751.00,81.22
2281,2,226,980.809629394832,-2135.960023463144,2019-07-15T12:37:59Z,46.20398333,12.76136667,749.00,81.239
2282,2,227,981.809629394832,-2134.960023463144,2019-07-15T12:38:00Z,46.20411667,12.76148333,749.00,81.255
2283,2,228,982.809629394832,-2133.960023463144,2019-07-15T12:38:01Z,46.20428333,12.76155000,750.00,81.27
2284,2,229,983.809629394832,-2132.960023463144,2019-07-15T12:38:02Z,46.20445000,12.76158333,748.00,81.284
2285,2,230,984.809629394832,-2131.960023463144,2019-07-15T12:38:03Z,46.20463333,12.76156667,746.00,81.296
2286,2,231,985.809629394832,-2130.960023463144,2019-07-15T12:38:04Z,46.20480000,12.76148333,744.00,81.302
2287,2,232,986.809629394832,-2129.960023463144,2019-07-15T12:38:05Z,46.20493333,12.76136667,744.00,81.304
2288,2,233,987.809629394832,-2128.960023463144,2019-07-15T12:38:06Z,46.20505000,12.76121667,743.00,81.303
2289,2,234,988.809629394832,-2127.960023463144,2019-07-15T12:38:07Z,46.20511667,12.76105000,741.00,81.298
2290,2,235,989.809629394832,-2126.960023463144,2019-07-15T12:38:08Z,46.20516667,12.76086667,739.00,81.291
2291,2,236,990.809629394832,-2125.960023463144,2019-07-15T12:38:09Z,46.20515000,12.76070000,738.00,81.279
2292,2,237,991.809629394832,-2124.960023463144,2019-07-15T12:38:10Z,46.20511667,12.76053333,736.00,81.267
2293,2,238,992.809629394832,-2123.960023463144,2019-07-15T12:38:11Z,46.20503333,12.76041667,735.00,81.254
2294,2,239,993.809629394832,-2122.960023463144,2019-07-15T12:38:12Z,46.20495000,12.76035000,735.00,81.244
2295,2,240,994.809629394832,-2121.960023463144,2019-07-15T12:38:13Z,46.20486667,12.76031667,736.00,81.237
2296,2,241,995.809629394832,-2120.960023463144,2019-07-15T12:38:14Z,46.20478333,12.76028333,738.00,81.229
2297,2,242,996.809629394832,-2119.960023463144,2019-07-15T12:38:15Z,46.20470000,12.76026667,740.00,81.222
2298,2,243,997.809629394832,-2118.960023463144,2019-07-15T12:38:16Z,46.20461667,12.76025000,741.00,81.215
2299,2,244,998.809629394832,-2117.960023463144,2019-07-15T12:38:17Z,46.20451667,12.76025000,741.00,81.208
2300,2,245,999.809629394832,-2116.960023463144,2019-07-15T12:38:18Z,46.20441667,12.76028333,740.00,81.203
2301,2,246,1000.809629394832,-2115.960023463144,2019-07-15T12:38:19Z,46.20431667,12.76031667,739.00,81.198
2302,2,247,1001.809629394832,-2114.960023463144,2019-07-15T12:38:20Z,46.20421667,12.76033333,737.00,81.192
2303,2,248,1002.809629394832,-2113.960023463144,2019-07-15T12:38:21Z,46.20410000,12.76035000,736.00,81.185
2304,2,249,1003.809629394832,-2112.960023463144,2019-07-15T12:38:22Z,46.20400000,12.76036667,734.00,81.179
2305,2,250,1004.809629394832,-2111.960023463144,2019-07-15T12:38:23Z,46.20390000,12.76036667,732.00,81.173
2306,2,251,1005.809629394832,-2110.960023463144,2019-07-15T12:38:24Z,46.20380000,12.76038333,731.00,81.167
2307,2,252,1006.809629394832,-2109.960023463144,2019-07-15T12:38:25Z,46.20370000,12.76041667,732.00,81.162
2308,2,253,1007.809629394832,-2108.960023463144,2019-07-15T12:38:26Z,46.20360000,12.76043333,728.00,81.156
2309,2,254,1008.809629394832,-2107.960023463144,2019-07-15T12:38:27Z,46.20350000,12.76046667,728.00,81.151
2310,2,255,1009.809629394832,-2106.960023463144,2019-07-15T12:38:28Z,46.20338333,12.76050000,728.00,81.145
2311,2,256,1010.809629394832,-2105.960023463144,2019-07-15T12:38:29Z,46.20328333,12.76053333,728.00,81.14
2312,2,257,1011.809629394832,-2104.960023463144,2019-07-15T12:38:30Z,46.20316667,12.76058333,727.00,81.135
2313,2,258,1012.809629394832,-2103.960023463144,2019-07-15T12:38:31Z,46.20306667,12.76063333,725.00,81.131
2314,2,259,1013.809629394832,-2102.960023463144,2019-07-15T12:38:32Z,46.20296667,12.76068333,724.00,81.127
2315,2,260,1014.809629394832,-2101.960023463144,2019-07-15T12:38:33Z,46.20286667,12.76073333,721.00,81.123
2316,2,261,1015.809629394832,-2100.960023463144,2019-07-15T12:38:34Z,46.20276667,12.76075000,719.00,81.117
2317,2,262,1016.809629394832,-2099.960023463144,2019-07-15T12:38:35Z,46.20266667,12.76075000,717.00,81.11
2318,2,263,1017.809629394832,-2098.960023463144,2019-07-15T12:38:36Z,46.20255000,12.76073333,714.00,81.101
2319,2,264,1018.809629394832,-2097.960023463144,2019-07-15T12:38:37Z,46.20245000,12.76070000,710.00,81.092
2320,2,265,1019.809629394832,-2096.960023463144,2019-07-15T12:38:38Z,46.20233333,12.76066667,710.00,81.082
2321,2,266,1020.809629394832,-2095.960023463144,2019-07-15T12:38:39Z,46.20223333,12.76063333,709.00,81.074
2322,2,267,1021.809629394832,-2094.960023463144,2019-07-15T12:38:40Z,46.20213333,12.76058333,705.00,81.064
2323,2,268,1022.809629394832,-2093.960023463144,2019-07-15T12:38:41Z,46.20201667,12.76055000,703.00,81.054
2324,2,269,1023.809629394832,-2092.960023463144,2019-07-15T12:38:42Z,46.20191667,12.76050000,702.00,81.044
2325,2,270,1024.809629394832,-2091.960023463144,2019-07-15T12:38:43Z,46.20181667,12.76045000,700.00,81.034
2326,2,271,1025.809629394832,-2090.960023463144,2019-07-15T12:38:44Z,46.20171667,12.76038333,699.00,81.023
2327,2,272,1026.809629394832,-2089.960023463144,2019-07-15T12:38:45Z,46.20161667,12.76033333,697.00,81.013
2328,2,273,1027.809629394832,-2088.960023463144,2019-07-15T12:38:46Z,46.20151667,12.76028333,695.00,81.003
2329,2,274,1028.809629394832,-2087.960023463144,2019-07-15T12:38:47Z,46.20143333,12.76023333,692.00,80.994
2330,2,275,1029.809629394832,-2086.960023463144,2019-07-15T12:38:48Z,46.20133333,12.76018333,689.00,80.984
2331,2,276,1030.809629394832,-2085.960023463144,2019-07-15T12:38:49Z,46.20123333,12.76015000,689.00,80.976
2332,2,277,1031.809629394832,-2084.960023463144,2019-07-15T12:38:50Z,46.20113333,12.76011667,687.00,80.967
2333,2,278,1032.809629394832,-2083.960023463144,2019-07-15T12:38:51Z,46.20103333,12.76008333,683.00,80.958
2334,2,279,1033.809629394832,-2082.960023463144,2019-07-15T12:38:52Z,46.20091667,12.76005000,679.00,80.948
2335,2,280,1034.809629394832,-2081.960023463144,2019-07-15T12:38:53Z,46.20081667,12.76000000,676.00,80.938
2336,2,281,1035.809629394832,-2080.960023463144,2019-07-15T12:38:54Z,46.20071667,12.75995000,671.00,80.928
2337,2,282,1036.809629394832,-2079.960023463144,2019-07-15T12:38:55Z,46.20061667,12.75991667,671.00,80.919
2338,2,283,1037.809629394832,-2078.960023463144,2019-07-15T12:38:56Z,46.20051667,12.75986667,672.00,80.909
2339,2,284,1038.809629394832,-2077.960023463144,2019-07-15T12:38:57Z,46.20043333,12.75983333,671.00,80.902
2340,2,285,1039.809629394832,-2076.960023463144,2019-07-15T12:38:58Z,46.20035000,12.75980000,670.00,80.894
2341,2,286,1040.809629394832,-2075.960023463144,2019-07-15T12:38:59Z,46.20025000,12.75976667,666.00,80.885
2342,2,287,1041.809629394832,-2074.960023463144,2019-07-15T12:39:00Z,46.20015000,12.75971667,661.00,80.875
2343,2,288,1042.809629394832,-2073.960023463144,2019-07-15T12:39:01Z,46.20003333,12.75968333,657.00,80.865
2344,2,289,1043.809629394832,-2072.960023463144,2019-07-15T12:39:02Z,46.19991667,12.75965000,653.00,80.855
2345,2,290,1044.809629394832,-2071.960023463144,2019-07-15T12:39:03Z,46.19978333,12.75963333,650.00,80.845
2346,2,291,1045.809629394832,-2070.960023463144,2019-07-15T12:39:04Z,46.19966667,12.75963333,647.00,80.837
2347,2,292,1046.809629394832,-2069.960023463144,2019-07-15T12:39:05Z,46.19955000,12.75965000,647.00,80.83
2348,2,293,1047.809629394832,-2068.960023463144,2019-07-15T12:39:06Z,46.19943333,12.75966667,646.00,80.823
2349,2,294,1048.809629394832,-2067.960023463144,2019-07-15T12:39:07Z,46.19931667,12.75970000,644.00,80.817
2350,2,295,1049.809629394832,-2066.960023463144,2019-07-15T12:39:08Z,46.19920000,12.75973333,641.00,80.811
2351,2,296,1050.809629394832,-2065.960023463144,2019-07-15T12:39:09Z,46.19908333,12.75976667,637.00,80.806
2352,2,297,1051.809629394832,-2064.960023463144,2019-07-15T12:39:10Z,46.19895000,12.75980000,633.00,80.799
2353,2,298,1052.809629394832,-2063.960023463144,2019-07-15T12:39:11Z,46.19881667,12.75980000,632.00,80.789
2354,2,299,1053.809629394832,-2062.960023463144,2019-07-15T12:39:12Z,46.19868333,12.75981667,627.00,80.781
2355,2,300,1054.809629394832,-2061.960023463144,2019-07-15T12:39:13Z,46.19855000,12.75981667,624.00,80.772
2356,2,301,1055.809629394832,-2060.960023463144,2019-07-15T12:39:14Z,46.19843333,12.75981667,623.00,80.764
2357,2,302,1056.809629394832,-2059.960023463144,2019-07-15T12:39:15Z,46.19830000,12.75980000,621.00,80.754
2358,2,303,1057.809629394832,-2058.960023463144,2019-07-15T12:39:16Z,46.19818333,12.75978333,619.00,80.746
2359,2,304,1058.809629394832,-2057.960023463144,2019-07-15T12:39:17Z,46.19806667,12.75975000,617.00,80.736
2360,2,305,1059.809629394832,-2056.960023463144,2019-07-15T12:39:18Z,46.19795000,12.75968333,614.00,80.724
2361,2,306,1060.809629394832,-2055.960023463144,2019-07-15T12:39:19Z,46.19781667,12.75960000,611.00,80.71
2362,2,307,1061.809629394832,-2054.960023463144,2019-07-15T12:39:20Z,46.19770000,12.75950000,607.00,80.696
2363,2,308,1062.809629394832,-2053.960023463144,2019-07-15T12:39:21Z,46.19758333,12.75940000,604.00,80.682
2364,2,309,1063.809629394832,-2052.960023463144,2019-07-15T12:39:22Z,46.19745000,12.75930000,602.00,80.666
2365,2,310,1064.809629394832,-2051.960023463144,2019-07-15T12:39:23Z,46.19733333,12.75920000,600.00,80.652
2366,2,311,1065.809629394832,-2050.960023463144,2019-07-15T12:39:24Z,46.19721667,12.75910000,597.00,80.638
2367,2,312,1066.809629394832,-2049.960023463144,2019-07-15T12:39:25Z,46.19708333,12.75898333,595.00,80.622
2368,2,313,1067.809629394832,-2048.960023463144,2019-07-15T12:39:26Z,46.19698333,12.75886667,593.00,80.608
2369,2,314,1068.809629394832,-2047.960023463144,2019-07-15T12:39:27Z,46.19686667,12.75875000,590.00,80.593
2370,2,315,1069.809629394832,-2046.960023463144,2019-07-15T12:39:28Z,46.19675000,12.75863333,588.00,80.578
2371,2,316,1070.809629394832,-2045.960023463144,2019-07-15T12:39:29Z,46.19663333,12.75851667,585.00,80.563
2372,2,317,1071.809629394832,-2044.960023463144,2019-07-15T12:39:30Z,46.19651667,12.75840000,582.00,80.548
2373,2,318,1072.809629394832,-2043.960023463144,2019-07-15T12:39:31Z,46.19640000,12.75828333,578.00,80.533
2374,2,319,1073.809629394832,-2042.960023463144,2019-07-15T12:39:32Z,46.19630000,12.75816667,575.00,80.519
2375,2,320,1074.809629394832,-2041.960023463144,2019-07-15T12:39:33Z,46.19618333,12.75805000,572.00,80.504
2376,2,321,1075.809629394832,-2040.960023463144,2019-07-15T12:39:34Z,46.19606667,12.75795000,570.00,80.49
2377,2,322,1076.809629394832,-2039.960023463144,2019-07-15T12:39:35Z,46.19593333,12.75785000,570.00,80.475
2378,2,323,1077.809629394832,-2038.960023463144,2019-07-15T12:39:36Z,46.19580000,12.75778333,569.00,80.462
2379,2,324,1078.809629394832,-2037.960023463144,2019-07-15T12:39:37Z,46.19568333,12.75771667,570.00,80.45
2380,2,325,1079.809629394832,-2036.960023463144,2019-07-15T12:39:38Z,46.19555000,12.75768333,571.00,80.439
2381,2,326,1080.809629394832,-2035.960023463144,2019-07-15T12:39:39Z,46.19543333,12.75763333,573.00,80.428
2382,2,327,1081.809629394832,-2034.960023463144,2019-07-15T12:39:40Z,46.19533333,12.75758333,575.00,80.419
2383,2,328,1082.809629394832,-2033.960023463144,2019-07-15T12:39:41Z,46.19523333,12.75755000,578.00,80.41
2384,2,329,1083.809629394832,-2032.960023463144,2019-07-15T12:39:42Z,46.19515000,12.75751667,580.00,80.402
2385,2,330,1084.809629394832,-2031.960023463144,2019-07-15T12:39:43Z,46.19505000,12.75748333,580.00,80.394
2386,2,331,1085.809629394832,-2030.960023463144,2019-07-15T12:39:44Z,46.19493333,12.75750000,580.00,80.387
2387,2,332,1086.809629394832,-2029.960023463144,2019-07-15T12:39:45Z,46.19481667,12.75751667,580.00,80.38
2388,2,333,1087.809629394832,-2028.960023463144,2019-07-15T12:39:46Z,46.19470000,12.75751667,580.00,80.372
2389,2,334,1088.809629394832,-2027.960023463144,2019-07-15T12:39:47Z,46.19460000,12.75750000,581.00,80.364
2390,2,335,1089.809629394832,-2026.960023463144,2019-07-15T12:39:48Z,46.19450000,12.75746667,582.00,80.356
2391,2,336,1090.809629394832,-2025.960023463144,2019-07-15T12:39:49Z,46.19443333,12.75738333,583.00,80.346
2392,2,337,1091.809629394832,-2024.960023463144,2019-07-15T12:39:50Z,46.19436667,12.75726667,582.00,80.334
2393,2,338,1092.809629394832,-2023.960023463144,2019-07-15T12:39:51Z,46.19433333,12.75711667,582.00,80.323
2394,2,339,1093.809629394832,-2022.960023463144,2019-07-15T12:39:52Z,46.19431667,12.75695000,581.00,80.312
2395,2,340,1094.809629394832,-2021.960023463144,2019-07-15T12:39:53Z,46.19430000,12.75676667,582.00,80.299
2396,2,341,1095.809629394832,-2020.960023463144,2019-07-15T12:39:54Z,46.19428333,12.75660000,583.00,80.288
2397,2,342,1096.809629394832,-2019.960023463144,2019-07-15T12:39:55Z,46.19425000,12.75645000,585.00,80.276
2398,2,343,1097.809629394832,-2018.960023463144,2019-07-15T12:39:56Z,46.19418333,12.75635000,584.00,80.266
2399,2,344,1098.809629394832,-2017.960023463144,2019-07-15T12:39:57Z,46.19410000,12.75628333,589.00,80.256
2400,2,345,1099.809629394832,-2016.960023463144,2019-07-15T12:39:58Z,46.19401667,12.75626667,588.00,80.25
2401,2,346,1100.809629394832,-2015.960023463144,2019-07-15T12:39:59Z,46.19391667,12.75630000,587.00,80.245
2402,2,347,1101.809629394832,-2014.960023463144,2019-07-15T12:40:00Z,46.19381667,12.75638333,586.00,80.243
2403,2,348,1102.809629394832,-2013.960023463144,2019-07-15T12:40:01Z,46.19375000,12.75651667,584.00,80.247
2404,2,349,1103.809629394832,-2012.960023463144,2019-07-15T12:40:02Z,46.19366667,12.75668333,582.00,80.252
2405,2,350,1104.809629394832,-2011.960023463144,2019-07-15T12:40:03Z,46.19361667,12.75685000,582.00,80.259
2406,2,351,1105.809629394832,-2010.960023463144,2019-07-15T12:40:04Z,46.19358333,12.75703333,582.00,80.268
2407,2,352,1106.809629394832,-2009.960023463144,2019-07-15T12:40:05Z,46.19356667,12.75720000,582.00,80.277
2408,2,353,1107.809629394832,-2008.960023463144,2019-07-15T12:40:06Z,46.19356667,12.75738333,583.00,80.288
2409,2,354,1108.809629394832,-2007.960023463144,2019-07-15T12:40:07Z,46.19360000,12.75758333,584.00,80.303
2410,2,355,1109.809629394832,-2006.960023463144,2019-07-15T12:40:08Z,46.19366667,12.75775000,583.00,80.317
2411,2,356,1110.809629394832,-2005.960023463144,2019-07-15T12:40:09Z,46.19376667,12.75791667,583.00,80.334
2412,2,357,1111.809629394832,-2004.960023463144,2019-07-15T12:40:10Z,46.19390000,12.75805000,583.00,80.351
2413,2,358,1112.809629394832,-2003.960023463144,2019-07-15T12:40:11Z,46.19405000,12.75811667,584.00,80.366
2414,2,359,1113.809629394832,-2002.960023463144,2019-07-15T12:40:12Z,46.19421667,12.75813333,586.00,80.378
2415,2,360,1114.809629394832,-2001.960023463144,2019-07-15T12:40:13Z,46.19436667,12.75810000,586.00,80.386
2416,2,361,1115.809629394832,-2000.960023463144,2019-07-15T12:40:14Z,46.19451667,12.75803333,586.00,80.392
2417,2,362,1116.809629394832,-1999.960023463144,2019-07-15T12:40:15Z,46.19465000,12.75795000,587.00,80.395
2418,2,363,1117.809629394832,-1998.960023463144,2019-07-15T12:40:16Z,46.19476667,12.75785000,588.00,80.397
2419,2,364,1118.809629394832,-1997.960023463144,2019-07-15T12:40:17Z,46.19486667,12.75775000,590.00,80.398
2420,2,365,1119.809629394832,-1996.960023463144,2019-07-15T12:40:18Z,46.19496667,12.75763333,592.00,80.397
2421,2,366,1120.809629394832,-1995.960023463144,2019-07-15T12:40:19Z,46.19503333,12.75750000,593.00,80.393
2422,2,367,1121.809629394832,-1994.960023463144,2019-07-15T12:40:20Z,46.19510000,12.75735000,595.00,80.389
2423,2,368,1122.809629394832,-1993.960023463144,2019-07-15T12:40:21Z,46.19513333,12.75718333,596.00,80.381
2424,2,369,1123.809629394832,-1992.960023463144,2019-07-15T12:40:22Z,46.19513333,12.75703333,599.00,80.372
2425,2,370,1124.809629394832,-1991.960023463144,2019-07-15T12:40:23Z,46.19513333,12.75688333,599.00,80.362
2426,2,371,1125.809629394832,-1990.960023463144,2019-07-15T12:40:24Z,46.19508333,12.75676667,601.00,80.352
2427,2,372,1126.809629394832,-1989.960023463144,2019-07-15T12:40:25Z,46.19501667,12.75666667,601.00,80.341
2428,2,373,1127.809629394832,-1988.960023463144,2019-07-15T12:40:26Z,46.19491667,12.75661667,600.00,80.331
2429,2,374,1128.809629394832,-1987.960023463144,2019-07-15T12:40:27Z,46.19481667,12.75660000,599.00,80.324
2430,2,375,1129.809629394832,-1986.960023463144,2019-07-15T12:40:28Z,46.19473333,12.75660000,599.00,80.318
2431,2,376,1130.809629394832,-1985.960023463144,2019-07-15T12:40:29Z,46.19463333,12.75661667,598.00,80.312
2432,2,377,1131.809629394832,-1984.960023463144,2019-07-15T12:40:30Z,46.19453333,12.75665000,596.00,80.308
2433,2,378,1132.809629394832,-1983.960023463144,2019-07-15T12:40:31Z,46.19443333,12.75668333,595.00,80.303
2434,2,379,1133.809629394832,-1982.960023463144,2019-07-15T12:40:32Z,46.19433333,12.75671667,594.00,80.298
2435,2,380,1134.809629394832,-1981.960023463144,2019-07-15T12:40:33Z,46.19423333,12.75675000,593.00,80.294
2436,2,381,1135.809629394832,-1980.960023463144,2019-07-15T12:40:34Z,46.19413333,12.75680000,592.00,80.29
2437,2,382,1136.809629394832,-1979.960023463144,2019-07-15T12:40:35Z,46.19403333,12.75685000,592.00,80.286
2438,2,383,1137.809629394832,-1978.960023463144,2019-07-15T12:40:36Z,46.19393333,12.75691667,590.00,80.284
2439,2,384,1138.809629394832,-1977.960023463144,2019-07-15T12:40:37Z,46.19383333,12.75698333,589.00,80.281
2440,2,385,1139.809629394832,-1976.960023463144,2019-07-15T12:40:38Z,46.19373333,12.75708333,588.00,80.281
2441,2,386,1140.809629394832,-1975.960023463144,2019-07-15T12:40:39Z,46.19365000,12.75716667,587.00,80.28
2442,2,387,1141.809629394832,-1974.960023463144,2019-07-15T12:40:40Z,46.19355000,12.75725000,585.00,80.279
2443,2,388,1142.809629394832,-1973.960023463144,2019-07-15T12:40:41Z,46.19345000,12.75735000,584.00,80.278
2444,2,389,1143.809629394832,-1972.960023463144,2019-07-15T12:40:42Z,46.19335000,12.75745000,582.00,80.278
2445,2,390,1144.809629394832,-1971.960023463144,2019-07-15T12:40:43Z,46.19326667,12.75758333,583.00,80.281
2446,2,391,1145.809629394832,-1970.960023463144,2019-07-15T12:40:44Z,46.19318333,12.75773333,584.00,80.284
2447,2,392,1146.809629394832,-1969.960023463144,2019-07-15T12:40:45Z,46.19311667,12.75788333,585.00,80.289
2448,2,393,1147.809629394832,-1968.960023463144,2019-07-15T12:40:46Z,46.19305000,12.75806667,584.00,80.296
2449,2,394,1148.809629394832,-1967.960023463144,2019-07-15T12:40:47Z,46.19296667,12.75825000,586.00,80.302
2450,2,395,1149.809629394832,-1966.960023463144,2019-07-15T12:40:48Z,46.19290000,12.75845000,587.00,80.31
2451,2,396,1150.809629394832,-1965.960023463144,2019-07-15T12:40:49Z,46.19283333,12.75863333,589.00,80.317
2452,2,397,1151.809629394832,-1964.960023463144,2019-07-15T12:40:50Z,46.19278333,12.75881667,591.00,80.325
2453,2,398,1152.809629394832,-1963.960023463144,2019-07-15T12:40:51Z,46.19273333,12.75901667,594.00,80.334
2454,2,399,1153.809629394832,-1962.960023463144,2019-07-15T12:40:52Z,46.19273333,12.75921667,597.00,80.346
2455,2,400,1154.809629394832,-1961.960023463144,2019-07-15T12:40:53Z,46.19275000,12.75941667,599.00,80.36
2456,2,401,1155.809629394832,-1960.960023463144,2019-07-15T12:40:54Z,46.19278333,12.75960000,602.00,80.373
2457,2,402,1156.809629394832,-1959.960023463144,2019-07-15T12:40:55Z,46.19288333,12.75976667,604.00,80.39
2458,2,403,1157.809629394832,-1958.960023463144,2019-07-15T12:40:56Z,46.19300000,12.75990000,604.00,80.406
2459,2,404,1158.809629394832,-1957.960023463144,2019-07-15T12:40:57Z,46.19315000,12.75996667,604.00,80.42
2460,2,405,1159.809629394832,-1956.960023463144,2019-07-15T12:40:58Z,46.19330000,12.75996667,606.00,80.43
2461,2,406,1160.809629394832,-1955.960023463144,2019-07-15T12:40:59Z,46.19343333,12.75990000,607.00,80.435
2462,2,407,1161.809629394832,-1954.960023463144,2019-07-15T12:41:00Z,46.19353333,12.75978333,608.00,80.434
2463,2,408,1162.809629394832,-1953.960023463144,2019-07-15T12:41:01Z,46.19360000,12.75965000,610.00,80.43
2464,2,409,1163.809629394832,-1952.960023463144,2019-07-15T12:41:02Z,46.19361667,12.75948333,609.00,80.421
2465,2,410,1164.809629394832,-1951.960023463144,2019-07-15T12:41:03Z,46.19360000,12.75931667,608.00,80.41
2466,2,411,1165.809629394832,-1950.960023463144,2019-07-15T12:41:04Z,46.19356667,12.75916667,607.00,80.398
2467,2,412,1166.809629394832,-1949.960023463144,2019-07-15T12:41:05Z,46.19351667,12.75901667,608.00,80.386
2468,2,413,1167.809629394832,-1948.960023463144,2019-07-15T12:41:06Z,46.19346667,12.75886667,611.00,80.373
2469,2,414,1168.809629394832,-1947.960023463144,2019-07-15T12:41:07Z,46.19341667,12.75875000,614.00,80.362
2470,2,415,1169.809629394832,-1946.960023463144,2019-07-15T12:41:08Z,46.19335000,12.75865000,616.00,80.352
2471,2,416,1170.809629394832,-1945.960023463144,2019-07-15T12:41:09Z,46.19326667,12.75856667,619.00,80.341
2472,2,417,1171.809629394832,-1944.960023463144,2019-07-15T12:41:10Z,46.19318333,12.75850000,620.00,80.332
2473,2,418,1172.809629394832,-1943.960023463144,2019-07-15T12:41:11Z,46.19308333,12.75846667,622.00,80.323
2474,2,419,1173.809629394832,-1942.960023463144,2019-07-15T12:41:12Z,46.19296667,12.75848333,624.00,80.316
2475,2,420,1174.809629394832,-1941.960023463144,2019-07-15T12:41:13Z,46.19286667,12.75853333,624.00,80.313
2476,2,421,1175.809629394832,-1940.960023463144,2019-07-15T12:41:14Z,46.19276667,12.75863333,626.00,80.312
2477,2,422,1176.809629394832,-1939.960023463144,2019-07-15T12:41:15Z,46.19268333,12.75878333,627.00,80.316
2478,2,423,1177.809629394832,-1938.960023463144,2019-07-15T12:41:16Z,46.19261667,12.75896667,627.00,80.323
2479,2,424,1178.809629394832,-1937.960023463144,2019-07-15T12:41:17Z,46.19258333,12.75916667,628.00,80.333
2480,2,425,1179.809629394832,-1936.960023463144,2019-07-15T12:41:18Z,46.19256667,12.75935000,630.00,80.343
2481,2,426,1180.809629394832,-1935.960023463144,2019-07-15T12:41:19Z,46.19260000,12.75953333,632.00,80.357
2482,2,427,1181.809629394832,-1934.960023463144,2019-07-15T12:41:20Z,46.19265000,12.75970000,635.00,80.37
2483,2,428,1182.809629394832,-1933.960023463144,2019-07-15T12:41:21Z,46.19273333,12.75983333,637.00,80.384
2484,2,429,1183.809629394832,-1932.960023463144,2019-07-15T12:41:22Z,46.19283333,12.75991667,639.00,80.396
2485,2,430,1184.809629394832,-1931.960023463144,2019-07-15T12:41:23Z,46.19295000,12.75998333,641.00,80.408
2486,2,431,1185.809629394832,-1930.960023463144,2019-07-15T12:41:24Z,46.19308333,12.75998333,641.00,80.417
2487,2,432,1186.809629394832,-1929.960023463144,2019-07-15T12:41:25Z,46.19321667,12.75993333,642.00,80.422
2488,2,433,1187.809629394832,-1928.960023463144,2019-07-15T12:41:26Z,46.19333333,12.75981667,643.00,80.423
2489,2,434,1188.809629394832,-1927.960023463144,2019-07-15T12:41:27Z,46.19341667,12.75968333,645.00,80.42
2490,2,435,1189.809629394832,-1926.960023463144,2019-07-15T12:41:28Z,46.19348333,12.75956667,648.00,80.417
2491,2,436,1190.809629394832,-1925.960023463144,2019-07-15T12:41:29Z,46.19350000,12.75943333,651.00,80.41
2492,2,437,1191.809629394832,-1924.960023463144,2019-07-15T12:41:30Z,46.19351667,12.75931667,653.00,80.404
2493,2,438,1192.809629394832,-1923.960023463144,2019-07-15T12:41:31Z,46.19348333,12.75918333,655.00,80.394
2494,2,439,1193.809629394832,-1922.960023463144,2019-07-15T12:41:32Z,46.19343333,12.75906667,656.00,80.383
2495,2,440,1194.809629394832,-1921.960023463144,2019-07-15T12:41:33Z,46.19333333,12.75898333,658.00,80.371
2496,2,441,1195.809629394832,-1920.960023463144,2019-07-15T12:41:34Z,46.19323333,12.75895000,661.00,80.363
2497,2,442,1196.809629394832,-1919.960023463144,2019-07-15T12:41:35Z,46.19313333,12.75895000,664.00,80.356
2498,2,443,1197.809629394832,-1918.960023463144,2019-07-15T12:41:36Z,46.19303333,12.75900000,664.00,80.352
2499,2,444,1198.809629394832,-1917.960023463144,2019-07-15T12:41:37Z,46.19295000,12.75911667,664.00,80.354
2500,2,445,1199.809629394832,-1916.960023463144,2019-07-15T12:41:38Z,46.19290000,12.75926667,664.00,80.36
2501,2,446,1200.809629394832,-1915.960023463144,2019-07-15T12:41:39Z,46.19288333,12.75946667,664.00,80.371
2502,2,447,1201.809629394832,-1914.960023463144,2019-07-15T12:41:40Z,46.19291667,12.75966667,665.00,80.386
2503,2,448,1202.809629394832,-1913.960023463144,2019-07-15T12:41:41Z,46.19300000,12.75985000,667.00,80.403
2504,2,449,1203.809629394832,-1912.960023463144,2019-07-15T12:41:42Z,46.19308333,12.76000000,669.00,80.418
2505,2,450,1204.809629394832,-1911.960023463144,2019-07-15T12:41:43Z,46.19320000,12.76010000,672.00,80.432
2506,2,451,1205.809629394832,-1910.960023463144,2019-07-15T12:41:44Z,46.19333333,12.76016667,674.00,80.445
2507,2,452,1206.809629394832,-1909.960023463144,2019-07-15T12:41:45Z,46.19345000,12.76020000,676.00,80.454
2508,2,453,1207.809629394832,-1908.960023463144,2019-07-15T12:41:46Z,46.19358333,12.76018333,677.00,80.462
2509,2,454,1208.809629394832,-1907.960023463144,2019-07-15T12:41:47Z,46.19370000,12.76011667,679.00,80.466
2510,2,455,1209.809629394832,-1906.960023463144,2019-07-15T12:41:48Z,46.19380000,12.76001667,681.00,80.466
2511,2,456,1210.809629394832,-1905.960023463144,2019-07-15T12:41:49Z,46.19388333,12.75988333,683.00,80.463
2512,2,457,1211.809629394832,-1904.960023463144,2019-07-15T12:41:50Z,46.19391667,12.75973333,684.00,80.456
2513,2,458,1212.809629394832,-1903.960023463144,2019-07-15T12:41:51Z,46.19391667,12.75955000,685.00,80.445
2514,2,459,1213.809629394832,-1902.960023463144,2019-07-15T12:41:52Z,46.19386667,12.75938333,686.00,80.431
2515,2,460,1214.809629394832,-1901.960023463144,2019-07-15T12:41:53Z,46.19378333,12.75923333,688.00,80.417
2516,2,461,1215.809629394832,-1900.960023463144,2019-07-15T12:41:54Z,46.19368333,12.75913333,690.00,80.404
2517,2,462,1216.809629394832,-1899.960023463144,2019-07-15T12:41:55Z,46.19358333,12.75906667,693.00,80.393
2518,2,463,1217.809629394832,-1898.960023463144,2019-07-15T12:41:56Z,46.19348333,12.75901667,695.00,80.383
2519,2,464,1218.809629394832,-1897.960023463144,2019-07-15T12:41:57Z,46.19338333,12.75903333,697.00,80.378
2520,2,465,1219.809629394832,-1896.960023463144,2019-07-15T12:41:58Z,46.19328333,12.75908333,698.00,80.374
2521,2,466,1220.809629394832,-1895.960023463144,2019-07-15T12:41:59Z,46.19320000,12.75918333,698.00,80.375
2522,2,467,1221.809629394832,-1894.960023463144,2019-07-15T12:42:00Z,46.19313333,12.75931667,700.00,80.379
2523,2,468,1222.809629394832,-1893.960023463144,2019-07-15T12:42:01Z,46.19311667,12.75948333,702.00,80.388
2524,2,469,1223.809629394832,-1892.960023463144,2019-07-15T12:42:02Z,46.19313333,12.75965000,703.00,80.399
2525,2,470,1224.809629394832,-1891.960023463144,2019-07-15T12:42:03Z,46.19318333,12.75981667,703.00,80.413
2526,2,471,1225.809629394832,-1890.960023463144,2019-07-15T12:42:04Z,46.19326667,12.75998333,704.00,80.429
2527,2,472,1226.809629394832,-1889.960023463144,2019-07-15T12:42:05Z,46.19340000,12.76010000,704.00,80.445
2528,2,473,1227.809629394832,-1888.960023463144,2019-07-15T12:42:06Z,46.19353333,12.76016667,705.00,80.458
2529,2,474,1228.809629394832,-1887.960023463144,2019-07-15T12:42:07Z,46.19366667,12.76018333,707.00,80.468
2530,2,475,1229.809629394832,-1886.960023463144,2019-07-15T12:42:08Z,46.19380000,12.76015000,710.00,80.474
2531,2,476,1230.809629394832,-1885.960023463144,2019-07-15T12:42:09Z,46.19390000,12.76006667,712.00,80.476
2532,2,477,1231.809629394832,-1884.960023463144,2019-07-15T12:42:10Z,46.19396667,12.75995000,714.00,80.473
2533,2,478,1232.809629394832,-1883.960023463144,2019-07-15T12:42:11Z,46.19401667,12.75978333,716.00,80.466
2534,2,479,1233.809629394832,-1882.960023463144,2019-07-15T12:42:12Z,46.19400000,12.75961667,718.00,80.455
2535,2,480,1234.809629394832,-1881.960023463144,2019-07-15T12:42:13Z,46.19395000,12.75945000,720.00,80.441
2536,2,481,1235.809629394832,-1880.960023463144,2019-07-15T12:42:14Z,46.19386667,12.75933333,721.00,80.428
2537,2,482,1236.809629394832,-1879.960023463144,2019-07-15T12:42:15Z,46.19376667,12.75925000,722.00,80.417
2538,2,483,1237.809629394832,-1878.960023463144,2019-07-15T12:42:16Z,46.19366667,12.75921667,723.00,80.408
2539,2,484,1238.809629394832,-1877.960023463144,2019-07-15T12:42:17Z,46.19355000,12.75923333,724.00,80.401
2540,2,485,1239.809629394832,-1876.960023463144,2019-07-15T12:42:18Z,46.19345000,12.75928333,725.00,80.398
2541,2,486,1240.809629394832,-1875.960023463144,2019-07-15T12:42:19Z,46.19336667,12.75938333,726.00,80.398
2542,2,487,1241.809629394832,-1874.960023463144,2019-07-15T12:42:20Z,46.19330000,12.75951667,728.00,80.402
2543,2,488,1242.809629394832,-1873.960023463144,2019-07-15T12:42:21Z,46.19325000,12.75968333,729.00,80.409
2544,2,489,1243.809629394832,-1872.960023463144,2019-07-15T12:42:22Z,46.19323333,12.75986667,731.00,80.419
2545,2,490,1244.809629394832,-1871.960023463144,2019-07-15T12:42:23Z,46.19326667,12.76008333,732.00,80.435
2546,2,491,1245.809629394832,-1870.960023463144,2019-07-15T12:42:24Z,46.19333333,12.76026667,733.00,80.451
2547,2,492,1246.809629394832,-1869.960023463144,2019-07-15T12:42:25Z,46.19343333,12.76045000,735.00,80.469
2548,2,493,1247.809629394832,-1868.960023463144,2019-07-15T12:42:26Z,46.19355000,12.76058333,736.00,80.485
2549,2,494,1248.809629394832,-1867.960023463144,2019-07-15T12:42:27Z,46.19370000,12.76065000,738.00,80.499
2550,2,495,1249.809629394832,-1866.960023463144,2019-07-15T12:42:28Z,46.19383333,12.76066667,741.00,80.509
2551,2,496,1250.809629394832,-1865.960023463144,2019-07-15T12:42:29Z,46.19395000,12.76065000,744.00,80.515
2552,2,497,1251.809629394832,-1864.960023463144,2019-07-15T12:42:30Z,46.19405000,12.76056667,748.00,80.517
2553,2,498,1252.809629394832,-1863.960023463144,2019-07-15T12:42:31Z,46.19411667,12.76045000,751.00,80.514
2554,2,499,1253.809629394832,-1862.960023463144,2019-07-15T12:42:32Z,46.19411667,12.76028333,752.00,80.504
2555,2,500,1254.809629394832,-1861.960023463144,2019-07-15T12:42:33Z,46.19408333,12.76013333,752.00,80.492
2556,2,501,1255.809629394832,-1860.960023463144,2019-07-15T12:42:34Z,46.19401667,12.76001667,752.00,80.481
2557,2,502,1256.809629394832,-1859.960023463144,2019-07-15T12:42:35Z,46.19391667,12.75993333,752.00,80.469
2558,2,503,1257.809629394832,-1858.960023463144,2019-07-15T12:42:36Z,46.19381667,12.75988333,752.00,80.459
2559,2,504,1258.809629394832,-1857.960023463144,2019-07-15T12:42:37Z,46.19370000,12.75986667,754.00,80.45
2560,2,505,1259.809629394832,-1856.960023463144,2019-07-15T12:42:38Z,46.19360000,12.75986667,756.00,80.444
2561,2,506,1260.809629394832,-1855.960023463144,2019-07-15T12:42:39Z,46.19351667,12.75990000,758.00,80.44
2562,2,507,1261.809629394832,-1854.960023463144,2019-07-15T12:42:40Z,46.19341667,12.75996667,759.00,80.438
2563,2,508,1262.809629394832,-1853.960023463144,2019-07-15T12:42:41Z,46.19333333,12.76006667,761.00,80.438
2564,2,509,1263.809629394832,-1852.960023463144,2019-07-15T12:42:42Z,46.19326667,12.76021667,764.00,80.443
2565,2,510,1264.809629394832,-1851.960023463144,2019-07-15T12:42:43Z,46.19321667,12.76040000,765.00,80.451
2566,2,511,1265.809629394832,-1850.960023463144,2019-07-15T12:42:44Z,46.19321667,12.76060000,767.00,80.464
2567,2,512,1266.809629394832,-1849.960023463144,2019-07-15T12:42:45Z,46.19326667,12.76080000,769.00,80.479
2568,2,513,1267.809629394832,-1848.960023463144,2019-07-15T12:42:46Z,46.19333333,12.76100000,770.00,80.496
2569,2,514,1268.809629394832,-1847.960023463144,2019-07-15T12:42:47Z,46.19343333,12.76116667,771.00,80.513
2570,2,515,1269.809629394832,-1846.960023463144,2019-07-15T12:42:48Z,46.19356667,12.76130000,772.00,80.53
2571,2,516,1270.809629394832,-1845.960023463144,2019-07-15T12:42:49Z,46.19370000,12.76138333,774.00,80.544
2572,2,517,1271.809629394832,-1844.960023463144,2019-07-15T12:42:50Z,46.19383333,12.76143333,777.00,80.556
2573,2,518,1272.809629394832,-1843.960023463144,2019-07-15T12:42:51Z,46.19398333,12.76143333,779.00,80.566
2574,2,519,1273.809629394832,-1842.960023463144,2019-07-15T12:42:52Z,46.19410000,12.76136667,781.00,80.569
2575,2,520,1274.809629394832,-1841.960023463144,2019-07-15T12:42:53Z,46.19420000,12.76126667,783.00,80.57
2576,2,521,1275.809629394832,-1840.960023463144,2019-07-15T12:42:54Z,46.19426667,12.76113333,785.00,80.566
2577,2,522,1276.809629394832,-1839.960023463144,2019-07-15T12:42:55Z,46.19428333,12.76098333,788.00,80.558
2578,2,523,1277.809629394832,-1838.960023463144,2019-07-15T12:42:56Z,46.19428333,12.76083333,790.00,80.549
2579,2,524,1278.809629394832,-1837.960023463144,2019-07-15T12:42:57Z,46.19425000,12.76070000,792.00,80.538
2580,2,525,1279.809629394832,-1836.960023463144,2019-07-15T12:42:58Z,46.19416667,12.76060000,792.00,80.526
2581,2,526,1280.809629394832,-1835.960023463144,2019-07-15T12:42:59Z,46.19406667,12.76053333,792.00,80.516
2582,2,527,1281.809629394832,-1834.960023463144,2019-07-15T12:43:00Z,46.19395000,12.76050000,793.00,80.506
2583,2,528,1282.809629394832,-1833.960023463144,2019-07-15T12:43:01Z,46.19383333,12.76051667,795.00,80.499
2584,2,529,1283.809629394832,-1832.960023463144,2019-07-15T12:43:02Z,46.19373333,12.76055000,798.00,80.495
2585,2,530,1284.809629394832,-1831.960023463144,2019-07-15T12:43:03Z,46.19363333,12.76063333,801.00,80.493
2586,2,531,1285.809629394832,-1830.960023463144,2019-07-15T12:43:04Z,46.19356667,12.76073333,803.00,80.495
2587,2,532,1286.809629394832,-1829.960023463144,2019-07-15T12:43:05Z,46.19350000,12.76086667,805.00,80.499
2588,2,533,1287.809629394832,-1828.960023463144,2019-07-15T12:43:06Z,46.19348333,12.76105000,806.00,80.509
2589,2,534,1288.809629394832,-1827.960023463144,2019-07-15T12:43:07Z,46.19350000,12.76123333,807.00,80.522
2590,2,535,1289.809629394832,-1826.960023463144,2019-07-15T12:43:08Z,46.19356667,12.76145000,807.00,80.539
2591,2,536,1290.809629394832,-1825.960023463144,2019-07-15T12:43:09Z,46.19366667,12.76163333,807.00,80.557
2592,2,537,1291.809629394832,-1824.960023463144,2019-07-15T12:43:10Z,46.19380000,12.76178333,807.00,80.575
2593,2,538,1292.809629394832,-1823.960023463144,2019-07-15T12:43:11Z,46.19395000,12.76191667,808.00,80.594
2594,2,539,1293.809629394832,-1822.960023463144,2019-07-15T12:43:12Z,46.19410000,12.76201667,810.00,80.61
2595,2,540,1294.809629394832,-1821.960023463144,2019-07-15T12:43:13Z,46.19425000,12.76206667,811.00,80.623
2596,2,541,1295.809629394832,-1820.960023463144,2019-07-15T12:43:14Z,46.19438333,12.76206667,813.00,80.632
2597,2,542,1296.809629394832,-1819.960023463144,2019-07-15T12:43:15Z,46.19453333,12.76203333,815.00,80.639
2598,2,543,1297.809629394832,-1818.960023463144,2019-07-15T12:43:16Z,46.19465000,12.76195000,817.00,80.642
2599,2,544,1298.809629394832,-1817.960023463144,2019-07-15T12:43:17Z,46.19476667,12.76185000,820.00,80.644
2600,2,545,1299.809629394832,-1816.960023463144,2019-07-15T12:43:18Z,46.19485000,12.76171667,822.00,80.641
2601,2,546,1300.809629394832,-1815.960023463144,2019-07-15T12:43:19Z,46.19490000,12.76156667,823.00,80.635
2602,2,547,1301.809629394832,-1814.960023463144,2019-07-15T12:43:20Z,46.19493333,12.76140000,825.00,80.627
2603,2,548,1302.809629394832,-1813.960023463144,2019-07-15T12:43:21Z,46.19493333,12.76121667,826.00,80.615
2604,2,549,1303.809629394832,-1812.960023463144,2019-07-15T12:43:22Z,46.19488333,12.76103333,828.00,80.601
2605,2,550,1304.809629394832,-1811.960023463144,2019-07-15T12:43:23Z,46.19483333,12.76088333,829.00,80.588
2606,2,551,1305.809629394832,-1810.960023463144,2019-07-15T12:43:24Z,46.19475000,12.76075000,832.00,80.574
2607,2,552,1306.809629394832,-1809.960023463144,2019-07-15T12:43:25Z,46.19465000,12.76066667,834.00,80.563
2608,2,553,1307.809629394832,-1808.960023463144,2019-07-15T12:43:26Z,46.19455000,12.76063333,836.00,80.554
2609,2,554,1308.809629394832,-1807.960023463144,2019-07-15T12:43:27Z,46.19445000,12.76065000,838.00,80.548
2610,2,555,1309.809629394832,-1806.960023463144,2019-07-15T12:43:28Z,46.19436667,12.76073333,839.00,80.548
2611,2,556,1310.809629394832,-1805.960023463144,2019-07-15T12:43:29Z,46.19430000,12.76086667,839.00,80.552
2612,2,557,1311.809629394832,-1804.960023463144,2019-07-15T12:43:30Z,46.19428333,12.76105000,840.00,80.562
2613,2,558,1312.809629394832,-1803.960023463144,2019-07-15T12:43:31Z,46.19431667,12.76125000,840.00,80.577
2614,2,559,1313.809629394832,-1802.960023463144,2019-07-15T12:43:32Z,46.19440000,12.76143333,838.00,80.593
2615,2,560,1314.809629394832,-1801.960023463144,2019-07-15T12:43:33Z,46.19451667,12.76158333,838.00,80.61
2616,2,561,1315.809629394832,-1800.960023463144,2019-07-15T12:43:34Z,46.19466667,12.76170000,839.00,80.628
2617,2,562,1316.809629394832,-1799.960023463144,2019-07-15T12:43:35Z,46.19483333,12.76178333,840.00,80.644
2618,2,563,1317.809629394832,-1798.960023463144,2019-07-15T12:43:36Z,46.19498333,12.76181667,842.00,80.656
2619,2,564,1318.809629394832,-1797.960023463144,2019-07-15T12:43:37Z,46.19513333,12.76183333,845.00,80.667
2620,2,565,1319.809629394832,-1796.960023463144,2019-07-15T12:43:38Z,46.19526667,12.76180000,849.00,80.674
2621,2,566,1320.809629394832,-1795.960023463144,2019-07-15T12:43:39Z,46.19538333,12.76175000,853.00,80.678
2622,2,567,1321.809629394832,-1794.960023463144,2019-07-15T12:43:40Z,46.19550000,12.76166667,856.00,80.681
2623,2,568,1322.809629394832,-1793.960023463144,2019-07-15T12:43:41Z,46.19560000,12.76155000,858.00,80.68
2624,2,569,1323.809629394832,-1792.960023463144,2019-07-15T12:43:42Z,46.19566667,12.76140000,861.00,80.676
2625,2,570,1324.809629394832,-1791.960023463144,2019-07-15T12:43:43Z,46.19571667,12.76123333,862.00,80.669
2626,2,571,1325.809629394832,-1790.960023463144,2019-07-15T12:43:44Z,46.19573333,12.76106667,863.00,80.66
2627,2,572,1326.809629394832,-1789.960023463144,2019-07-15T12:43:45Z,46.19573333,12.76086667,864.00,80.647
2628,2,573,1327.809629394832,-1788.960023463144,2019-07-15T12:43:46Z,46.19570000,12.76068333,865.00,80.634
2629,2,574,1328.809629394832,-1787.960023463144,2019-07-15T12:43:47Z,46.19563333,12.76051667,867.00,80.619
2630,2,575,1329.809629394832,-1786.960023463144,2019-07-15T12:43:48Z,46.19555000,12.76038333,867.00,80.605
2631,2,576,1330.809629394832,-1785.960023463144,2019-07-15T12:43:49Z,46.19545000,12.76030000,868.00,80.593
2632,2,577,1331.809629394832,-1784.960023463144,2019-07-15T12:43:50Z,46.19533333,12.76025000,869.00,80.583
2633,2,578,1332.809629394832,-1783.960023463144,2019-07-15T12:43:51Z,46.19523333,12.76026667,870.00,80.577
2634,2,579,1333.809629394832,-1782.960023463144,2019-07-15T12:43:52Z,46.19513333,12.76035000,872.00,80.575
2635,2,580,1334.809629394832,-1781.960023463144,2019-07-15T12:43:53Z,46.19506667,12.76048333,875.00,80.579
2636,2,581,1335.809629394832,-1780.960023463144,2019-07-15T12:43:54Z,46.19503333,12.76063333,875.00,80.586
2637,2,582,1336.809629394832,-1779.960023463144,2019-07-15T12:43:55Z,46.19503333,12.76080000,876.00,80.596
2638,2,583,1337.809629394832,-1778.960023463144,2019-07-15T12:43:56Z,46.19508333,12.76098333,875.00,80.611
2639,2,584,1338.809629394832,-1777.960023463144,2019-07-15T12:43:57Z,46.19516667,12.76116667,873.00,80.628
2640,2,585,1339.809629394832,-1776.960023463144,2019-07-15T12:43:58Z,46.19530000,12.76135000,871.00,80.648
2641,2,586,1340.809629394832,-1775.960023463144,2019-07-15T12:43:59Z,46.19546667,12.76146667,870.00,80.666
2642,2,587,1341.809629394832,-1774.960023463144,2019-07-15T12:44:00Z,46.19563333,12.76155000,871.00,80.683
2643,2,588,1342.809629394832,-1773.960023463144,2019-07-15T12:44:01Z,46.19578333,12.76158333,873.00,80.695
2644,2,589,1343.809629394832,-1772.960023463144,2019-07-15T12:44:02Z,46.19593333,12.76158333,876.00,80.705
2645,2,590,1344.809629394832,-1771.960023463144,2019-07-15T12:44:03Z,46.19605000,12.76153333,880.00,80.709
2646,2,591,1345.809629394832,-1770.960023463144,2019-07-15T12:44:04Z,46.19615000,12.76146667,884.00,80.712
2647,2,592,1346.809629394832,-1769.960023463144,2019-07-15T12:44:05Z,46.19623333,12.76135000,888.00,80.71
2648,2,593,1347.809629394832,-1768.960023463144,2019-07-15T12:44:06Z,46.19630000,12.76121667,890.00,80.707
2649,2,594,1348.809629394832,-1767.960023463144,2019-07-15T12:44:07Z,46.19635000,12.76105000,892.00,80.7
2650,2,595,1349.809629394832,-1766.960023463144,2019-07-15T12:44:08Z,46.19636667,12.76088333,896.00,80.691
2651,2,596,1350.809629394832,-1765.960023463144,2019-07-15T12:44:09Z,46.19635000,12.76073333,898.00,80.68
2652,2,597,1351.809629394832,-1764.960023463144,2019-07-15T12:44:10Z,46.19631667,12.76058333,899.00,80.669
2653,2,598,1352.809629394832,-1763.960023463144,2019-07-15T12:44:11Z,46.19625000,12.76046667,899.00,80.657
2654,2,599,1353.809629394832,-1762.960023463144,2019-07-15T12:44:12Z,46.19616667,12.76036667,898.00,80.645
2655,2,600,1354.809629394832,-1761.960023463144,2019-07-15T12:44:13Z,46.19605000,12.76030000,898.00,80.634
2656,2,601,1355.809629394832,-1760.960023463144,2019-07-15T12:44:14Z,46.19593333,12.76026667,898.00,80.624
2657,2,602,1356.809629394832,-1759.960023463144,2019-07-15T12:44:15Z,46.19583333,12.76030000,898.00,80.619
2658,2,603,1357.809629394832,-1758.960023463144,2019-07-15T12:44:16Z,46.19573333,12.76035000,899.00,80.615
2659,2,604,1358.809629394832,-1757.960023463144,2019-07-15T12:44:17Z,46.19565000,12.76041667,902.00,80.614
2660,2,605,1359.809629394832,-1756.960023463144,2019-07-15T12:44:18Z,46.19558333,12.76050000,903.00,80.615
2661,2,606,1360.809629394832,-1755.960023463144,2019-07-15T12:44:19Z,46.19550000,12.76061667,903.00,80.616
2662,2,607,1361.809629394832,-1754.960023463144,2019-07-15T12:44:20Z,46.19541667,12.76075000,903.00,80.619
2663,2,608,1362.809629394832,-1753.960023463144,2019-07-15T12:44:21Z,46.19535000,12.76088333,902.00,80.623
2664,2,609,1363.809629394832,-1752.960023463144,2019-07-15T12:44:22Z,46.19530000,12.76103333,906.00,80.629
2665,2,610,1364.809629394832,-1751.960023463144,2019-07-15T12:44:23Z,46.19526667,12.76120000,907.00,80.637
2666,2,611,1365.809629394832,-1750.960023463144,2019-07-15T12:44:24Z,46.19525000,12.76136667,906.00,80.646
2667,2,612,1366.809629394832,-1749.960023463144,2019-07-15T12:44:25Z,46.19521667,12.76155000,906.00,80.655
2668,2,613,1367.809629394832,-1748.960023463144,2019-07-15T12:44:26Z,46.19518333,12.76173333,906.00,80.664
2669,2,614,1368.809629394832,-1747.960023463144,2019-07-15T12:44:27Z,46.19515000,12.76195000,906.00,80.675
2670,2,615,1369.809629394832,-1746.960023463144,2019-07-15T12:44:28Z,46.19516667,12.76218333,908.00,80.691
2671,2,616,1370.809629394832,-1745.960023463144,2019-07-15T12:44:29Z,46.19520000,12.76238333,912.00,80.705
2672,2,617,1371.809629394832,-1744.960023463144,2019-07-15T12:44:30Z,46.19528333,12.76258333,915.00,80.723
2673,2,618,1372.809629394832,-1743.960023463144,2019-07-15T12:44:31Z,46.19538333,12.76275000,918.00,80.74
2674,2,619,1373.809629394832,-1742.960023463144,2019-07-15T12:44:32Z,46.19551667,12.76288333,921.00,80.757
2675,2,620,1374.809629394832,-1741.960023463144,2019-07-15T12:44:33Z,46.19565000,12.76296667,924.00,80.771
2676,2,621,1375.809629394832,-1740.960023463144,2019-07-15T12:44:34Z,46.19580000,12.76301667,926.00,80.784
2677,2,622,1376.809629394832,-1739.960023463144,2019-07-15T12:44:35Z,46.19593333,12.76303333,928.00,80.794
2678,2,623,1377.809629394832,-1738.960023463144,2019-07-15T12:44:36Z,46.19606667,12.76298333,930.00,80.8
2679,2,624,1378.809629394832,-1737.960023463144,2019-07-15T12:44:37Z,46.19618333,12.76291667,932.00,80.803
2680,2,625,1379.809629394832,-1736.960023463144,2019-07-15T12:44:38Z,46.19628333,12.76278333,934.00,80.802
2681,2,626,1380.809629394832,-1735.960023463144,2019-07-15T12:44:39Z,46.19635000,12.76265000,935.00,80.798
2682,2,627,1381.809629394832,-1734.960023463144,2019-07-15T12:44:40Z,46.19638333,12.76248333,936.00,80.79
2683,2,628,1382.809629394832,-1733.960023463144,2019-07-15T12:44:41Z,46.19638333,12.76233333,937.00,80.781
2684,2,629,1383.809629394832,-1732.960023463144,2019-07-15T12:44:42Z,46.19635000,12.76218333,937.00,80.769
2685,2,630,1384.809629394832,-1731.960023463144,2019-07-15T12:44:43Z,46.19630000,12.76203333,938.00,80.757
2686,2,631,1385.809629394832,-1730.960023463144,2019-07-15T12:44:44Z,46.19621667,12.76190000,938.00,80.743
2687,2,632,1386.809629394832,-1729.960023463144,2019-07-15T12:44:45Z,46.19611667,12.76181667,940.00,80.731
2688,2,633,1387.809629394832,-1728.960023463144,2019-07-15T12:44:46Z,46.19601667,12.76175000,941.00,80.72
2689,2,634,1388.809629394832,-1727.960023463144,2019-07-15T12:44:47Z,46.19591667,12.76171667,944.00,80.712
2690,2,635,1389.809629394832,-1726.960023463144,2019-07-15T12:44:48Z,46.19580000,12.76173333,946.00,80.705
2691,2,636,1390.809629394832,-1725.960023463144,2019-07-15T12:44:49Z,46.19571667,12.76176667,948.00,80.702
2692,2,637,1391.809629394832,-1724.960023463144,2019-07-15T12:44:50Z,46.19561667,12.76183333,951.00,80.699
2693,2,638,1392.809629394832,-1723.960023463144,2019-07-15T12:44:51Z,46.19555000,12.76191667,951.00,80.7
2694,2,639,1393.809629394832,-1722.960023463144,2019-07-15T12:44:52Z,46.19546667,12.76201667,953.00,80.7
2695,2,640,1394.809629394832,-1721.960023463144,2019-07-15T12:44:53Z,46.19541667,12.76216667,954.00,80.706
2696,2,641,1395.809629394832,-1720.960023463144,2019-07-15T12:44:54Z,46.19538333,12.76235000,955.00,80.715
2697,2,642,1396.809629394832,-1719.960023463144,2019-07-15T12:44:55Z,46.19536667,12.76255000,956.00,80.727
2698,2,643,1397.809629394832,-1718.960023463144,2019-07-15T12:44:56Z,46.19540000,12.76276667,956.00,80.742
2699,2,644,1398.809629394832,-1717.960023463144,2019-07-15T12:44:57Z,46.19545000,12.76298333,957.00,80.759
2700,2,645,1399.809629394832,-1716.960023463144,2019-07-15T12:44:58Z,46.19555000,12.76318333,960.00,80.778
2701,2,646,1400.809629394832,-1715.960023463144,2019-07-15T12:44:59Z,46.19566667,12.76336667,960.00,80.797
2702,2,647,1401.809629394832,-1714.960023463144,2019-07-15T12:45:00Z,46.19580000,12.76351667,960.00,80.815
2703,2,648,1402.809629394832,-1713.960023463144,2019-07-15T12:45:01Z,46.19595000,12.76363333,960.00,80.832
2704,2,649,1403.809629394832,-1712.960023463144,2019-07-15T12:45:02Z,46.19611667,12.76371667,961.00,80.848
2705,2,650,1404.809629394832,-1711.960023463144,2019-07-15T12:45:03Z,46.19628333,12.76376667,961.00,80.863
2706,2,651,1405.809629394832,-1710.960023463144,2019-07-15T12:45:04Z,46.19645000,12.76376667,963.00,80.874
2707,2,652,1406.809629394832,-1709.960023463144,2019-07-15T12:45:05Z,46.19658333,12.76375000,965.00,80.881
2708,2,653,1407.809629394832,-1708.960023463144,2019-07-15T12:45:06Z,46.19671667,12.76370000,967.00,80.887
2709,2,654,1408.809629394832,-1707.960023463144,2019-07-15T12:45:07Z,46.19683333,12.76361667,969.00,80.89
2710,2,655,1409.809629394832,-1706.960023463144,2019-07-15T12:45:08Z,46.19693333,12.76351667,970.00,80.89
2711,2,656,1410.809629394832,-1705.960023463144,2019-07-15T12:45:09Z,46.19703333,12.76340000,971.00,80.89
2712,2,657,1411.809629394832,-1704.960023463144,2019-07-15T12:45:10Z,46.19710000,12.76325000,972.00,80.885
2713,2,658,1412.809629394832,-1703.960023463144,2019-07-15T12:45:11Z,46.19715000,12.76308333,972.00,80.878
2714,2,659,1413.809629394832,-1702.960023463144,2019-07-15T12:45:12Z,46.19716667,12.76293333,974.00,80.87
2715,2,660,1414.809629394832,-1701.960023463144,2019-07-15T12:45:13Z,46.19716667,12.76278333,975.00,80.861
2716,2,661,1415.809629394832,-1700.960023463144,2019-07-15T12:45:14Z,46.19711667,12.76265000,976.00,80.849
2717,2,662,1416.809629394832,-1699.960023463144,2019-07-15T12:45:15Z,46.19705000,12.76255000,976.00,80.839
2718,2,663,1417.809629394832,-1698.960023463144,2019-07-15T12:45:16Z,46.19695000,12.76248333,977.00,80.828
2719,2,664,1418.809629394832,-1697.960023463144,2019-07-15T12:45:17Z,46.19681667,12.76246667,977.00,80.818
2720,2,665,1419.809629394832,-1696.960023463144,2019-07-15T12:45:18Z,46.19668333,12.76253333,977.00,80.813
2721,2,666,1420.809629394832,-1695.960023463144,2019-07-15T12:45:19Z,46.19656667,12.76261667,978.00,80.811
2722,2,667,1421.809629394832,-1694.960023463144,2019-07-15T12:45:20Z,46.19646667,12.76275000,980.00,80.812
2723,2,668,1422.809629394832,-1693.960023463144,2019-07-15T12:45:21Z,46.19641667,12.76290000,983.00,80.818
2724,2,669,1423.809629394832,-1692.960023463144,2019-07-15T12:45:22Z,46.19636667,12.76308333,984.00,80.826
2725,2,670,1424.809629394832,-1691.960023463144,2019-07-15T12:45:23Z,46.19636667,12.76328333,984.00,80.838
2726,2,671,1425.809629394832,-1690.960023463144,2019-07-15T12:45:24Z,46.19640000,12.76348333,985.00,80.853
2727,2,672,1426.809629394832,-1689.960023463144,2019-07-15T12:45:25Z,46.19645000,12.76368333,985.00,80.868
2728,2,673,1427.809629394832,-1688.960023463144,2019-07-15T12:45:26Z,46.19651667,12.76388333,984.00,80.885
2729,2,674,1428.809629394832,-1687.960023463144,2019-07-15T12:45:27Z,46.19661667,12.76405000,984.00,80.902
2730,2,675,1429.809629394832,-1686.960023463144,2019-07-15T12:45:28Z,46.19673333,12.76420000,986.00,80.919
2731,2,676,1430.809629394832,-1685.960023463144,2019-07-15T12:45:29Z,46.19685000,12.76430000,986.00,80.933
2732,2,677,1431.809629394832,-1684.960023463144,2019-07-15T12:45:30Z,46.19700000,12.76436667,985.00,80.947
2733,2,678,1432.809629394832,-1683.960023463144,2019-07-15T12:45:31Z,46.19715000,12.76440000,984.00,80.959
2734,2,679,1433.809629394832,-1682.960023463144,2019-07-15T12:45:32Z,46.19731667,12.76438333,984.00,80.969
2735,2,680,1434.809629394832,-1681.960023463144,2019-07-15T12:45:33Z,46.19745000,12.76431667,986.00,80.974
2736,2,681,1435.809629394832,-1680.960023463144,2019-07-15T12:45:34Z,46.19758333,12.76423333,988.00,80.978
2737,2,682,1436.809629394832,-1679.960023463144,2019-07-15T12:45:35Z,46.19770000,12.76413333,990.00,80.98
2738,2,683,1437.809629394832,-1678.960023463144,2019-07-15T12:45:36Z,46.19781667,12.76401667,992.00,80.98
2739,2,684,1438.809629394832,-1677.960023463144,2019-07-15T12:45:37Z,46.19790000,12.76388333,996.00,80.978
2740,2,685,1439.809629394832,-1676.960023463144,2019-07-15T12:45:38Z,46.19798333,12.76373333,997.00,80.974
2741,2,686,1440.809629394832,-1675.960023463144,2019-07-15T12:45:39Z,46.19801667,12.76358333,999.00,80.967
2742,2,687,1441.809629394832,-1674.960023463144,2019-07-15T12:45:40Z,46.19805000,12.76343333,999.00,80.96
2743,2,688,1442.809629394832,-1673.960023463144,2019-07-15T12:45:41Z,46.19805000,12.76325000,1000.00,80.949
2744,2,689,1443.809629394832,-1672.960023463144,2019-07-15T12:45:42Z,46.19801667,12.76306667,999.00,80.935
2745,2,690,1444.809629394832,-1671.960023463144,2019-07-15T12:45:43Z,46.19798333,12.76288333,1000.00,80.922
2746,2,691,1445.809629394832,-1670.960023463144,2019-07-15T12:45:44Z,46.19791667,12.76273333,1001.00,80.908
2747,2,692,1446.809629394832,-1669.960023463144,2019-07-15T12:45:45Z,46.19783333,12.76260000,1003.00,80.894
2748,2,693,1447.809629394832,-1668.960023463144,2019-07-15T12:45:46Z,46.19775000,12.76251667,1005.00,80.884
2749,2,694,1448.809629394832,-1667.960023463144,2019-07-15T12:45:47Z,46.19766667,12.76245000,1007.00,80.874
2750,2,695,1449.809629394832,-1666.960023463144,2019-07-15T12:45:48Z,46.19755000,12.76243333,1008.00,80.865
2751,2,696,1450.809629394832,-1665.960023463144,2019-07-15T12:45:49Z,46.19743333,12.76246667,1008.00,80.859
2752,2,697,1451.809629394832,-1664.960023463144,2019-07-15T12:45:50Z,46.19731667,12.76253333,1008.00,80.856
2753,2,698,1452.809629394832,-1663.960023463144,2019-07-15T12:45:51Z,46.19718333,12.76261667,1008.00,80.852
2754,2,699,1453.809629394832,-1662.960023463144,2019-07-15T12:45:52Z,46.19708333,12.76275000,1009.00,80.853
2755,2,700,1454.809629394832,-1661.960023463144,2019-07-15T12:45:53Z,46.19700000,12.76291667,1010.00,80.858
2756,2,701,1455.809629394832,-1660.960023463144,2019-07-15T12:45:54Z,46.19695000,12.76311667,1012.00,80.867
2757,2,702,1456.809629394832,-1659.960023463144,2019-07-15T12:45:55Z,46.19695000,12.76335000,1012.00,80.881
2758,2,703,1457.809629394832,-1658.960023463144,2019-07-15T12:45:56Z,46.19698333,12.76356667,1013.00,80.897
2759,2,704,1458.809629394832,-1657.960023463144,2019-07-15T12:45:57Z,46.19703333,12.76380000,1014.00,80.915
2760,2,705,1459.809629394832,-1656.960023463144,2019-07-15T12:45:58Z,46.19713333,12.76398333,1015.00,80.933
2761,2,706,1460.809629394832,-1655.960023463144,2019-07-15T12:45:59Z,46.19725000,12.76416667,1015.00,80.952
2762,2,707,1461.809629394832,-1654.960023463144,2019-07-15T12:46:00Z,46.19740000,12.76430000,1015.00,80.97
2763,2,708,1462.809629394832,-1653.960023463144,2019-07-15T12:46:01Z,46.19755000,12.76436667,1014.00,80.984
2764,2,709,1463.809629394832,-1652.960023463144,2019-07-15T12:46:02Z,46.19771667,12.76441667,1013.00,80.998
2765,2,710,1464.809629394832,-1651.960023463144,2019-07-15T12:46:03Z,46.19786667,12.76440000,1013.00,81.007
2766,2,711,1465.809629394832,-1650.960023463144,2019-07-15T12:46:04Z,46.19801667,12.76433333,1013.00,81.013
2767,2,712,1466.809629394832,-1649.960023463144,2019-07-15T12:46:05Z,46.19815000,12.76423333,1014.00,81.016
2768,2,713,1467.809629394832,-1648.960023463144,2019-07-15T12:46:06Z,46.19826667,12.76410000,1014.00,81.015
2769,2,714,1468.809629394832,-1647.960023463144,2019-07-15T12:46:07Z,46.19835000,12.76391667,1013.00,81.01
2770,2,715,1469.809629394832,-1646.960023463144,2019-07-15T12:46:08Z,46.19845000,12.76373333,1013.00,81.005
2771,2,716,1470.809629394832,-1645.960023463144,2019-07-15T12:46:09Z,46.19853333,12.76353333,1013.00,80.999
2772,2,717,1471.809629394832,-1644.960023463144,2019-07-15T12:46:10Z,46.19860000,12.76333333,1014.00,80.991
2773,2,718,1472.809629394832,-1643.960023463144,2019-07-15T12:46:11Z,46.19866667,12.76313333,1015.00,80.983
2774,2,719,1473.809629394832,-1642.960023463144,2019-07-15T12:46:12Z,46.19871667,12.76295000,1017.00,80.975
2775,2,720,1474.809629394832,-1641.960023463144,2019-07-15T12:46:13Z,46.19873333,12.76275000,1018.00,80.964
2776,2,721,1475.809629394832,-1640.960023463144,2019-07-15T12:46:14Z,46.19875000,12.76256667,1023.00,80.954
2777,2,722,1476.809629394832,-1639.960023463144,2019-07-15T12:46:15Z,46.19873333,12.76238333,1025.00,80.942
2778,2,723,1477.809629394832,-1638.960023463144,2019-07-15T12:46:16Z,46.19870000,12.76221667,1028.00,80.929
2779,2,724,1478.809629394832,-1637.960023463144,2019-07-15T12:46:17Z,46.19865000,12.76206667,1030.00,80.917
2780,2,725,1479.809629394832,-1636.960023463144,2019-07-15T12:46:18Z,46.19858333,12.76191667,1032.00,80.903
2781,2,726,1480.809629394832,-1635.960023463144,2019-07-15T12:46:19Z,46.19848333,12.76181667,1031.00,80.89
2782,2,727,1481.809629394832,-1634.960023463144,2019-07-15T12:46:20Z,46.19836667,12.76171667,1031.00,80.876
2783,2,728,1482.809629394832,-1633.960023463144,2019-07-15T12:46:21Z,46.19825000,12.76166667,1032.00,80.865
2784,2,729,1483.809629394832,-1632.960023463144,2019-07-15T12:46:22Z,46.19813333,12.76166667,1032.00,80.857
2785,2,730,1484.809629394832,-1631.960023463144,2019-07-15T12:46:23Z,46.19801667,12.76170000,1032.00,80.851
2786,2,731,1485.809629394832,-1630.960023463144,2019-07-15T12:46:24Z,46.19790000,12.76178333,1031.00,80.849
2787,2,732,1486.809629394832,-1629.960023463144,2019-07-15T12:46:25Z,46.19781667,12.76193333,1032.00,80.852
2788,2,733,1487.809629394832,-1628.960023463144,2019-07-15T12:46:26Z,46.19773333,12.76210000,1032.00,80.857
2789,2,734,1488.809629394832,-1627.960023463144,2019-07-15T12:46:27Z,46.19768333,12.76228333,1033.00,80.865
2790,2,735,1489.809629394832,-1626.960023463144,2019-07-15T12:46:28Z,46.19765000,12.76248333,1034.00,80.875
2791,2,736,1490.809629394832,-1625.960023463144,2019-07-15T12:46:29Z,46.19765000,12.76268333,1035.00,80.887
2792,2,737,1491.809629394832,-1624.960023463144,2019-07-15T12:46:30Z,46.19765000,12.76288333,1038.00,80.899
2793,2,738,1492.809629394832,-1623.960023463144,2019-07-15T12:46:31Z,46.19766667,12.76306667,1038.00,80.912
2794,2,739,1493.809629394832,-1622.960023463144,2019-07-15T12:46:32Z,46.19768333,12.76325000,1040.00,80.924
2795,2,740,1494.809629394832,-1621.960023463144,2019-07-15T12:46:33Z,46.19773333,12.76343333,1042.00,80.939
2796,2,741,1495.809629394832,-1620.960023463144,2019-07-15T12:46:34Z,46.19778333,12.76361667,1042.00,80.953
2797,2,742,1496.809629394832,-1619.960023463144,2019-07-15T12:46:35Z,46.19786667,12.76378333,1044.00,80.969
2798,2,743,1497.809629394832,-1618.960023463144,2019-07-15T12:46:36Z,46.19796667,12.76393333,1044.00,80.985
2799,2,744,1498.809629394832,-1617.960023463144,2019-07-15T12:46:37Z,46.19806667,12.76408333,1044.00,81.001
2800,2,745,1499.809629394832,-1616.960023463144,2019-07-15T12:46:38Z,46.19818333,12.76421667,1044.00,81.017
2801,2,746,1500.809629394832,-1615.960023463144,2019-07-15T12:46:39Z,46.19830000,12.76433333,1044.00,81.032
2802,2,747,1501.809629394832,-1614.960023463144,2019-07-15T12:46:40Z,46.19845000,12.76441667,1043.00,81.047
2803,2,748,1502.809629394832,-1613.960023463144,2019-07-15T12:46:41Z,46.19858333,12.76445000,1041.00,81.058
2804,2,749,1503.809629394832,-1612.960023463144,2019-07-15T12:46:42Z,46.19873333,12.76445000,1041.00,81.068
2805,2,750,1504.809629394832,-1611.960023463144,2019-07-15T12:46:43Z,46.19888333,12.76441667,1042.00,81.076
2806,2,751,1505.809629394832,-1610.960023463144,2019-07-15T12:46:44Z,46.19900000,12.76433333,1044.00,81.079
2807,2,752,1506.809629394832,-1609.960023463144,2019-07-15T12:46:45Z,46.19911667,12.76423333,1046.00,81.081
2808,2,753,1507.809629394832,-1608.960023463144,2019-07-15T12:46:46Z,46.19921667,12.76411667,1047.00,81.08
2809,2,754,1508.809629394832,-1607.960023463144,2019-07-15T12:46:47Z,46.19930000,12.76396667,1046.00,81.077
2810,2,755,1509.809629394832,-1606.960023463144,2019-07-15T12:46:48Z,46.19936667,12.76378333,1048.00,81.07
2811,2,756,1510.809629394832,-1605.960023463144,2019-07-15T12:46:49Z,46.19940000,12.76360000,1051.00,81.061
2812,2,757,1511.809629394832,-1604.960023463144,2019-07-15T12:46:50Z,46.19941667,12.76340000,1051.00,81.05
2813,2,758,1512.809629394832,-1603.960023463144,2019-07-15T12:46:51Z,46.19943333,12.76321667,1053.00,81.04
2814,2,759,1513.809629394832,-1602.960023463144,2019-07-15T12:46:52Z,46.19941667,12.76301667,1054.00,81.026
2815,2,760,1514.809629394832,-1601.960023463144,2019-07-15T12:46:53Z,46.19941667,12.76281667,1055.00,81.014
2816,2,761,1515.809629394832,-1600.960023463144,2019-07-15T12:46:54Z,46.19940000,12.76261667,1056.00,81.001
2817,2,762,1516.809629394832,-1599.960023463144,2019-07-15T12:46:55Z,46.19936667,12.76241667,1057.00,80.986
2818,2,763,1517.809629394832,-1598.960023463144,2019-07-15T12:46:56Z,46.19933333,12.76223333,1059.00,80.973
2819,2,764,1518.809629394832,-1597.960023463144,2019-07-15T12:46:57Z,46.19930000,12.76205000,1061.00,80.96
2820,2,765,1519.809629394832,-1596.960023463144,2019-07-15T12:46:58Z,46.19925000,12.76186667,1064.00,80.945
2821,2,766,1520.809629394832,-1595.960023463144,2019-07-15T12:46:59Z,46.19920000,12.76168333,1065.00,80.93
2822,2,767,1521.809629394832,-1594.960023463144,2019-07-15T12:47:00Z,46.19911667,12.76151667,1067.00,80.915
2823,2,768,1522.809629394832,-1593.960023463144,2019-07-15T12:47:01Z,46.19901667,12.76140000,1068.00,80.901
2824,2,769,1523.809629394832,-1592.960023463144,2019-07-15T12:47:02Z,46.19891667,12.76128333,1068.00,80.887
2825,2,770,1524.809629394832,-1591.960023463144,2019-07-15T12:47:03Z,46.19880000,12.76123333,1069.00,80.876
2826,2,771,1525.809629394832,-1590.960023463144,2019-07-15T12:47:04Z,46.19868333,12.76123333,1070.00,80.868
2827,2,772,1526.809629394832,-1589.960023463144,2019-07-15T12:47:05Z,46.19856667,12.76131667,1069.00,80.865
2828,2,773,1527.809629394832,-1588.960023463144,2019-07-15T12:47:06Z,46.19846667,12.76145000,1068.00,80.867
2829,2,774,1528.809629394832,-1587.960023463144,2019-07-15T12:47:07Z,46.19841667,12.76163333,1067.00,80.874
2830,2,775,1529.809629394832,-1586.960023463144,2019-07-15T12:47:08Z,46.19838333,12.76183333,1066.00,80.884
2831,2,776,1530.809629394832,-1585.960023463144,2019-07-15T12:47:09Z,46.19840000,12.76203333,1066.00,80.898
2832,2,777,1531.809629394832,-1584.960023463144,2019-07-15T12:47:10Z,46.19843333,12.76223333,1068.00,80.912
2833,2,778,1532.809629394832,-1583.960023463144,2019-07-15T12:47:11Z,46.19848333,12.76241667,1070.00,80.927
2834,2,779,1533.809629394832,-1582.960023463144,2019-07-15T12:47:12Z,46.19855000,12.76258333,1071.00,80.941
2835,2,780,1534.809629394832,-1581.960023463144,2019-07-15T12:47:13Z,46.19866667,12.76271667,1072.00,80.958
2836,2,781,1535.809629394832,-1580.960023463144,2019-07-15T12:47:14Z,46.19880000,12.76280000,1074.00,80.972
2837,2,782,1536.809629394832,-1579.960023463144,2019-07-15T12:47:15Z,46.19895000,12.76281667,1076.00,80.983
2838,2,783,1537.809629394832,-1578.960023463144,2019-07-15T12:47:16Z,46.19910000,12.76275000,1078.00,80.989
2839,2,784,1538.809629394832,-1577.960023463144,2019-07-15T12:47:17Z,46.19923333,12.76265000,1080.00,80.992
2840,2,785,1539.809629394832,-1576.960023463144,2019-07-15T12:47:18Z,46.19933333,12.76251667,1081.00,80.99
2841,2,786,1540.809629394832,-1575.960023463144,2019-07-15T12:47:19Z,46.19943333,12.76233333,1082.00,80.986
2842,2,787,1541.809629394832,-1574.960023463144,2019-07-15T12:47:20Z,46.19950000,12.76215000,1085.00,80.979
2843,2,788,1542.809629394832,-1573.960023463144,2019-07-15T12:47:21Z,46.19953333,12.76193333,1086.00,80.968
2844,2,789,1543.809629394832,-1572.960023463144,2019-07-15T12:47:22Z,46.19955000,12.76173333,1087.00,80.957
2845,2,790,1544.809629394832,-1571.960023463144,2019-07-15T12:47:23Z,46.19955000,12.76153333,1088.00,80.945
2846,2,791,1545.809629394832,-1570.960023463144,2019-07-15T12:47:24Z,46.19953333,12.76135000,1089.00,80.933
2847,2,792,1546.809629394832,-1569.960023463144,2019-07-15T12:47:25Z,46.19948333,12.76118333,1091.00,80.919
2848,2,793,1547.809629394832,-1568.960023463144,2019-07-15T12:47:26Z,46.19940000,12.76103333,1091.00,80.904
2849,2,794,1548.809629394832,-1567.960023463144,2019-07-15T12:47:27Z,46.19930000,12.76093333,1090.00,80.891
2850,2,795,1549.809629394832,-1566.960023463144,2019-07-15T12:47:28Z,46.19918333,12.76088333,1089.00,80.88
2851,2,796,1550.809629394832,-1565.960023463144,2019-07-15T12:47:29Z,46.19905000,12.76090000,1089.00,80.872
2852,2,797,1551.809629394832,-1564.960023463144,2019-07-15T12:47:30Z,46.19895000,12.76100000,1088.00,80.872
2853,2,798,1552.809629394832,-1563.960023463144,2019-07-15T12:47:31Z,46.19886667,12.76115000,1087.00,80.875
2854,2,799,1553.809629394832,-1562.960023463144,2019-07-15T12:47:32Z,46.19880000,12.76131667,1089.00,80.881
2855,2,800,1554.809629394832,-1561.960023463144,2019-07-15T12:47:33Z,46.19878333,12.76150000,1090.00,80.891
2856,2,801,1555.809629394832,-1560.960023463144,2019-07-15T12:47:34Z,46.19876667,12.76166667,1091.00,80.9
2857,2,802,1556.809629394832,-1559.960023463144,2019-07-15T12:47:35Z,46.19876667,12.76185000,1092.00,80.911
2858,2,803,1557.809629394832,-1558.960023463144,2019-07-15T12:47:36Z,46.19880000,12.76205000,1093.00,80.926
2859,2,804,1558.809629394832,-1557.960023463144,2019-07-15T12:47:37Z,46.19883333,12.76225000,1094.00,80.94
2860,2,805,1559.809629394832,-1556.960023463144,2019-07-15T12:47:38Z,46.19890000,12.76245000,1092.00,80.957
2861,2,806,1560.809629394832,-1555.960023463144,2019-07-15T12:47:39Z,46.19895000,12.76263333,1093.00,80.972
2862,2,807,1561.809629394832,-1554.960023463144,2019-07-15T12:47:40Z,46.19903333,12.76281667,1095.00,80.988
2863,2,808,1562.809629394832,-1553.960023463144,2019-07-15T12:47:41Z,46.19911667,12.76300000,1096.00,81.005
2864,2,809,1563.809629394832,-1552.960023463144,2019-07-15T12:47:42Z,46.19923333,12.76315000,1096.00,81.022
2865,2,810,1564.809629394832,-1551.960023463144,2019-07-15T12:47:43Z,46.19935000,12.76328333,1097.00,81.038
2866,2,811,1565.809629394832,-1550.960023463144,2019-07-15T12:47:44Z,46.19948333,12.76336667,1098.00,81.052
2867,2,812,1566.809629394832,-1549.960023463144,2019-07-15T12:47:45Z,46.19963333,12.76340000,1099.00,81.065
2868,2,813,1567.809629394832,-1548.960023463144,2019-07-15T12:47:46Z,46.19980000,12.76338333,1102.00,81.075
2869,2,814,1568.809629394832,-1547.960023463144,2019-07-15T12:47:47Z,46.19995000,12.76331667,1102.00,81.081
2870,2,815,1569.809629394832,-1546.960023463144,2019-07-15T12:47:48Z,46.20011667,12.76318333,1102.00,81.084
2871,2,816,1570.809629394832,-1545.960023463144,2019-07-15T12:47:49Z,46.20025000,12.76303333,1105.00,81.084
2872,2,817,1571.809629394832,-1544.960023463144,2019-07-15T12:47:50Z,46.20036667,12.76288333,1106.00,81.083
2873,2,818,1572.809629394832,-1543.960023463144,2019-07-15T12:47:51Z,46.20046667,12.76273333,1109.00,81.08
2874,2,819,1573.809629394832,-1542.960023463144,2019-07-15T12:47:52Z,46.20055000,12.76256667,1112.00,81.076
2875,2,820,1574.809629394832,-1541.960023463144,2019-07-15T12:47:53Z,46.20063333,12.76240000,1113.00,81.071
2876,2,821,1575.809629394832,-1540.960023463144,2019-07-15T12:47:54Z,46.20070000,12.76221667,1115.00,81.065
2877,2,822,1576.809629394832,-1539.960023463144,2019-07-15T12:47:55Z,46.20073333,12.76200000,1115.00,81.054
2878,2,823,1577.809629394832,-1538.960023463144,2019-07-15T12:47:56Z,46.20073333,12.76180000,1117.00,81.042
2879,2,824,1578.809629394832,-1537.960023463144,2019-07-15T12:47:57Z,46.20070000,12.76160000,1120.00,81.027
2880,2,825,1579.809629394832,-1536.960023463144,2019-07-15T12:47:58Z,46.20063333,12.76145000,1120.00,81.014
2881,2,826,1580.809629394832,-1535.960023463144,2019-07-15T12:47:59Z,46.20053333,12.76131667,1121.00,80.999
2882,2,827,1581.809629394832,-1534.960023463144,2019-07-15T12:48:00Z,46.20043333,12.76125000,1121.00,80.988
2883,2,828,1582.809629394832,-1533.960023463144,2019-07-15T12:48:01Z,46.20031667,12.76120000,1122.00,80.977
2884,2,829,1583.809629394832,-1532.960023463144,2019-07-15T12:48:02Z,46.20021667,12.76120000,1122.00,80.97
2885,2,830,1584.809629394832,-1531.960023463144,2019-07-15T12:48:03Z,46.20010000,12.76125000,1124.00,80.965
2886,2,831,1585.809629394832,-1530.960023463144,2019-07-15T12:48:04Z,46.20001667,12.76136667,1123.00,80.966
2887,2,832,1586.809629394832,-1529.960023463144,2019-07-15T12:48:05Z,46.19996667,12.76151667,1124.00,80.972
2888,2,833,1587.809629394832,-1528.960023463144,2019-07-15T12:48:06Z,46.19995000,12.76170000,1126.00,80.982
2889,2,834,1588.809629394832,-1527.960023463144,2019-07-15T12:48:07Z,46.19995000,12.76188333,1126.00,80.993
2890,2,835,1589.809629394832,-1526.960023463144,2019-07-15T12:48:08Z,46.19998333,12.76205000,1126.00,81.006
2891,2,836,1590.809629394832,-1525.960023463144,2019-07-15T12:48:09Z,46.20005000,12.76221667,1130.00,81.021
2892,2,837,1591.809629394832,-1524.960023463144,2019-07-15T12:48:10Z,46.20013333,12.76236667,1131.00,81.035
2893,2,838,1592.809629394832,-1523.960023463144,2019-07-15T12:48:11Z,46.20025000,12.76251667,1132.00,81.052
2894,2,839,1593.809629394832,-1522.960023463144,2019-07-15T12:48:12Z,46.20036667,12.76263333,1132.00,81.067
2895,2,840,1594.809629394832,-1521.960023463144,2019-07-15T12:48:13Z,46.20051667,12.76273333,1132.00,81.084
2896,2,841,1595.809629394832,-1520.960023463144,2019-07-15T12:48:14Z,46.20068333,12.76280000,1132.00,81.099
2897,2,842,1596.809629394832,-1519.960023463144,2019-07-15T12:48:15Z,46.20085000,12.76283333,1132.00,81.112
2898,2,843,1597.809629394832,-1518.960023463144,2019-07-15T12:48:16Z,46.20100000,12.76285000,1133.00,81.124
2899,2,844,1598.809629394832,-1517.960023463144,2019-07-15T12:48:17Z,46.20116667,12.76283333,1135.00,81.134
2900,2,845,1599.809629394832,-1516.960023463144,2019-07-15T12:48:18Z,46.20131667,12.76280000,1137.00,81.142
2901,2,846,1600.809629394832,-1515.960023463144,2019-07-15T12:48:19Z,46.20146667,12.76275000,1139.00,81.149
2902,2,847,1601.809629394832,-1514.960023463144,2019-07-15T12:48:20Z,46.20161667,12.76266667,1139.00,81.155
2903,2,848,1602.809629394832,-1513.960023463144,2019-07-15T12:48:21Z,46.20175000,12.76255000,1140.00,81.157
2904,2,849,1603.809629394832,-1512.960023463144,2019-07-15T12:48:22Z,46.20186667,12.76240000,1140.00,81.155
2905,2,850,1604.809629394832,-1511.960023463144,2019-07-15T12:48:23Z,46.20196667,12.76221667,1142.00,81.151
2906,2,851,1605.809629394832,-1510.960023463144,2019-07-15T12:48:24Z,46.20203333,12.76203333,1143.00,81.145
2907,2,852,1606.809629394832,-1509.960023463144,2019-07-15T12:48:25Z,46.20208333,12.76183333,1143.00,81.136
2908,2,853,1607.809629394832,-1508.960023463144,2019-07-15T12:48:26Z,46.20211667,12.76163333,1143.00,81.126
2909,2,854,1608.809629394832,-1507.960023463144,2019-07-15T12:48:27Z,46.20211667,12.76143333,1144.00,81.114
2910,2,855,1609.809629394832,-1506.960023463144,2019-07-15T12:48:28Z,46.20210000,12.76123333,1144.00,81.101
2911,2,856,1610.809629394832,-1505.960023463144,2019-07-15T12:48:29Z,46.20206667,12.76103333,1144.00,81.086
2912,2,857,1611.809629394832,-1504.960023463144,2019-07-15T12:48:30Z,46.20200000,12.76086667,1144.00,81.072
2913,2,858,1612.809629394832,-1503.960023463144,2019-07-15T12:48:31Z,46.20190000,12.76073333,1144.00,81.057
2914,2,859,1613.809629394832,-1502.960023463144,2019-07-15T12:48:32Z,46.20180000,12.76063333,1144.00,81.044
2915,2,860,1614.809629394832,-1501.960023463144,2019-07-15T12:48:33Z,46.20168333,12.76058333,1143.00,81.033
2916,2,861,1615.809629394832,-1500.960023463144,2019-07-15T12:48:34Z,46.20156667,12.76058333,1144.00,81.025
2917,2,862,1616.809629394832,-1499.960023463144,2019-07-15T12:48:35Z,46.20145000,12.76060000,1144.00,81.018
2918,2,863,1617.809629394832,-1498.960023463144,2019-07-15T12:48:36Z,46.20133333,12.76065000,1143.00,81.013
2919,2,864,1618.809629394832,-1497.960023463144,2019-07-15T12:48:37Z,46.20125000,12.76073333,1148.00,81.012
2920,2,865,1619.809629394832,-1496.960023463144,2019-07-15T12:48:38Z,46.20115000,12.76081667,1146.00,81.01
2921,2,866,1620.809629394832,-1495.960023463144,2019-07-15T12:48:39Z,46.20105000,12.76091667,1146.00,81.01
2922,2,867,1621.809629394832,-1494.960023463144,2019-07-15T12:48:40Z,46.20096667,12.76103333,1146.00,81.011
2923,2,868,1622.809629394832,-1493.960023463144,2019-07-15T12:48:41Z,46.20086667,12.76115000,1145.00,81.011
2924,2,869,1623.809629394832,-1492.960023463144,2019-07-15T12:48:42Z,46.20078333,12.76128333,1145.00,81.014
2925,2,870,1624.809629394832,-1491.960023463144,2019-07-15T12:48:43Z,46.20070000,12.76140000,1145.00,81.015
2926,2,871,1625.809629394832,-1490.960023463144,2019-07-15T12:48:44Z,46.20063333,12.76153333,1146.00,81.019
2927,2,872,1626.809629394832,-1489.960023463144,2019-07-15T12:48:45Z,46.20056667,12.76166667,1147.00,81.022
2928,2,873,1627.809629394832,-1488.960023463144,2019-07-15T12:48:46Z,46.20053333,12.76180000,1150.00,81.028
2929,2,874,1628.809629394832,-1487.960023463144,2019-07-15T12:48:47Z,46.20051667,12.76195000,1150.00,81.036
2930,2,875,1629.809629394832,-1486.960023463144,2019-07-15T12:48:48Z,46.20053333,12.76210000,1150.00,81.046
2931,2,876,1630.809629394832,-1485.960023463144,2019-07-15T12:48:49Z,46.20056667,12.76225000,1151.00,81.058
2932,2,877,1631.809629394832,-1484.960023463144,2019-07-15T12:48:50Z,46.20063333,12.76241667,1151.00,81.072
2933,2,878,1632.809629394832,-1483.960023463144,2019-07-15T12:48:51Z,46.20071667,12.76256667,1151.00,81.087
2934,2,879,1633.809629394832,-1482.960023463144,2019-07-15T12:48:52Z,46.20083333,12.76270000,1149.00,81.103
2935,2,880,1634.809629394832,-1481.960023463144,2019-07-15T12:48:53Z,46.20096667,12.76281667,1151.00,81.119
2936,2,881,1635.809629394832,-1480.960023463144,2019-07-15T12:48:54Z,46.20111667,12.76290000,1150.00,81.135
2937,2,882,1636.809629394832,-1479.960023463144,2019-07-15T12:48:55Z,46.20128333,12.76298333,1148.00,81.151
2938,2,883,1637.809629394832,-1478.960023463144,2019-07-15T12:48:56Z,46.20145000,12.76305000,1148.00,81.166
2939,2,884,1638.809629394832,-1477.960023463144,2019-07-15T12:48:57Z,46.20161667,12.76310000,1148.00,81.181
2940,2,885,1639.809629394832,-1476.960023463144,2019-07-15T12:48:58Z,46.20178333,12.76316667,1148.00,81.196
2941,2,886,1640.809629394832,-1475.960023463144,2019-07-15T12:48:59Z,46.20193333,12.76321667,1150.00,81.21
2942,2,887,1641.809629394832,-1474.960023463144,2019-07-15T12:49:00Z,46.20210000,12.76326667,1150.00,81.224
2943,2,888,1642.809629394832,-1473.960023463144,2019-07-15T12:49:01Z,46.20226667,12.76331667,1151.00,81.238
2944,2,889,1643.809629394832,-1472.960023463144,2019-07-15T12:49:02Z,46.20243333,12.76335000,1151.00,81.252
2945,2,890,1644.809629394832,-1471.960023463144,2019-07-15T12:49:03Z,46.20260000,12.76336667,1152.00,81.264
2946,2,891,1645.809629394832,-1470.960023463144,2019-07-15T12:49:04Z,46.20278333,12.76335000,1151.00,81.276
2947,2,892,1646.809629394832,-1469.960023463144,2019-07-15T12:49:05Z,46.20295000,12.76330000,1151.00,81.284
2948,2,893,1647.809629394832,-1468.960023463144,2019-07-15T12:49:06Z,46.20310000,12.76321667,1153.00,81.289
2949,2,894,1648.809629394832,-1467.960023463144,2019-07-15T12:49:07Z,46.20323333,12.76310000,1152.00,81.291
2950,2,895,1649.809629394832,-1466.960023463144,2019-07-15T12:49:08Z,46.20336667,12.76298333,1151.00,81.294
2951,2,896,1650.809629394832,-1465.960023463144,2019-07-15T12:49:09Z,46.20348333,12.76285000,1150.00,81.294
2952,2,897,1651.809629394832,-1464.960023463144,2019-07-15T12:49:10Z,46.20361667,12.76270000,1149.00,81.294
2953,2,898,1652.809629394832,-1463.960023463144,2019-07-15T12:49:11Z,46.20373333,12.76253333,1148.00,81.292
2954,2,899,1653.809629394832,-1462.960023463144,2019-07-15T12:49:12Z,46.20383333,12.76235000,1148.00,81.287
2955,2,900,1654.809629394832,-1461.960023463144,2019-07-15T12:49:13Z,46.20390000,12.76215000,1148.00,81.28
2956,2,901,1655.809629394832,-1460.960023463144,2019-07-15T12:49:14Z,46.20393333,12.76196667,1155.00,81.271
2957,2,902,1656.809629394832,-1459.960023463144,2019-07-15T12:49:15Z,46.20393333,12.76178333,1154.00,81.26
2958,2,903,1657.809629394832,-1458.960023463144,2019-07-15T12:49:16Z,46.20391667,12.76161667,1155.00,81.249
2959,2,904,1658.809629394832,-1457.960023463144,2019-07-15T12:49:17Z,46.20385000,12.76145000,1155.00,81.234
2960,2,905,1659.809629394832,-1456.960023463144,2019-07-15T12:49:18Z,46.20378333,12.76131667,1154.00,81.222
2961,2,906,1660.809629394832,-1455.960023463144,2019-07-15T12:49:19Z,46.20368333,12.76120000,1153.00,81.208
2962,2,907,1661.809629394832,-1454.960023463144,2019-07-15T12:49:20Z,46.20356667,12.76111667,1153.00,81.195
2963,2,908,1662.809629394832,-1453.960023463144,2019-07-15T12:49:21Z,46.20346667,12.76105000,1153.00,81.184
2964,2,909,1663.809629394832,-1452.960023463144,2019-07-15T12:49:22Z,46.20336667,12.76098333,1153.00,81.173
2965,2,910,1664.809629394832,-1451.960023463144,2019-07-15T12:49:23Z,46.20328333,12.76091667,1153.00,81.163
2966,2,911,1665.809629394832,-1450.960023463144,2019-07-15T12:49:24Z,46.20318333,12.76085000,1153.00,81.152
2967,2,912,1666.809629394832,-1449.960023463144,2019-07-15T12:49:25Z,46.20308333,12.76078333,1154.00,81.141
2968,2,913,1667.809629394832,-1448.960023463144,2019-07-15T12:49:26Z,46.20298333,12.76071667,1153.00,81.13
2969,2,914,1668.809629394832,-1447.960023463144,2019-07-15T12:49:27Z,46.20286667,12.76066667,1157.00,81.119
2970,2,915,1669.809629394832,-1446.960023463144,2019-07-15T12:49:28Z,46.20275000,12.76063333,1158.00,81.109
2971,2,916,1670.809629394832,-1445.960023463144,2019-07-15T12:49:29Z,46.20263333,12.76065000,1158.00,81.102
2972,2,917,1671.809629394832,-1444.960023463144,2019-07-15T12:49:30Z,46.20251667,12.76070000,1157.00,81.097
2973,2,918,1672.809629394832,-1443.960023463144,2019-07-15T12:49:31Z,46.20243333,12.76080000,1157.00,81.097
2974,2,919,1673.809629394832,-1442.960023463144,2019-07-15T12:49:32Z,46.20236667,12.76095000,1156.00,81.102
2975,2,920,1674.809629394832,-1441.960023463144,2019-07-15T12:49:33Z,46.20233333,12.76113333,1155.00,81.111
2976,2,921,1675.809629394832,-1440.960023463144,2019-07-15T12:49:34Z,46.20233333,12.76131667,1156.00,81.122
2977,2,922,1676.809629394832,-1439.960023463144,2019-07-15T12:49:35Z,46.20236667,12.76151667,1153.00,81.136
2978,2,923,1677.809629394832,-1438.960023463144,2019-07-15T12:49:36Z,46.20240000,12.76168333,1154.00,81.149
2979,2,924,1678.809629394832,-1437.960023463144,2019-07-15T12:49:37Z,46.20245000,12.76185000,1154.00,81.162
2980,2,925,1679.809629394832,-1436.960023463144,2019-07-15T12:49:38Z,46.20250000,12.76203333,1155.00,81.177
2981,2,926,1680.809629394832,-1435.960023463144,2019-07-15T12:49:39Z,46.20256667,12.76220000,1154.00,81.191
2982,2,927,1681.809629394832,-1434.960023463144,2019-07-15T12:49:40Z,46.20265000,12.76236667,1153.00,81.207
2983,2,928,1682.809629394832,-1433.960023463144,2019-07-15T12:49:41Z,46.20275000,12.76253333,1152.00,81.224
2984,2,929,1683.809629394832,-1432.960023463144,2019-07-15T12:49:42Z,46.20286667,12.76268333,1151.00,81.241
2985,2,930,1684.809629394832,-1431.960023463144,2019-07-15T12:49:43Z,46.20300000,12.76281667,1150.00,81.258
2986,2,931,1685.809629394832,-1430.960023463144,2019-07-15T12:49:44Z,46.20315000,12.76293333,1152.00,81.276
2987,2,932,1686.809629394832,-1429.960023463144,2019-07-15T12:49:45Z,46.20330000,12.76301667,1153.00,81.291
2988,2,933,1687.809629394832,-1428.960023463144,2019-07-15T12:49:46Z,46.20346667,12.76306667,1153.00,81.306
2989,2,934,1688.809629394832,-1427.960023463144,2019-07-15T12:49:47Z,46.20365000,12.76310000,1153.00,81.32
2990,2,935,1689.809629394832,-1426.960023463144,2019-07-15T12:49:48Z,46.20383333,12.76311667,1153.00,81.334
2991,2,936,1690.809629394832,-1425.960023463144,2019-07-15T12:49:49Z,46.20401667,12.76310000,1153.00,81.345
2992,2,937,1691.809629394832,-1424.960023463144,2019-07-15T12:49:50Z,46.20418333,12.76306667,1154.00,81.355
2993,2,938,1692.809629394832,-1423.960023463144,2019-07-15T12:49:51Z,46.20435000,12.76298333,1155.00,81.361
2994,2,939,1693.809629394832,-1422.960023463144,2019-07-15T12:49:52Z,46.20448333,12.76286667,1156.00,81.363
2995,2,940,1694.809629394832,-1421.960023463144,2019-07-15T12:49:53Z,46.20460000,12.76271667,1157.00,81.363
2996,2,941,1695.809629394832,-1420.960023463144,2019-07-15T12:49:54Z,46.20468333,12.76253333,1157.00,81.357
2997,2,942,1696.809629394832,-1419.960023463144,2019-07-15T12:49:55Z,46.20471667,12.76231667,1158.00,81.346
2998,2,943,1697.809629394832,-1418.960023463144,2019-07-15T12:49:56Z,46.20473333,12.76210000,1158.00,81.335
2999,2,944,1698.809629394832,-1417.960023463144,2019-07-15T12:49:57Z,46.20471667,12.76188333,1159.00,81.32
3000,2,945,1699.809629394832,-1416.960023463144,2019-07-15T12:49:58Z,46.20466667,12.76168333,1160.00,81.305
3001,2,946,1700.809629394832,-1415.960023463144,2019-07-15T12:49:59Z,46.20458333,12.76153333,1161.00,81.29
3002,2,947,1701.809629394832,-1414.960023463144,2019-07-15T12:50:00Z,46.20450000,12.76140000,1163.00,81.276
3003,2,948,1702.809629394832,-1413.960023463144,2019-07-15T12:50:01Z,46.20440000,12.76130000,1165.00,81.263
3004,2,949,1703.809629394832,-1412.960023463144,2019-07-15T12:50:02Z,46.20428333,12.76121667,1165.00,81.25
3005,2,950,1704.809629394832,-1411.960023463144,2019-07-15T12:50:03Z,46.20416667,12.76118333,1166.00,81.24
3006,2,951,1705.809629394832,-1410.960023463144,2019-07-15T12:50:04Z,46.20403333,12.76120000,1166.00,81.232
3007,2,952,1706.809629394832,-1409.960023463144,2019-07-15T12:50:05Z,46.20393333,12.76123333,1168.00,81.227
3008,2,953,1707.809629394832,-1408.960023463144,2019-07-15T12:50:06Z,46.20383333,12.76131667,1169.00,81.225
3009,2,954,1708.809629394832,-1407.960023463144,2019-07-15T12:50:07Z,46.20375000,12.76140000,1171.00,81.224
3010,2,955,1709.809629394832,-1406.960023463144,2019-07-15T12:50:08Z,46.20368333,12.76153333,1172.00,81.228
3011,2,956,1710.809629394832,-1405.960023463144,2019-07-15T12:50:09Z,46.20365000,12.76168333,1173.00,81.235
3012,2,957,1711.809629394832,-1404.960023463144,2019-07-15T12:50:10Z,46.20363333,12.76183333,1174.00,81.242
3013,2,958,1712.809629394832,-1403.960023463144,2019-07-15T12:50:11Z,46.20363333,12.76200000,1174.00,81.253
3014,2,959,1713.809629394832,-1402.960023463144,2019-07-15T12:50:12Z,46.20366667,12.76218333,1173.00,81.266
3015,2,960,1714.809629394832,-1401.960023463144,2019-07-15T12:50:13Z,46.20373333,12.76236667,1173.00,81.282
3016,2,961,1715.809629394832,-1400.960023463144,2019-07-15T12:50:14Z,46.20383333,12.76253333,1172.00,81.299
3017,2,962,1716.809629394832,-1399.960023463144,2019-07-15T12:50:15Z,46.20395000,12.76268333,1171.00,81.316
3018,2,963,1717.809629394832,-1398.960023463144,2019-07-15T12:50:16Z,46.20410000,12.76283333,1170.00,81.335
3019,2,964,1718.809629394832,-1397.960023463144,2019-07-15T12:50:17Z,46.20426667,12.76293333,1170.00,81.353
3020,2,965,1719.809629394832,-1396.960023463144,2019-07-15T12:50:18Z,46.20443333,12.76300000,1170.00,81.368
3021,2,966,1720.809629394832,-1395.960023463144,2019-07-15T12:50:19Z,46.20461667,12.76306667,1170.00,81.385
3022,2,967,1721.809629394832,-1394.960023463144,2019-07-15T12:50:20Z,46.20480000,12.76310000,1170.00,81.399
3023,2,968,1722.809629394832,-1393.960023463144,2019-07-15T12:50:21Z,46.20498333,12.76311667,1170.00,81.413
3024,2,969,1723.809629394832,-1392.960023463144,2019-07-15T12:50:22Z,46.20515000,12.76310000,1170.00,81.424
3025,2,970,1724.809629394832,-1391.960023463144,2019-07-15T12:50:23Z,46.20531667,12.76305000,1171.00,81.432
3026,2,971,1725.809629394832,-1390.960023463144,2019-07-15T12:50:24Z,46.20546667,12.76295000,1172.00,81.437
3027,2,972,1726.809629394832,-1389.960023463144,2019-07-15T12:50:25Z,46.20560000,12.76280000,1172.00,81.437
3028,2,973,1727.809629394832,-1388.960023463144,2019-07-15T12:50:26Z,46.20570000,12.76263333,1172.00,81.434
3029,2,974,1728.809629394832,-1387.960023463144,2019-07-15T12:50:27Z,46.20578333,12.76243333,1173.00,81.427
3030,2,975,1729.809629394832,-1386.960023463144,2019-07-15T12:50:28Z,46.20581667,12.76221667,1175.00,81.417
3031,2,976,1730.809629394832,-1385.960023463144,2019-07-15T12:50:29Z,46.20583333,12.76200000,1176.00,81.405
3032,2,977,1731.809629394832,-1384.960023463144,2019-07-15T12:50:30Z,46.20580000,12.76181667,1177.00,81.392
3033,2,978,1732.809629394832,-1383.960023463144,2019-07-15T12:50:31Z,46.20575000,12.76165000,1180.00,81.378
3034,2,979,1733.809629394832,-1382.960023463144,2019-07-15T12:50:32Z,46.20568333,12.76151667,1181.00,81.366
3035,2,980,1734.809629394832,-1381.960023463144,2019-07-15T12:50:33Z,46.20556667,12.76141667,1181.00,81.351
3036,2,981,1735.809629394832,-1380.960023463144,2019-07-15T12:50:34Z,46.20545000,12.76138333,1181.00,81.341
3037,2,982,1736.809629394832,-1379.960023463144,2019-07-15T12:50:35Z,46.20531667,12.76141667,1181.00,81.334
3038,2,983,1737.809629394832,-1378.960023463144,2019-07-15T12:50:36Z,46.20520000,12.76151667,1182.00,81.332
3039,2,984,1738.809629394832,-1377.960023463144,2019-07-15T12:50:37Z,46.20511667,12.76165000,1182.00,81.334
3040,2,985,1739.809629394832,-1376.960023463144,2019-07-15T12:50:38Z,46.20506667,12.76181667,1184.00,81.341
3041,2,986,1740.809629394832,-1375.960023463144,2019-07-15T12:50:39Z,46.20505000,12.76198333,1186.00,81.35
3042,2,987,1741.809629394832,-1374.960023463144,2019-07-15T12:50:40Z,46.20508333,12.76218333,1187.00,81.364
3043,2,988,1742.809629394832,-1373.960023463144,2019-07-15T12:50:41Z,46.20515000,12.76236667,1188.00,81.38
3044,2,989,1743.809629394832,-1372.960023463144,2019-07-15T12:50:42Z,46.20526667,12.76253333,1188.00,81.398
3045,2,990,1744.809629394832,-1371.960023463144,2019-07-15T12:50:43Z,46.20541667,12.76265000,1187.00,81.415
3046,2,991,1745.809629394832,-1370.960023463144,2019-07-15T12:50:44Z,46.20560000,12.76273333,1186.00,81.433
3047,2,992,1746.809629394832,-1369.960023463144,2019-07-15T12:50:45Z,46.20578333,12.76275000,1186.00,81.447
3048,2,993,1747.809629394832,-1368.960023463144,2019-07-15T12:50:46Z,46.20595000,12.76271667,1186.00,81.456
3049,2,994,1748.809629394832,-1367.960023463144,2019-07-15T12:50:47Z,46.20611667,12.76263333,1186.00,81.463
3050,2,995,1749.809629394832,-1366.960023463144,2019-07-15T12:50:48Z,46.20626667,12.76251667,1187.00,81.466
3051,2,996,1750.809629394832,-1365.960023463144,2019-07-15T12:50:49Z,46.20638333,12.76236667,1188.00,81.465
3052,2,997,1751.809629394832,-1364.960023463144,2019-07-15T12:50:50Z,46.20648333,12.76218333,1189.00,81.461
3053,2,998,1752.809629394832,-1363.960023463144,2019-07-15T12:50:51Z,46.20653333,12.76198333,1191.00,81.453
3054,2,999,1753.809629394832,-1362.960023463144,2019-07-15T12:50:52Z,46.20655000,12.76178333,1193.00,81.442
3055,2,1000,1754.809629394832,-1361.960023463144,2019-07-15T12:50:53Z,46.20653333,12.76158333,1196.00,81.429
3056,2,1001,1755.809629394832,-1360.960023463144,2019-07-15T12:50:54Z,46.20646667,12.76141667,1196.00,81.414
3057,2,1002,1756.809629394832,-1359.960023463144,2019-07-15T12:50:55Z,46.20638333,12.76130000,1197.00,81.401
3058,2,1003,1757.809629394832,-1358.960023463144,2019-07-15T12:50:56Z,46.20626667,12.76123333,1198.00,81.389
3059,2,1004,1758.809629394832,-1357.960023463144,2019-07-15T12:50:57Z,46.20615000,12.76123333,1200.00,81.381
3060,2,1005,1759.809629394832,-1356.960023463144,2019-07-15T12:50:58Z,46.20601667,12.76128333,1200.00,81.375
3061,2,1006,1760.809629394832,-1355.960023463144,2019-07-15T12:50:59Z,46.20591667,12.76140000,1200.00,81.375
3062,2,1007,1761.809629394832,-1354.960023463144,2019-07-15T12:51:00Z,46.20585000,12.76155000,1201.00,81.379
3063,2,1008,1762.809629394832,-1353.960023463144,2019-07-15T12:51:01Z,46.20581667,12.76173333,1202.00,81.388
3064,2,1009,1763.809629394832,-1352.960023463144,2019-07-15T12:51:02Z,46.20581667,12.76193333,1205.00,81.4
3065,2,1010,1764.809629394832,-1351.960023463144,2019-07-15T12:51:03Z,46.20585000,12.76211667,1205.00,81.413
3066,2,1011,1765.809629394832,-1350.960023463144,2019-07-15T12:51:04Z,46.20591667,12.76231667,1205.00,81.43
3067,2,1012,1766.809629394832,-1349.960023463144,2019-07-15T12:51:05Z,46.20601667,12.76250000,1206.00,81.448
3068,2,1013,1767.809629394832,-1348.960023463144,2019-07-15T12:51:06Z,46.20615000,12.76263333,1207.00,81.465
3069,2,1014,1768.809629394832,-1347.960023463144,2019-07-15T12:51:07Z,46.20631667,12.76275000,1207.00,81.484
3070,2,1015,1769.809629394832,-1346.960023463144,2019-07-15T12:51:08Z,46.20650000,12.76281667,1206.00,81.5
3071,2,1016,1770.809629394832,-1345.960023463144,2019-07-15T12:51:09Z,46.20668333,12.76283333,1205.00,81.514
3072,2,1017,1771.809629394832,-1344.960023463144,2019-07-15T12:51:10Z,46.20688333,12.76280000,1204.00,81.526
3073,2,1018,1772.809629394832,-1343.960023463144,2019-07-15T12:51:11Z,46.20706667,12.76273333,1205.00,81.535
3074,2,1019,1773.809629394832,-1342.960023463144,2019-07-15T12:51:12Z,46.20721667,12.76263333,1207.00,81.539
3075,2,1020,1774.809629394832,-1341.960023463144,2019-07-15T12:51:13Z,46.20735000,12.76251667,1209.00,81.542
3076,2,1021,1775.809629394832,-1340.960023463144,2019-07-15T12:51:14Z,46.20746667,12.76236667,1212.00,81.541
3077,2,1022,1776.809629394832,-1339.960023463144,2019-07-15T12:51:15Z,46.20755000,12.76220000,1213.00,81.537
3078,2,1023,1777.809629394832,-1338.960023463144,2019-07-15T12:51:16Z,46.20761667,12.76203333,1216.00,81.532
3079,2,1024,1778.809629394832,-1337.960023463144,2019-07-15T12:51:17Z,46.20763333,12.76183333,1217.00,81.521
3080,2,1025,1779.809629394832,-1336.960023463144,2019-07-15T12:51:18Z,46.20761667,12.76165000,1217.00,81.509
3081,2,1026,1780.809629394832,-1335.960023463144,2019-07-15T12:51:19Z,46.20756667,12.76148333,1216.00,81.495
3082,2,1027,1781.809629394832,-1334.960023463144,2019-07-15T12:51:20Z,46.20748333,12.76131667,1215.00,81.479
3083,2,1028,1782.809629394832,-1333.960023463144,2019-07-15T12:51:21Z,46.20740000,12.76118333,1215.00,81.466
3084,2,1029,1783.809629394832,-1332.960023463144,2019-07-15T12:51:22Z,46.20730000,12.76108333,1215.00,81.453
3085,2,1030,1784.809629394832,-1331.960023463144,2019-07-15T12:51:23Z,46.20720000,12.76103333,1216.00,81.443
3086,2,1031,1785.809629394832,-1330.960023463144,2019-07-15T12:51:24Z,46.20710000,12.76100000,1219.00,81.434
3087,2,1032,1786.809629394832,-1329.960023463144,2019-07-15T12:51:25Z,46.20700000,12.76100000,1221.00,81.427
3088,2,1033,1787.809629394832,-1328.960023463144,2019-07-15T12:51:26Z,46.20691667,12.76105000,1225.00,81.424
3089,2,1034,1788.809629394832,-1327.960023463144,2019-07-15T12:51:27Z,46.20683333,12.76113333,1225.00,81.423
3090,2,1035,1789.809629394832,-1326.960023463144,2019-07-15T12:51:28Z,46.20678333,12.76126667,1225.00,81.427
3091,2,1036,1790.809629394832,-1325.960023463144,2019-07-15T12:51:29Z,46.20675000,12.76143333,1225.00,81.435
3092,2,1037,1791.809629394832,-1324.960023463144,2019-07-15T12:51:30Z,46.20675000,12.76163333,1225.00,81.447
3093,2,1038,1792.809629394832,-1323.960023463144,2019-07-15T12:51:31Z,46.20680000,12.76183333,1225.00,81.462
3094,2,1039,1793.809629394832,-1322.960023463144,2019-07-15T12:51:32Z,46.20688333,12.76201667,1224.00,81.479
3095,2,1040,1794.809629394832,-1321.960023463144,2019-07-15T12:51:33Z,46.20696667,12.76220000,1224.00,81.496
3096,2,1041,1795.809629394832,-1320.960023463144,2019-07-15T12:51:34Z,46.20708333,12.76235000,1223.00,81.513
3097,2,1042,1796.809629394832,-1319.960023463144,2019-07-15T12:51:35Z,46.20723333,12.76250000,1224.00,81.533
3098,2,1043,1797.809629394832,-1318.960023463144,2019-07-15T12:51:36Z,46.20738333,12.76260000,1225.00,81.549
3099,2,1044,1798.809629394832,-1317.960023463144,2019-07-15T12:51:37Z,46.20755000,12.76265000,1225.00,81.564
3100,2,1045,1799.809629394832,-1316.960023463144,2019-07-15T12:51:38Z,46.20773333,12.76265000,1224.00,81.577
3101,2,1046,1800.809629394832,-1315.960023463144,2019-07-15T12:51:39Z,46.20791667,12.76258333,1224.00,81.585
3102,2,1047,1801.809629394832,-1314.960023463144,2019-07-15T12:51:40Z,46.20810000,12.76246667,1223.00,81.591
3103,2,1048,1802.809629394832,-1313.960023463144,2019-07-15T12:51:41Z,46.20826667,12.76233333,1223.00,81.595
3104,2,1049,1803.809629394832,-1312.960023463144,2019-07-15T12:51:42Z,46.20841667,12.76218333,1224.00,81.597
3105,2,1050,1804.809629394832,-1311.960023463144,2019-07-15T12:51:43Z,46.20855000,12.76205000,1226.00,81.598
3106,2,1051,1805.809629394832,-1310.960023463144,2019-07-15T12:51:44Z,46.20866667,12.76190000,1230.00,81.597
3107,2,1052,1806.809629394832,-1309.960023463144,2019-07-15T12:51:45Z,46.20876667,12.76176667,1230.00,81.596
3108,2,1053,1807.809629394832,-1308.960023463144,2019-07-15T12:51:46Z,46.20885000,12.76163333,1231.00,81.594
3109,2,1054,1808.809629394832,-1307.960023463144,2019-07-15T12:51:47Z,46.20888333,12.76148333,1234.00,81.588
3110,2,1055,1809.809629394832,-1306.960023463144,2019-07-15T12:51:48Z,46.20891667,12.76131667,1232.00,81.58
3111,2,1056,1810.809629394832,-1305.960023463144,2019-07-15T12:51:49Z,46.20891667,12.76113333,1230.00,81.569
3112,2,1057,1811.809629394832,-1304.960023463144,2019-07-15T12:51:50Z,46.20891667,12.76095000,1226.00,81.558
3113,2,1058,1812.809629394832,-1303.960023463144,2019-07-15T12:51:51Z,46.20890000,12.76076667,1224.00,81.546
3114,2,1059,1813.809629394832,-1302.960023463144,2019-07-15T12:51:52Z,46.20888333,12.76060000,1222.00,81.535
3115,2,1060,1814.809629394832,-1301.960023463144,2019-07-15T12:51:53Z,46.20886667,12.76043333,1221.00,81.524
3116,2,1061,1815.809629394832,-1300.960023463144,2019-07-15T12:51:54Z,46.20885000,12.76028333,1220.00,81.514
3117,2,1062,1816.809629394832,-1299.960023463144,2019-07-15T12:51:55Z,46.20883333,12.76015000,1221.00,81.505
3118,2,1063,1817.809629394832,-1298.960023463144,2019-07-15T12:51:56Z,46.20881667,12.76001667,1221.00,81.496
3119,2,1064,1818.809629394832,-1297.960023463144,2019-07-15T12:51:57Z,46.20876667,12.75988333,1219.00,81.484
3120,2,1065,1819.809629394832,-1296.960023463144,2019-07-15T12:51:58Z,46.20870000,12.75978333,1216.00,81.474
3121,2,1066,1820.809629394832,-1295.960023463144,2019-07-15T12:51:59Z,46.20863333,12.75968333,1214.00,81.463
3122,2,1067,1821.809629394832,-1294.960023463144,2019-07-15T12:52:00Z,46.20856667,12.75956667,1213.00,81.452
3123,2,1068,1822.809629394832,-1293.960023463144,2019-07-15T12:52:01Z,46.20851667,12.75943333,1213.00,81.44
3124,2,1069,1823.809629394832,-1292.960023463144,2019-07-15T12:52:02Z,46.20848333,12.75928333,1211.00,81.429
3125,2,1070,1824.809629394832,-1291.960023463144,2019-07-15T12:52:03Z,46.20845000,12.75913333,1209.00,81.418
3126,2,1071,1825.809629394832,-1290.960023463144,2019-07-15T12:52:04Z,46.20840000,12.75900000,1212.00,81.406
3127,2,1072,1826.809629394832,-1289.960023463144,2019-07-15T12:52:05Z,46.20833333,12.75886667,1211.00,81.393
3128,2,1073,1827.809629394832,-1288.960023463144,2019-07-15T12:52:06Z,46.20825000,12.75875000,1210.00,81.381
3129,2,1074,1828.809629394832,-1287.960023463144,2019-07-15T12:52:07Z,46.20816667,12.75863333,1210.00,81.368
3130,2,1075,1829.809629394832,-1286.960023463144,2019-07-15T12:52:08Z,46.20808333,12.75850000,1209.00,81.354
3131,2,1076,1830.809629394832,-1285.960023463144,2019-07-15T12:52:09Z,46.20801667,12.75838333,1211.00,81.342
3132,2,1077,1831.809629394832,-1284.960023463144,2019-07-15T12:52:10Z,46.20795000,12.75823333,1212.00,81.329
3133,2,1078,1832.809629394832,-1283.960023463144,2019-07-15T12:52:11Z,46.20788333,12.75808333,1211.00,81.315
3134,2,1079,1833.809629394832,-1282.960023463144,2019-07-15T12:52:12Z,46.20781667,12.75791667,1206.00,81.301
3135,2,1080,1834.809629394832,-1281.960023463144,2019-07-15T12:52:13Z,46.20775000,12.75775000,1208.00,81.286
3136,2,1081,1835.809629394832,-1280.960023463144,2019-07-15T12:52:14Z,46.20768333,12.75760000,1212.00,81.272
3137,2,1082,1836.809629394832,-1279.960023463144,2019-07-15T12:52:15Z,46.20761667,12.75743333,1208.00,81.258
3138,2,1083,1837.809629394832,-1278.960023463144,2019-07-15T12:52:16Z,46.20755000,12.75728333,1208.00,81.244
3139,2,1084,1838.809629394832,-1277.960023463144,2019-07-15T12:52:17Z,46.20746667,12.75711667,1209.00,81.228
3140,2,1085,1839.809629394832,-1276.960023463144,2019-07-15T12:52:18Z,46.20738333,12.75696667,1203.00,81.213
3141,2,1086,1840.809629394832,-1275.960023463144,2019-07-15T12:52:19Z,46.20730000,12.75680000,1206.00,81.198
3142,2,1087,1841.809629394832,-1274.960023463144,2019-07-15T12:52:20Z,46.20721667,12.75665000,1206.00,81.183
3143,2,1088,1842.809629394832,-1273.960023463144,2019-07-15T12:52:21Z,46.20713333,12.75650000,1205.00,81.168
3144,2,1089,1843.809629394832,-1272.960023463144,2019-07-15T12:52:22Z,46.20703333,12.75636667,1203.00,81.153
3145,2,1090,1844.809629394832,-1271.960023463144,2019-07-15T12:52:23Z,46.20695000,12.75623333,1201.00,81.139
3146,2,1091,1845.809629394832,-1270.960023463144,2019-07-15T12:52:24Z,46.20685000,12.75610000,1198.00,81.124
3147,2,1092,1846.809629394832,-1269.960023463144,2019-07-15T12:52:25Z,46.20676667,12.75596667,1196.00,81.11
3148,2,1093,1847.809629394832,-1268.960023463144,2019-07-15T12:52:26Z,46.20666667,12.75583333,1194.00,81.095
3149,2,1094,1848.809629394832,-1267.960023463144,2019-07-15T12:52:27Z,46.20658333,12.75566667,1191.00,81.08
3150,2,1095,1849.809629394832,-1266.960023463144,2019-07-15T12:52:28Z,46.20650000,12.75550000,1190.00,81.064
3151,2,1096,1850.809629394832,-1265.960023463144,2019-07-15T12:52:29Z,46.20641667,12.75533333,1184.00,81.048
3152,2,1097,1851.809629394832,-1264.960023463144,2019-07-15T12:52:30Z,46.20633333,12.75515000,1184.00,81.031
3153,2,1098,1852.809629394832,-1263.960023463144,2019-07-15T12:52:31Z,46.20623333,12.75495000,1184.00,81.012
3154,2,1099,1853.809629394832,-1262.960023463144,2019-07-15T12:52:32Z,46.20615000,12.75473333,1178.00,80.994
3155,2,1100,1854.809629394832,-1261.960023463144,2019-07-15T12:52:33Z,46.20608333,12.75453333,1173.00,80.977
3156,2,1101,1855.809629394832,-1260.960023463144,2019-07-15T12:52:34Z,46.20601667,12.75431667,1173.00,80.959
3157,2,1102,1856.809629394832,-1259.960023463144,2019-07-15T12:52:35Z,46.20598333,12.75411667,1174.00,80.945
3158,2,1103,1857.809629394832,-1258.960023463144,2019-07-15T12:52:36Z,46.20595000,12.75390000,1173.00,80.93
3159,2,1104,1858.809629394832,-1257.960023463144,2019-07-15T12:52:37Z,46.20591667,12.75368333,1173.00,80.915
3160,2,1105,1859.809629394832,-1256.960023463144,2019-07-15T12:52:38Z,46.20590000,12.75345000,1172.00,80.9
3161,2,1106,1860.809629394832,-1255.960023463144,2019-07-15T12:52:39Z,46.20588333,12.75321667,1171.00,80.885
3162,2,1107,1861.809629394832,-1254.960023463144,2019-07-15T12:52:40Z,46.20585000,12.75298333,1168.00,80.869
3163,2,1108,1862.809629394832,-1253.960023463144,2019-07-15T12:52:41Z,46.20583333,12.75275000,1167.00,80.854
3164,2,1109,1863.809629394832,-1252.960023463144,2019-07-15T12:52:42Z,46.20580000,12.75253333,1165.00,80.838
3165,2,1110,1864.809629394832,-1251.960023463144,2019-07-15T12:52:43Z,46.20578333,12.75230000,1162.00,80.824
3166,2,1111,1865.809629394832,-1250.960023463144,2019-07-15T12:52:44Z,46.20575000,12.75208333,1161.00,80.808
3167,2,1112,1866.809629394832,-1249.960023463144,2019-07-15T12:52:45Z,46.20571667,12.75185000,1160.00,80.792
3168,2,1113,1867.809629394832,-1248.960023463144,2019-07-15T12:52:46Z,46.20568333,12.75163333,1159.00,80.777
3169,2,1114,1868.809629394832,-1247.960023463144,2019-07-15T12:52:47Z,46.20563333,12.75141667,1156.00,80.761
3170,2,1115,1869.809629394832,-1246.960023463144,2019-07-15T12:52:48Z,46.20558333,12.75120000,1154.00,80.744
3171,2,1116,1870.809629394832,-1245.960023463144,2019-07-15T12:52:49Z,46.20553333,12.75100000,1152.00,80.729
3172,2,1117,1871.809629394832,-1244.960023463144,2019-07-15T12:52:50Z,46.20548333,12.75080000,1148.00,80.714
3173,2,1118,1872.809629394832,-1243.960023463144,2019-07-15T12:52:51Z,46.20541667,12.75060000,1145.00,80.697
3174,2,1119,1873.809629394832,-1242.960023463144,2019-07-15T12:52:52Z,46.20536667,12.75040000,1142.00,80.682
3175,2,1120,1874.809629394832,-1241.960023463144,2019-07-15T12:52:53Z,46.20531667,12.75020000,1141.00,80.666
3176,2,1121,1875.809629394832,-1240.960023463144,2019-07-15T12:52:54Z,46.20526667,12.74998333,1138.00,80.65
3177,2,1122,1876.809629394832,-1239.960023463144,2019-07-15T12:52:55Z,46.20520000,12.74978333,1135.00,80.633
3178,2,1123,1877.809629394832,-1238.960023463144,2019-07-15T12:52:56Z,46.20513333,12.74958333,1133.00,80.617
3179,2,1124,1878.809629394832,-1237.960023463144,2019-07-15T12:52:57Z,46.20506667,12.74940000,1132.00,80.601
3180,2,1125,1879.809629394832,-1236.960023463144,2019-07-15T12:52:58Z,46.20500000,12.74921667,1129.00,80.586
3181,2,1126,1880.809629394832,-1235.960023463144,2019-07-15T12:52:59Z,46.20493333,12.74901667,1129.00,80.569
3182,2,1127,1881.809629394832,-1234.960023463144,2019-07-15T12:53:00Z,46.20486667,12.74885000,1127.00,80.554
3183,2,1128,1882.809629394832,-1233.960023463144,2019-07-15T12:53:01Z,46.20480000,12.74866667,1127.00,80.539
3184,2,1129,1883.809629394832,-1232.960023463144,2019-07-15T12:53:02Z,46.20475000,12.74850000,1125.00,80.525
3185,2,1130,1884.809629394832,-1231.960023463144,2019-07-15T12:53:03Z,46.20468333,12.74831667,1123.00,80.51
3186,2,1131,1885.809629394832,-1230.960023463144,2019-07-15T12:53:04Z,46.20461667,12.74815000,1123.00,80.495
3187,2,1132,1886.809629394832,-1229.960023463144,2019-07-15T12:53:05Z,46.20455000,12.74795000,1121.00,80.479
3188,2,1133,1887.809629394832,-1228.960023463144,2019-07-15T12:53:06Z,46.20450000,12.74776667,1118.00,80.464
3189,2,1134,1888.809629394832,-1227.960023463144,2019-07-15T12:53:07Z,46.20443333,12.74758333,1117.00,80.449
3190,2,1135,1889.809629394832,-1226.960023463144,2019-07-15T12:53:08Z,46.20438333,12.74738333,1118.00,80.433
3191,2,1136,1890.809629394832,-1225.960023463144,2019-07-15T12:53:09Z,46.20433333,12.74720000,1115.00,80.419
3192,2,1137,1891.809629394832,-1224.960023463144,2019-07-15T12:53:10Z,46.20428333,12.74700000,1120.00,80.404
3193,2,1138,1892.809629394832,-1223.960023463144,2019-07-15T12:53:11Z,46.20423333,12.74681667,1121.00,80.389
3194,2,1139,1893.809629394832,-1222.960023463144,2019-07-15T12:53:12Z,46.20418333,12.74665000,1123.00,80.376
3195,2,1140,1894.809629394832,-1221.960023463144,2019-07-15T12:53:13Z,46.20411667,12.74646667,1122.00,80.36
3196,2,1141,1895.809629394832,-1220.960023463144,2019-07-15T12:53:14Z,46.20406667,12.74628333,1121.00,80.346
3197,2,1142,1896.809629394832,-1219.960023463144,2019-07-15T12:53:15Z,46.20400000,12.74608333,1121.00,80.329
3198,2,1143,1897.809629394832,-1218.960023463144,2019-07-15T12:53:16Z,46.20393333,12.74588333,1121.00,80.313
3199,2,1144,1898.809629394832,-1217.960023463144,2019-07-15T12:53:17Z,46.20388333,12.74568333,1123.00,80.298
3200,2,1145,1899.809629394832,-1216.960023463144,2019-07-15T12:53:18Z,46.20383333,12.74548333,1125.00,80.282
3201,2,1146,1900.809629394832,-1215.960023463144,2019-07-15T12:53:19Z,46.20378333,12.74528333,1128.00,80.267
3202,2,1147,1901.809629394832,-1214.960023463144,2019-07-15T12:53:20Z,46.20373333,12.74508333,1130.00,80.252
3203,2,1148,1902.809629394832,-1213.960023463144,2019-07-15T12:53:21Z,46.20366667,12.74490000,1131.00,80.236
3204,2,1149,1903.809629394832,-1212.960023463144,2019-07-15T12:53:22Z,46.20360000,12.74471667,1133.00,80.22
3205,2,1150,1904.809629394832,-1211.960023463144,2019-07-15T12:53:23Z,46.20353333,12.74455000,1135.00,80.206
3206,2,1151,1905.809629394832,-1210.960023463144,2019-07-15T12:53:24Z,46.20346667,12.74438333,1137.00,80.191
3207,2,1152,1906.809629394832,-1209.960023463144,2019-07-15T12:53:25Z,46.20338333,12.74423333,1138.00,80.176
3208,2,1153,1907.809629394832,-1208.960023463144,2019-07-15T12:53:26Z,46.20331667,12.74406667,1138.00,80.162
3209,2,1154,1908.809629394832,-1207.960023463144,2019-07-15T12:53:27Z,46.20321667,12.74390000,1136.00,80.145
3210,2,1155,1909.809629394832,-1206.960023463144,2019-07-15T12:53:28Z,46.20313333,12.74373333,1133.00,80.129
3211,2,1156,1910.809629394832,-1205.960023463144,2019-07-15T12:53:29Z,46.20303333,12.74355000,1130.00,80.111
3212,2,1157,1911.809629394832,-1204.960023463144,2019-07-15T12:53:30Z,46.20293333,12.74338333,1127.00,80.094
3213,2,1158,1912.809629394832,-1203.960023463144,2019-07-15T12:53:31Z,46.20285000,12.74321667,1125.00,80.078
3214,2,1159,1913.809629394832,-1202.960023463144,2019-07-15T12:53:32Z,46.20275000,12.74305000,1125.00,80.061
3215,2,1160,1914.809629394832,-1201.960023463144,2019-07-15T12:53:33Z,46.20265000,12.74290000,1123.00,80.045
3216,2,1161,1915.809629394832,-1200.960023463144,2019-07-15T12:53:34Z,46.20255000,12.74273333,1121.00,80.028
3217,2,1162,1916.809629394832,-1199.960023463144,2019-07-15T12:53:35Z,46.20246667,12.74258333,1120.00,80.014
3218,2,1163,1917.809629394832,-1198.960023463144,2019-07-15T12:53:36Z,46.20236667,12.74243333,1118.00,79.998
3219,2,1164,1918.809629394832,-1197.960023463144,2019-07-15T12:53:37Z,46.20228333,12.74228333,1116.00,79.983
3220,2,1165,1919.809629394832,-1196.960023463144,2019-07-15T12:53:38Z,46.20218333,12.74213333,1114.00,79.967
3221,2,1166,1920.809629394832,-1195.960023463144,2019-07-15T12:53:39Z,46.20208333,12.74198333,1113.00,79.951
3222,2,1167,1921.809629394832,-1194.960023463144,2019-07-15T12:53:40Z,46.20196667,12.74183333,1110.00,79.934
3223,2,1168,1922.809629394832,-1193.960023463144,2019-07-15T12:53:41Z,46.20186667,12.74168333,1107.00,79.918
3224,2,1169,1923.809629394832,-1192.960023463144,2019-07-15T12:53:42Z,46.20176667,12.74153333,1104.00,79.902
3225,2,1170,1924.809629394832,-1191.960023463144,2019-07-15T12:53:43Z,46.20166667,12.74138333,1104.00,79.886
3226,2,1171,1925.809629394832,-1190.960023463144,2019-07-15T12:53:44Z,46.20156667,12.74125000,1102.00,79.871
3227,2,1172,1926.809629394832,-1189.960023463144,2019-07-15T12:53:45Z,46.20146667,12.74110000,1101.00,79.855
3228,2,1173,1927.809629394832,-1188.960023463144,2019-07-15T12:53:46Z,46.20136667,12.74093333,1100.00,79.838
3229,2,1174,1928.809629394832,-1187.960023463144,2019-07-15T12:53:47Z,46.20128333,12.74076667,1098.00,79.822
3230,2,1175,1929.809629394832,-1186.960023463144,2019-07-15T12:53:48Z,46.20120000,12.74060000,1096.00,79.806
3231,2,1176,1930.809629394832,-1185.960023463144,2019-07-15T12:53:49Z,46.20110000,12.74041667,1094.00,79.788
3232,2,1177,1931.809629394832,-1184.960023463144,2019-07-15T12:53:50Z,46.20101667,12.74023333,1090.00,79.771
3233,2,1178,1932.809629394832,-1183.960023463144,2019-07-15T12:53:51Z,46.20093333,12.74003333,1088.00,79.754
3234,2,1179,1933.809629394832,-1182.960023463144,2019-07-15T12:53:52Z,46.20085000,12.73985000,1086.00,79.737
3235,2,1180,1934.809629394832,-1181.960023463144,2019-07-15T12:53:53Z,46.20078333,12.73966667,1083.00,79.721
3236,2,1181,1935.809629394832,-1180.960023463144,2019-07-15T12:53:54Z,46.20070000,12.73948333,1083.00,79.705
3237,2,1182,1936.809629394832,-1179.960023463144,2019-07-15T12:53:55Z,46.20061667,12.73930000,1079.00,79.688
3238,2,1183,1937.809629394832,-1178.960023463144,2019-07-15T12:53:56Z,46.20055000,12.73913333,1077.00,79.673
3239,2,1184,1938.809629394832,-1177.960023463144,2019-07-15T12:53:57Z,46.20048333,12.73895000,1074.00,79.658
3240,2,1185,1939.809629394832,-1176.960023463144,2019-07-15T12:53:58Z,46.20040000,12.73878333,1074.00,79.642
3241,2,1186,1940.809629394832,-1175.960023463144,2019-07-15T12:53:59Z,46.20033333,12.73860000,1070.00,79.626
3242,2,1187,1941.809629394832,-1174.960023463144,2019-07-15T12:54:00Z,46.20025000,12.73843333,1067.00,79.611
3243,2,1188,1942.809629394832,-1173.960023463144,2019-07-15T12:54:01Z,46.20016667,12.73825000,1063.00,79.594
3244,2,1189,1943.809629394832,-1172.960023463144,2019-07-15T12:54:02Z,46.20008333,12.73808333,1060.00,79.578
3245,2,1190,1944.809629394832,-1171.960023463144,2019-07-15T12:54:03Z,46.20000000,12.73791667,1058.00,79.562
3246,2,1191,1945.809629394832,-1170.960023463144,2019-07-15T12:54:04Z,46.19991667,12.73775000,1055.00,79.547
3247,2,1192,1946.809629394832,-1169.960023463144,2019-07-15T12:54:05Z,46.19983333,12.73758333,1052.00,79.531
3248,2,1193,1947.809629394832,-1168.960023463144,2019-07-15T12:54:06Z,46.19975000,12.73741667,1049.00,79.515
3249,2,1194,1948.809629394832,-1167.960023463144,2019-07-15T12:54:07Z,46.19966667,12.73725000,1046.00,79.499
3250,2,1195,1949.809629394832,-1166.960023463144,2019-07-15T12:54:08Z,46.19958333,12.73708333,1042.00,79.483
3251,2,1196,1950.809629394832,-1165.960023463144,2019-07-15T12:54:09Z,46.19948333,12.73691667,1039.00,79.467
3252,2,1197,1951.809629394832,-1164.960023463144,2019-07-15T12:54:10Z,46.19938333,12.73675000,1037.00,79.45
3253,2,1198,1952.809629394832,-1163.960023463144,2019-07-15T12:54:11Z,46.19928333,12.73658333,1035.00,79.433
3254,2,1199,1953.809629394832,-1162.960023463144,2019-07-15T12:54:12Z,46.19920000,12.73643333,1033.00,79.418
3255,2,1200,1954.809629394832,-1161.960023463144,2019-07-15T12:54:13Z,46.19910000,12.73628333,1032.00,79.402
3256,2,1201,1955.809629394832,-1160.960023463144,2019-07-15T12:54:14Z,46.19900000,12.73613333,1030.00,79.386
3257,2,1202,1956.809629394832,-1159.960023463144,2019-07-15T12:54:15Z,46.19888333,12.73598333,1027.00,79.369
3258,2,1203,1957.809629394832,-1158.960023463144,2019-07-15T12:54:16Z,46.19878333,12.73583333,1024.00,79.353
3259,2,1204,1958.809629394832,-1157.960023463144,2019-07-15T12:54:17Z,46.19866667,12.73568333,1021.00,79.335
3260,2,1205,1959.809629394832,-1156.960023463144,2019-07-15T12:54:18Z,46.19853333,12.73555000,1017.00,79.318
3261,2,1206,1960.809629394832,-1155.960023463144,2019-07-15T12:54:19Z,46.19841667,12.73543333,1015.00,79.303
3262,2,1207,1961.809629394832,-1154.960023463144,2019-07-15T12:54:20Z,46.19828333,12.73531667,1013.00,79.286
3263,2,1208,1962.809629394832,-1153.960023463144,2019-07-15T12:54:21Z,46.19816667,12.73521667,1011.00,79.272
3264,2,1209,1963.809629394832,-1152.960023463144,2019-07-15T12:54:22Z,46.19805000,12.73510000,1010.00,79.257
3265,2,1210,1964.809629394832,-1151.960023463144,2019-07-15T12:54:23Z,46.19793333,12.73500000,1008.00,79.243
3266,2,1211,1965.809629394832,-1150.960023463144,2019-07-15T12:54:24Z,46.19781667,12.73488333,1007.00,79.227
3267,2,1212,1966.809629394832,-1149.960023463144,2019-07-15T12:54:25Z,46.19771667,12.73476667,1006.00,79.213
3268,2,1213,1967.809629394832,-1148.960023463144,2019-07-15T12:54:26Z,46.19761667,12.73465000,1004.00,79.199
3269,2,1214,1968.809629394832,-1147.960023463144,2019-07-15T12:54:27Z,46.19751667,12.73451667,1003.00,79.184
3270,2,1215,1969.809629394832,-1146.960023463144,2019-07-15T12:54:28Z,46.19741667,12.73440000,1001.00,79.17
3271,2,1216,1970.809629394832,-1145.960023463144,2019-07-15T12:54:29Z,46.19731667,12.73426667,999.00,79.155
3272,2,1217,1971.809629394832,-1144.960023463144,2019-07-15T12:54:30Z,46.19721667,12.73413333,997.00,79.14
3273,2,1218,1972.809629394832,-1143.960023463144,2019-07-15T12:54:31Z,46.19713333,12.73398333,996.00,79.125
3274,2,1219,1973.809629394832,-1142.960023463144,2019-07-15T12:54:32Z,46.19703333,12.73385000,993.00,79.11
3275,2,1220,1974.809629394832,-1141.960023463144,2019-07-15T12:54:33Z,46.19693333,12.73368333,989.00,79.093
3276,2,1221,1975.809629394832,-1140.960023463144,2019-07-15T12:54:34Z,46.19681667,12.73353333,985.00,79.076
3277,2,1222,1976.809629394832,-1139.960023463144,2019-07-15T12:54:35Z,46.19671667,12.73336667,982.00,79.059
3278,2,1223,1977.809629394832,-1138.960023463144,2019-07-15T12:54:36Z,46.19661667,12.73321667,980.00,79.043
3279,2,1224,1978.809629394832,-1137.960023463144,2019-07-15T12:54:37Z,46.19651667,12.73308333,978.00,79.028
3280,2,1225,1979.809629394832,-1136.960023463144,2019-07-15T12:54:38Z,46.19641667,12.73293333,976.00,79.012
3281,2,1226,1980.809629394832,-1135.960023463144,2019-07-15T12:54:39Z,46.19631667,12.73278333,975.00,78.996
3282,2,1227,1981.809629394832,-1134.960023463144,2019-07-15T12:54:40Z,46.19621667,12.73263333,974.00,78.98
3283,2,1228,1982.809629394832,-1133.960023463144,2019-07-15T12:54:41Z,46.19611667,12.73246667,971.00,78.963
3284,2,1229,1983.809629394832,-1132.960023463144,2019-07-15T12:54:42Z,46.19601667,12.73231667,969.00,78.947
3285,2,1230,1984.809629394832,-1131.960023463144,2019-07-15T12:54:43Z,46.19591667,12.73215000,965.00,78.93
3286,2,1231,1985.809629394832,-1130.960023463144,2019-07-15T12:54:44Z,46.19581667,12.73198333,962.00,78.913
3287,2,1232,1986.809629394832,-1129.960023463144,2019-07-15T12:54:45Z,46.19571667,12.73181667,960.00,78.896
3288,2,1233,1987.809629394832,-1128.960023463144,2019-07-15T12:54:46Z,46.19561667,12.73165000,959.00,78.879
3289,2,1234,1988.809629394832,-1127.960023463144,2019-07-15T12:54:47Z,46.19551667,12.73151667,958.00,78.864
3290,2,1235,1989.809629394832,-1126.960023463144,2019-07-15T12:54:48Z,46.19540000,12.73138333,957.00,78.848
3291,2,1236,1990.809629394832,-1125.960023463144,2019-07-15T12:54:49Z,46.19530000,12.73126667,955.00,78.834
3292,2,1237,1991.809629394832,-1124.960023463144,2019-07-15T12:54:50Z,46.19520000,12.73115000,953.00,78.82
3293,2,1238,1992.809629394832,-1123.960023463144,2019-07-15T12:54:51Z,46.19508333,12.73105000,952.00,78.806
3294,2,1239,1993.809629394832,-1122.960023463144,2019-07-15T12:54:52Z,46.19498333,12.73093333,948.00,78.792
3295,2,1240,1994.809629394832,-1121.960023463144,2019-07-15T12:54:53Z,46.19488333,12.73081667,945.00,78.778
3296,2,1241,1995.809629394832,-1120.960023463144,2019-07-15T12:54:54Z,46.19478333,12.73070000,941.00,78.764
3297,2,1242,1996.809629394832,-1119.960023463144,2019-07-15T12:54:55Z,46.19468333,12.73058333,938.00,78.75
3298,2,1243,1997.809629394832,-1118.960023463144,2019-07-15T12:54:56Z,46.19458333,12.73045000,935.00,78.735
3299,2,1244,1998.809629394832,-1117.960023463144,2019-07-15T12:54:57Z,46.19450000,12.73031667,932.00,78.721
3300,2,1245,1999.809629394832,-1116.960023463144,2019-07-15T12:54:58Z,46.19441667,12.73016667,929.00,78.706
3301,2,1246,2000.809629394832,-1115.960023463144,2019-07-15T12:54:59Z,46.19431667,12.73001667,925.00,78.69
3302,2,1247,2001.809629394832,-1114.960023463144,2019-07-15T12:55:00Z,46.19423333,12.72985000,923.00,78.674
3303,2,1248,2002.809629394832,-1113.960023463144,2019-07-15T12:55:01Z,46.19415000,12.72970000,920.00,78.659
3304,2,1249,2003.809629394832,-1112.960023463144,2019-07-15T12:55:02Z,46.19406667,12.72955000,918.00,78.645
3305,2,1250,2004.809629394832,-1111.960023463144,2019-07-15T12:55:03Z,46.19398333,12.72941667,916.00,78.631
3306,2,1251,2005.809629394832,-1110.960023463144,2019-07-15T12:55:04Z,46.19390000,12.72928333,914.00,78.617
3307,2,1252,2006.809629394832,-1109.960023463144,2019-07-15T12:55:05Z,46.19381667,12.72915000,912.00,78.603
3308,2,1253,2007.809629394832,-1108.960023463144,2019-07-15T12:55:06Z,46.19371667,12.72901667,910.00,78.588
3309,2,1254,2008.809629394832,-1107.960023463144,2019-07-15T12:55:07Z,46.19363333,12.72888333,908.00,78.574
3310,2,1255,2009.809629394832,-1106.960023463144,2019-07-15T12:55:08Z,46.19353333,12.72875000,905.00,78.559
3311,2,1256,2010.809629394832,-1105.960023463144,2019-07-15T12:55:09Z,46.19343333,12.72861667,903.00,78.544
3312,2,1257,2011.809629394832,-1104.960023463144,2019-07-15T12:55:10Z,46.19333333,12.72846667,900.00,78.528
3313,2,1258,2012.809629394832,-1103.960023463144,2019-07-15T12:55:11Z,46.19323333,12.72833333,898.00,78.513
3314,2,1259,2013.809629394832,-1102.960023463144,2019-07-15T12:55:12Z,46.19313333,12.72820000,896.00,78.498
3315,2,1260,2014.809629394832,-1101.960023463144,2019-07-15T12:55:13Z,46.19303333,12.72805000,893.00,78.482
3316,2,1261,2015.809629394832,-1100.960023463144,2019-07-15T12:55:14Z,46.19293333,12.72790000,891.00,78.466
3317,2,1262,2016.809629394832,-1099.960023463144,2019-07-15T12:55:15Z,46.19283333,12.72775000,889.00,78.45
3318,2,1263,2017.809629394832,-1098.960023463144,2019-07-15T12:55:16Z,46.19273333,12.72760000,887.00,78.434
3319,2,1264,2018.809629394832,-1097.960023463144,2019-07-15T12:55:17Z,46.19265000,12.72745000,885.00,78.42
3320,2,1265,2019.809629394832,-1096.960023463144,2019-07-15T12:55:18Z,46.19255000,12.72730000,883.00,78.404
3321,2,1266,2020.809629394832,-1095.960023463144,2019-07-15T12:55:19Z,46.19246667,12.72715000,881.00,78.389
3322,2,1267,2021.809629394832,-1094.960023463144,2019-07-15T12:55:20Z,46.19238333,12.72701667,881.00,78.375
3323,2,1268,2022.809629394832,-1093.960023463144,2019-07-15T12:55:21Z,46.19230000,12.72688333,880.00,78.361
3324,2,1269,2023.809629394832,-1092.960023463144,2019-07-15T12:55:22Z,46.19221667,12.72673333,878.00,78.346
3325,2,1270,2024.809629394832,-1091.960023463144,2019-07-15T12:55:23Z,46.19215000,12.72660000,878.00,78.334
3326,2,1271,2025.809629394832,-1090.960023463144,2019-07-15T12:55:24Z,46.19208333,12.72645000,876.00,78.32
3327,2,1272,2026.809629394832,-1089.960023463144,2019-07-15T12:55:25Z,46.19201667,12.72628333,874.00,78.306
3328,2,1273,2027.809629394832,-1088.960023463144,2019-07-15T12:55:26Z,46.19196667,12.72611667,871.00,78.292
3329,2,1274,2028.809629394832,-1087.960023463144,2019-07-15T12:55:27Z,46.19190000,12.72593333,869.00,78.277
3330,2,1275,2029.809629394832,-1086.960023463144,2019-07-15T12:55:28Z,46.19183333,12.72575000,867.00,78.261
3331,2,1276,2030.809629394832,-1085.960023463144,2019-07-15T12:55:29Z,46.19178333,12.72555000,865.00,78.246
3332,2,1277,2031.809629394832,-1084.960023463144,2019-07-15T12:55:30Z,46.19171667,12.72536667,862.00,78.23
3333,2,1278,2032.809629394832,-1083.960023463144,2019-07-15T12:55:31Z,46.19165000,12.72518333,860.00,78.214
3334,2,1279,2033.809629394832,-1082.960023463144,2019-07-15T12:55:32Z,46.19160000,12.72498333,856.00,78.199
3335,2,1280,2034.809629394832,-1081.960023463144,2019-07-15T12:55:33Z,46.19155000,12.72478333,853.00,78.184
3336,2,1281,2035.809629394832,-1080.960023463144,2019-07-15T12:55:34Z,46.19148333,12.72458333,850.00,78.167
3337,2,1282,2036.809629394832,-1079.960023463144,2019-07-15T12:55:35Z,46.19143333,12.72438333,846.00,78.152
3338,2,1283,2037.809629394832,-1078.960023463144,2019-07-15T12:55:36Z,46.19136667,12.72420000,844.00,78.136
3339,2,1284,2038.809629394832,-1077.960023463144,2019-07-15T12:55:37Z,46.19130000,12.72400000,840.00,78.12
3340,2,1285,2039.809629394832,-1076.960023463144,2019-07-15T12:55:38Z,46.19121667,12.72381667,837.00,78.103
3341,2,1286,2040.809629394832,-1075.960023463144,2019-07-15T12:55:39Z,46.19115000,12.72361667,833.00,78.086
3342,2,1287,2041.809629394832,-1074.960023463144,2019-07-15T12:55:40Z,46.19106667,12.72341667,829.00,78.069
3343,2,1288,2042.809629394832,-1073.960023463144,2019-07-15T12:55:41Z,46.19098333,12.72321667,826.00,78.051
3344,2,1289,2043.809629394832,-1072.960023463144,2019-07-15T12:55:42Z,46.19090000,12.72303333,822.00,78.034
3345,2,1290,2044.809629394832,-1071.960023463144,2019-07-15T12:55:43Z,46.19080000,12.72286667,819.00,78.017
3346,2,1291,2045.809629394832,-1070.960023463144,2019-07-15T12:55:44Z,46.19071667,12.72268333,815.00,78.0
3347,2,1292,2046.809629394832,-1069.960023463144,2019-07-15T12:55:45Z,46.19060000,12.72251667,813.00,77.982
3348,2,1293,2047.809629394832,-1068.960023463144,2019-07-15T12:55:46Z,46.19050000,12.72236667,811.00,77.966
3349,2,1294,2048.809629394832,-1067.960023463144,2019-07-15T12:55:47Z,46.19040000,12.72221667,809.00,77.95
3350,2,1295,2049.809629394832,-1066.960023463144,2019-07-15T12:55:48Z,46.19031667,12.72206667,808.00,77.936
3351,2,1296,2050.809629394832,-1065.960023463144,2019-07-15T12:55:49Z,46.19021667,12.72193333,805.00,77.921
3352,2,1297,2051.809629394832,-1064.960023463144,2019-07-15T12:55:50Z,46.19013333,12.72178333,803.00,77.906
3353,2,1298,2052.809629394832,-1063.960023463144,2019-07-15T12:55:51Z,46.19006667,12.72163333,801.00,77.892
3354,2,1299,2053.809629394832,-1062.960023463144,2019-07-15T12:55:52Z,46.18998333,12.72146667,798.00,77.876
3355,2,1300,2054.809629394832,-1061.960023463144,2019-07-15T12:55:53Z,46.18990000,12.72128333,794.00,77.86
3356,2,1301,2055.809629394832,-1060.960023463144,2019-07-15T12:55:54Z,46.18983333,12.72110000,790.00,77.844
3357,2,1302,2056.809629394832,-1059.960023463144,2019-07-15T12:55:55Z,46.18975000,12.72090000,787.00,77.826
3358,2,1303,2057.809629394832,-1058.960023463144,2019-07-15T12:55:56Z,46.18968333,12.72071667,784.00,77.811
3359,2,1304,2058.809629394832,-1057.960023463144,2019-07-15T12:55:57Z,46.18960000,12.72053333,782.00,77.794
3360,2,1305,2059.809629394832,-1056.960023463144,2019-07-15T12:55:58Z,46.18951667,12.72036667,780.00,77.778
3361,2,1306,2060.809629394832,-1055.960023463144,2019-07-15T12:55:59Z,46.18945000,12.72021667,777.00,77.765
3362,2,1307,2061.809629394832,-1054.960023463144,2019-07-15T12:56:00Z,46.18938333,12.72005000,774.00,77.75
3363,2,1308,2062.809629394832,-1053.960023463144,2019-07-15T12:56:01Z,46.18931667,12.71986667,771.00,77.734
3364,2,1309,2063.809629394832,-1052.960023463144,2019-07-15T12:56:02Z,46.18926667,12.71968333,767.00,77.72
3365,2,1310,2064.809629394832,-1051.960023463144,2019-07-15T12:56:03Z,46.18923333,12.71948333,763.00,77.706
3366,2,1311,2065.809629394832,-1050.960023463144,2019-07-15T12:56:04Z,46.18920000,12.71925000,758.00,77.69
3367,2,1312,2066.809629394832,-1049.960023463144,2019-07-15T12:56:05Z,46.18918333,12.71901667,756.00,77.675
3368,2,1313,2067.809629394832,-1048.960023463144,2019-07-15T12:56:06Z,46.18915000,12.71880000,753.00,77.66
3369,2,1314,2068.809629394832,-1047.960023463144,2019-07-15T12:56:07Z,46.18913333,12.71860000,752.00,77.647
3370,2,1315,2069.809629394832,-1046.960023463144,2019-07-15T12:56:08Z,46.18910000,12.71840000,752.00,77.633
3371,2,1316,2070.809629394832,-1045.960023463144,2019-07-15T12:56:09Z,46.18908333,12.71820000,751.00,77.62
3372,2,1317,2071.809629394832,-1044.960023463144,2019-07-15T12:56:10Z,46.18903333,12.71800000,750.00,77.605
3373,2,1318,2072.809629394832,-1043.960023463144,2019-07-15T12:56:11Z,46.18898333,12.71780000,749.00,77.589
3374,2,1319,2073.809629394832,-1042.960023463144,2019-07-15T12:56:12Z,46.18890000,12.71761667,749.00,77.573
3375,2,1320,2074.809629394832,-1041.960023463144,2019-07-15T12:56:13Z,46.18881667,12.71745000,748.00,77.557
3376,2,1321,2075.809629394832,-1040.960023463144,2019-07-15T12:56:14Z,46.18873333,12.71730000,747.00,77.542
3377,2,1322,2076.809629394832,-1039.960023463144,2019-07-15T12:56:15Z,46.18865000,12.71715000,749.00,77.527
3378,2,1323,2077.809629394832,-1038.960023463144,2019-07-15T12:56:16Z,46.18856667,12.71700000,748.00,77.512
3379,2,1324,2078.809629394832,-1037.960023463144,2019-07-15T12:56:17Z,46.18846667,12.71685000,746.00,77.496
3380,2,1325,2079.809629394832,-1036.960023463144,2019-07-15T12:56:18Z,46.18835000,12.71668333,746.00,77.478
3381,2,1326,2080.809629394832,-1035.960023463144,2019-07-15T12:56:19Z,46.18825000,12.71651667,744.00,77.461
3382,2,1327,2081.809629394832,-1034.960023463144,2019-07-15T12:56:20Z,46.18816667,12.71635000,743.00,77.445
3383,2,1328,2082.809629394832,-1033.960023463144,2019-07-15T12:56:21Z,46.18808333,12.71620000,745.00,77.431
3384,2,1329,2083.809629394832,-1032.960023463144,2019-07-15T12:56:22Z,46.18801667,12.71603333,747.00,77.416
3385,2,1330,2084.809629394832,-1031.960023463144,2019-07-15T12:56:23Z,46.18795000,12.71590000,749.00,77.403
3386,2,1331,2085.809629394832,-1030.960023463144,2019-07-15T12:56:24Z,46.18788333,12.71576667,751.00,77.391
3387,2,1332,2086.809629394832,-1029.960023463144,2019-07-15T12:56:25Z,46.18780000,12.71563333,754.00,77.377
3388,2,1333,2087.809629394832,-1028.960023463144,2019-07-15T12:56:26Z,46.18771667,12.71548333,754.00,77.362
3389,2,1334,2088.809629394832,-1027.960023463144,2019-07-15T12:56:27Z,46.18765000,12.71531667,753.00,77.348
3390,2,1335,2089.809629394832,-1026.960023463144,2019-07-15T12:56:28Z,46.18756667,12.71513333,753.00,77.331
3391,2,1336,2090.809629394832,-1025.960023463144,2019-07-15T12:56:29Z,46.18750000,12.71496667,754.00,77.316
3392,2,1337,2091.809629394832,-1024.960023463144,2019-07-15T12:56:30Z,46.18743333,12.71476667,754.00,77.3
3393,2,1338,2092.809629394832,-1023.960023463144,2019-07-15T12:56:31Z,46.18740000,12.71458333,755.00,77.287
3394,2,1339,2093.809629394832,-1022.960023463144,2019-07-15T12:56:32Z,46.18735000,12.71436667,756.00,77.27
3395,2,1340,2094.809629394832,-1021.960023463144,2019-07-15T12:56:33Z,46.18731667,12.71416667,757.00,77.256
3396,2,1341,2095.809629394832,-1020.960023463144,2019-07-15T12:56:34Z,46.18728333,12.71395000,759.00,77.241
3397,2,1342,2096.809629394832,-1019.960023463144,2019-07-15T12:56:35Z,46.18723333,12.71375000,760.00,77.226
3398,2,1343,2097.809629394832,-1018.960023463144,2019-07-15T12:56:36Z,46.18716667,12.71356667,763.00,77.21
3399,2,1344,2098.809629394832,-1017.960023463144,2019-07-15T12:56:37Z,46.18708333,12.71343333,767.00,77.197
3400,2,1345,2099.809629394832,-1016.960023463144,2019-07-15T12:56:38Z,46.18696667,12.71336667,771.00,77.184
3401,2,1346,2100.809629394832,-1015.960023463144,2019-07-15T12:56:39Z,46.18685000,12.71336667,773.00,77.176
3402,2,1347,2101.809629394832,-1014.960023463144,2019-07-15T12:56:40Z,46.18673333,12.71345000,776.00,77.172
3403,2,1348,2102.809629394832,-1013.960023463144,2019-07-15T12:56:41Z,46.18665000,12.71360000,778.00,77.175
3404,2,1349,2103.809629394832,-1012.960023463144,2019-07-15T12:56:42Z,46.18660000,12.71378333,781.00,77.182
3405,2,1350,2104.809629394832,-1011.960023463144,2019-07-15T12:56:43Z,46.18658333,12.71398333,782.00,77.193
3406,2,1351,2105.809629394832,-1010.960023463144,2019-07-15T12:56:44Z,46.18661667,12.71420000,784.00,77.208
3407,2,1352,2106.809629394832,-1009.960023463144,2019-07-15T12:56:45Z,46.18668333,12.71438333,786.00,77.223
3408,2,1353,2107.809629394832,-1008.960023463144,2019-07-15T12:56:46Z,46.18678333,12.71455000,788.00,77.24
3409,2,1354,2108.809629394832,-1007.960023463144,2019-07-15T12:56:47Z,46.18688333,12.71465000,790.00,77.253
3410,2,1355,2109.809629394832,-1006.960023463144,2019-07-15T12:56:48Z,46.18701667,12.71468333,792.00,77.265
3411,2,1356,2110.809629394832,-1005.960023463144,2019-07-15T12:56:49Z,46.18716667,12.71463333,793.00,77.273
3412,2,1357,2111.809629394832,-1004.960023463144,2019-07-15T12:56:50Z,46.18728333,12.71451667,793.00,77.274
3413,2,1358,2112.809629394832,-1003.960023463144,2019-07-15T12:56:51Z,46.18738333,12.71433333,794.00,77.271
3414,2,1359,2113.809629394832,-1002.960023463144,2019-07-15T12:56:52Z,46.18743333,12.71413333,795.00,77.263
3415,2,1360,2114.809629394832,-1001.960023463144,2019-07-15T12:56:53Z,46.18745000,12.71391667,798.00,77.251
3416,2,1361,2115.809629394832,-1000.960023463144,2019-07-15T12:56:54Z,46.18741667,12.71370000,799.00,77.236
3417,2,1362,2116.809629394832,-999.960023463144,2019-07-15T12:56:55Z,46.18735000,12.71353333,802.00,77.222
3418,2,1363,2117.809629394832,-998.960023463144,2019-07-15T12:56:56Z,46.18726667,12.71340000,804.00,77.208
3419,2,1364,2118.809629394832,-997.960023463144,2019-07-15T12:56:57Z,46.18715000,12.71330000,806.00,77.194
3420,2,1365,2119.809629394832,-996.960023463144,2019-07-15T12:56:58Z,46.18700000,12.71328333,808.00,77.182
3421,2,1366,2120.809629394832,-995.960023463144,2019-07-15T12:56:59Z,46.18686667,12.71331667,811.00,77.174
3422,2,1367,2121.809629394832,-994.960023463144,2019-07-15T12:57:00Z,46.18675000,12.71340000,814.00,77.17
3423,2,1368,2122.809629394832,-993.960023463144,2019-07-15T12:57:01Z,46.18666667,12.71351667,818.00,77.171
3424,2,1369,2123.809629394832,-992.960023463144,2019-07-15T12:57:02Z,46.18660000,12.71366667,821.00,77.175
3425,2,1370,2124.809629394832,-991.960023463144,2019-07-15T12:57:03Z,46.18656667,12.71383333,824.00,77.183
3426,2,1371,2125.809629394832,-990.960023463144,2019-07-15T12:57:04Z,46.18658333,12.71403333,826.00,77.195
3427,2,1372,2126.809629394832,-989.960023463144,2019-07-15T12:57:05Z,46.18665000,12.71421667,828.00,77.211
3428,2,1373,2127.809629394832,-988.960023463144,2019-07-15T12:57:06Z,46.18675000,12.71436667,831.00,77.227
3429,2,1374,2128.809629394832,-987.960023463144,2019-07-15T12:57:07Z,46.18688333,12.71446667,831.00,77.242
3430,2,1375,2129.809629394832,-986.960023463144,2019-07-15T12:57:08Z,46.18703333,12.71448333,832.00,77.254
3431,2,1376,2130.809629394832,-985.960023463144,2019-07-15T12:57:09Z,46.18718333,12.71443333,834.00,77.262
3432,2,1377,2131.809629394832,-984.960023463144,2019-07-15T12:57:10Z,46.18728333,12.71430000,837.00,77.262
3433,2,1378,2132.809629394832,-983.960023463144,2019-07-15T12:57:11Z,46.18735000,12.71411667,838.00,77.256
3434,2,1379,2133.809629394832,-982.960023463144,2019-07-15T12:57:12Z,46.18738333,12.71390000,839.00,77.245
3435,2,1380,2134.809629394832,-981.960023463144,2019-07-15T12:57:13Z,46.18736667,12.71368333,839.00,77.232
3436,2,1381,2135.809629394832,-980.960023463144,2019-07-15T12:57:14Z,46.18730000,12.71348333,840.00,77.215
3437,2,1382,2136.809629394832,-979.960023463144,2019-07-15T12:57:15Z,46.18721667,12.71330000,842.00,77.198
3438,2,1383,2137.809629394832,-978.960023463144,2019-07-15T12:57:16Z,46.18711667,12.71313333,844.00,77.181
3439,2,1384,2138.809629394832,-977.960023463144,2019-07-15T12:57:17Z,46.18701667,12.71300000,846.00,77.166
3440,2,1385,2139.809629394832,-976.960023463144,2019-07-15T12:57:18Z,46.18691667,12.71290000,851.00,77.153
3441,2,1386,2140.809629394832,-975.960023463144,2019-07-15T12:57:19Z,46.18683333,12.71281667,855.00,77.142
3442,2,1387,2141.809629394832,-974.960023463144,2019-07-15T12:57:20Z,46.18673333,12.71275000,859.00,77.131
3443,2,1388,2142.809629394832,-973.960023463144,2019-07-15T12:57:21Z,46.18663333,12.71273333,862.00,77.123
3444,2,1389,2143.809629394832,-972.960023463144,2019-07-15T12:57:22Z,46.18655000,12.71276667,864.00,77.119
3445,2,1390,2144.809629394832,-971.960023463144,2019-07-15T12:57:23Z,46.18646667,12.71283333,864.00,77.117
3446,2,1391,2145.809629394832,-970.960023463144,2019-07-15T12:57:24Z,46.18640000,12.71295000,864.00,77.119
3447,2,1392,2146.809629394832,-969.960023463144,2019-07-15T12:57:25Z,46.18635000,12.71306667,865.00,77.122
3448,2,1393,2147.809629394832,-968.960023463144,2019-07-15T12:57:26Z,46.18631667,12.71321667,866.00,77.128
3449,2,1394,2148.809629394832,-967.960023463144,2019-07-15T12:57:27Z,46.18630000,12.71336667,868.00,77.136
3450,2,1395,2149.809629394832,-966.960023463144,2019-07-15T12:57:28Z,46.18630000,12.71353333,871.00,77.146
3451,2,1396,2150.809629394832,-965.960023463144,2019-07-15T12:57:29Z,46.18633333,12.71368333,874.00,77.157
3452,2,1397,2151.809629394832,-964.960023463144,2019-07-15T12:57:30Z,46.18641667,12.71381667,879.00,77.171
3453,2,1398,2152.809629394832,-963.960023463144,2019-07-15T12:57:31Z,46.18655000,12.71388333,882.00,77.184
3454,2,1399,2153.809629394832,-962.960023463144,2019-07-15T12:57:32Z,46.18668333,12.71390000,885.00,77.195
3455,2,1400,2154.809629394832,-961.960023463144,2019-07-15T12:57:33Z,46.18683333,12.71385000,887.00,77.203
3456,2,1401,2155.809629394832,-960.960023463144,2019-07-15T12:57:34Z,46.18696667,12.71371667,889.00,77.205
3457,2,1402,2156.809629394832,-959.960023463144,2019-07-15T12:57:35Z,46.18706667,12.71353333,890.00,77.201
3458,2,1403,2157.809629394832,-958.960023463144,2019-07-15T12:57:36Z,46.18711667,12.71333333,891.00,77.193
3459,2,1404,2158.809629394832,-957.960023463144,2019-07-15T12:57:37Z,46.18715000,12.71311667,893.00,77.183
3460,2,1405,2159.809629394832,-956.960023463144,2019-07-15T12:57:38Z,46.18715000,12.71291667,894.00,77.171
3461,2,1406,2160.809629394832,-955.960023463144,2019-07-15T12:57:39Z,46.18713333,12.71270000,895.00,77.157
3462,2,1407,2161.809629394832,-954.960023463144,2019-07-15T12:57:40Z,46.18711667,12.71250000,897.00,77.144
3463,2,1408,2162.809629394832,-953.960023463144,2019-07-15T12:57:41Z,46.18710000,12.71228333,897.00,77.131
3464,2,1409,2163.809629394832,-952.960023463144,2019-07-15T12:57:42Z,46.18706667,12.71206667,897.00,77.116
3465,2,1410,2164.809629394832,-951.960023463144,2019-07-15T12:57:43Z,46.18701667,12.71186667,897.00,77.1
3466,2,1411,2165.809629394832,-950.960023463144,2019-07-15T12:57:44Z,46.18695000,12.71168333,896.00,77.085
3467,2,1412,2166.809629394832,-949.960023463144,2019-07-15T12:57:45Z,46.18686667,12.71153333,896.00,77.07
3468,2,1413,2167.809629394832,-948.960023463144,2019-07-15T12:57:46Z,46.18678333,12.71140000,896.00,77.056
3469,2,1414,2168.809629394832,-947.960023463144,2019-07-15T12:57:47Z,46.18666667,12.71130000,896.00,77.042
3470,2,1415,2169.809629394832,-946.960023463144,2019-07-15T12:57:48Z,46.18656667,12.71123333,896.00,77.031
3471,2,1416,2170.809629394832,-945.960023463144,2019-07-15T12:57:49Z,46.18645000,12.71121667,897.00,77.021
3472,2,1417,2171.809629394832,-944.960023463144,2019-07-15T12:57:50Z,46.18633333,12.71120000,898.00,77.012
3473,2,1418,2172.809629394832,-943.960023463144,2019-07-15T12:57:51Z,46.18623333,12.71123333,899.00,77.006
3474,2,1419,2173.809629394832,-942.960023463144,2019-07-15T12:57:52Z,46.18615000,12.71128333,900.00,77.003
3475,2,1420,2174.809629394832,-941.960023463144,2019-07-15T12:57:53Z,46.18606667,12.71135000,900.00,77.001
3476,2,1421,2175.809629394832,-940.960023463144,2019-07-15T12:57:54Z,46.18598333,12.71143333,901.00,77.0
3477,2,1422,2176.809629394832,-939.960023463144,2019-07-15T12:57:55Z,46.18591667,12.71155000,901.00,77.002
3478,2,1423,2177.809629394832,-938.960023463144,2019-07-15T12:57:56Z,46.18585000,12.71166667,902.00,77.004
3479,2,1424,2178.809629394832,-937.960023463144,2019-07-15T12:57:57Z,46.18578333,12.71180000,902.00,77.007
3480,2,1425,2179.809629394832,-936.960023463144,2019-07-15T12:57:58Z,46.18575000,12.71193333,903.00,77.012
3481,2,1426,2180.809629394832,-935.960023463144,2019-07-15T12:57:59Z,46.18571667,12.71208333,905.00,77.019
3482,2,1427,2181.809629394832,-934.960023463144,2019-07-15T12:58:00Z,46.18571667,12.71223333,906.00,77.027
3483,2,1428,2182.809629394832,-933.960023463144,2019-07-15T12:58:01Z,46.18573333,12.71240000,906.00,77.038
3484,2,1429,2183.809629394832,-932.960023463144,2019-07-15T12:58:02Z,46.18576667,12.71255000,907.00,77.05
3485,2,1430,2184.809629394832,-931.960023463144,2019-07-15T12:58:03Z,46.18581667,12.71271667,907.00,77.063
3486,2,1431,2185.809629394832,-930.960023463144,2019-07-15T12:58:04Z,46.18586667,12.71286667,908.00,77.075
3487,2,1432,2186.809629394832,-929.960023463144,2019-07-15T12:58:05Z,46.18596667,12.71303333,909.00,77.092
3488,2,1433,2187.809629394832,-928.960023463144,2019-07-15T12:58:06Z,46.18606667,12.71315000,909.00,77.106
3489,2,1434,2188.809629394832,-927.960023463144,2019-07-15T12:58:07Z,46.18620000,12.71325000,909.00,77.122
3490,2,1435,2189.809629394832,-926.960023463144,2019-07-15T12:58:08Z,46.18633333,12.71333333,910.00,77.136
3491,2,1436,2190.809629394832,-925.960023463144,2019-07-15T12:58:09Z,46.18650000,12.71341667,910.00,77.153
3492,2,1437,2191.809629394832,-924.960023463144,2019-07-15T12:58:10Z,46.18665000,12.71348333,910.00,77.168
3493,2,1438,2192.809629394832,-923.960023463144,2019-07-15T12:58:11Z,46.18681667,12.71351667,911.00,77.182
3494,2,1439,2193.809629394832,-922.960023463144,2019-07-15T12:58:12Z,46.18700000,12.71351667,912.00,77.195
3495,2,1440,2194.809629394832,-921.960023463144,2019-07-15T12:58:13Z,46.18715000,12.71350000,916.00,77.205
3496,2,1441,2195.809629394832,-920.960023463144,2019-07-15T12:58:14Z,46.18730000,12.71341667,919.00,77.211
3497,2,1442,2196.809629394832,-919.960023463144,2019-07-15T12:58:15Z,46.18743333,12.71330000,923.00,77.214
3498,2,1443,2197.809629394832,-918.960023463144,2019-07-15T12:58:16Z,46.18753333,12.71315000,925.00,77.213
3499,2,1444,2198.809629394832,-917.960023463144,2019-07-15T12:58:17Z,46.18758333,12.71293333,928.00,77.204
3500,2,1445,2199.809629394832,-916.960023463144,2019-07-15T12:58:18Z,46.18758333,12.71270000,928.00,77.19
3501,2,1446,2200.809629394832,-915.960023463144,2019-07-15T12:58:19Z,46.18753333,12.71246667,929.00,77.173
3502,2,1447,2201.809629394832,-914.960023463144,2019-07-15T12:58:20Z,46.18746667,12.71226667,930.00,77.156
3503,2,1448,2202.809629394832,-913.960023463144,2019-07-15T12:58:21Z,46.18738333,12.71211667,933.00,77.142
3504,2,1449,2203.809629394832,-912.960023463144,2019-07-15T12:58:22Z,46.18728333,12.71198333,936.00,77.126
3505,2,1450,2204.809629394832,-911.960023463144,2019-07-15T12:58:23Z,46.18720000,12.71191667,939.00,77.117
3506,2,1451,2205.809629394832,-910.960023463144,2019-07-15T12:58:24Z,46.18710000,12.71190000,942.00,77.108
3507,2,1452,2206.809629394832,-909.960023463144,2019-07-15T12:58:25Z,46.18701667,12.71193333,943.00,77.104
3508,2,1453,2207.809629394832,-908.960023463144,2019-07-15T12:58:26Z,46.18695000,12.71201667,945.00,77.104
3509,2,1454,2208.809629394832,-907.960023463144,2019-07-15T12:58:27Z,46.18691667,12.71213333,946.00,77.109
3510,2,1455,2209.809629394832,-906.960023463144,2019-07-15T12:58:28Z,46.18688333,12.71226667,946.00,77.114
3511,2,1456,2210.809629394832,-905.960023463144,2019-07-15T12:58:29Z,46.18688333,12.71240000,946.00,77.122
3512,2,1457,2211.809629394832,-904.960023463144,2019-07-15T12:58:30Z,46.18690000,12.71256667,947.00,77.133
3513,2,1458,2212.809629394832,-903.960023463144,2019-07-15T12:58:31Z,46.18695000,12.71271667,948.00,77.145
3514,2,1459,2213.809629394832,-902.960023463144,2019-07-15T12:58:32Z,46.18703333,12.71286667,949.00,77.16
3515,2,1460,2214.809629394832,-901.960023463144,2019-07-15T12:58:33Z,46.18715000,12.71298333,950.00,77.175
3516,2,1461,2215.809629394832,-900.960023463144,2019-07-15T12:58:34Z,46.18728333,12.71306667,952.00,77.19
3517,2,1462,2216.809629394832,-899.960023463144,2019-07-15T12:58:35Z,46.18743333,12.71311667,954.00,77.203
3518,2,1463,2217.809629394832,-898.960023463144,2019-07-15T12:58:36Z,46.18760000,12.71313333,955.00,77.216
3519,2,1464,2218.809629394832,-897.960023463144,2019-07-15T12:58:37Z,46.18776667,12.71308333,956.00,77.226
3520,2,1465,2219.809629394832,-896.960023463144,2019-07-15T12:58:38Z,46.18791667,12.71295000,958.00,77.229
3521,2,1466,2220.809629394832,-895.960023463144,2019-07-15T12:58:39Z,46.18806667,12.71278333,959.00,77.23
3522,2,1467,2221.809629394832,-894.960023463144,2019-07-15T12:58:40Z,46.18816667,12.71258333,961.00,77.226
3523,2,1468,2222.809629394832,-893.960023463144,2019-07-15T12:58:41Z,46.18823333,12.71235000,963.00,77.217
3524,2,1469,2223.809629394832,-892.960023463144,2019-07-15T12:58:42Z,46.18825000,12.71211667,965.00,77.205
3525,2,1470,2224.809629394832,-891.960023463144,2019-07-15T12:58:43Z,46.18825000,12.71186667,967.00,77.19
3526,2,1471,2225.809629394832,-890.960023463144,2019-07-15T12:58:44Z,46.18820000,12.71166667,970.00,77.175
3527,2,1472,2226.809629394832,-889.960023463144,2019-07-15T12:58:45Z,46.18813333,12.71148333,972.00,77.159
3528,2,1473,2227.809629394832,-888.960023463144,2019-07-15T12:58:46Z,46.18806667,12.71133333,975.00,77.146
3529,2,1474,2228.809629394832,-887.960023463144,2019-07-15T12:58:47Z,46.18796667,12.71121667,978.00,77.132
3530,2,1475,2229.809629394832,-886.960023463144,2019-07-15T12:58:48Z,46.18788333,12.71115000,980.00,77.122
3531,2,1476,2230.809629394832,-885.960023463144,2019-07-15T12:58:49Z,46.18778333,12.71111667,982.00,77.113
3532,2,1477,2231.809629394832,-884.960023463144,2019-07-15T12:58:50Z,46.18770000,12.71111667,982.00,77.106
3533,2,1478,2232.809629394832,-883.960023463144,2019-07-15T12:58:51Z,46.18761667,12.71116667,982.00,77.103
3534,2,1479,2233.809629394832,-882.960023463144,2019-07-15T12:58:52Z,46.18755000,12.71126667,982.00,77.104
3535,2,1480,2234.809629394832,-881.960023463144,2019-07-15T12:58:53Z,46.18750000,12.71140000,981.00,77.108
3536,2,1481,2235.809629394832,-880.960023463144,2019-07-15T12:58:54Z,46.18748333,12.71156667,980.00,77.117
3537,2,1482,2236.809629394832,-879.960023463144,2019-07-15T12:58:55Z,46.18748333,12.71173333,980.00,77.126
3538,2,1483,2237.809629394832,-878.960023463144,2019-07-15T12:58:56Z,46.18751667,12.71190000,981.00,77.139
3539,2,1484,2238.809629394832,-877.960023463144,2019-07-15T12:58:57Z,46.18758333,12.71205000,982.00,77.152
3540,2,1485,2239.809629394832,-876.960023463144,2019-07-15T12:58:58Z,46.18768333,12.71220000,984.00,77.168
3541,2,1486,2240.809629394832,-875.960023463144,2019-07-15T12:58:59Z,46.18780000,12.71231667,985.00,77.183
3542,2,1487,2241.809629394832,-874.960023463144,2019-07-15T12:59:00Z,46.18793333,12.71241667,987.00,77.199
3543,2,1488,2242.809629394832,-873.960023463144,2019-07-15T12:59:01Z,46.18808333,12.71248333,989.00,77.214
3544,2,1489,2243.809629394832,-872.960023463144,2019-07-15T12:59:02Z,46.18825000,12.71250000,991.00,77.227
3545,2,1490,2244.809629394832,-871.960023463144,2019-07-15T12:59:03Z,46.18840000,12.71248333,993.00,77.237
3546,2,1491,2245.809629394832,-870.960023463144,2019-07-15T12:59:04Z,46.18856667,12.71241667,995.00,77.245
3547,2,1492,2246.809629394832,-869.960023463144,2019-07-15T12:59:05Z,46.18870000,12.71230000,998.00,77.248
3548,2,1493,2247.809629394832,-868.960023463144,2019-07-15T12:59:06Z,46.18883333,12.71215000,1000.00,77.249
3549,2,1494,2248.809629394832,-867.960023463144,2019-07-15T12:59:07Z,46.18893333,12.71195000,1001.00,77.245
3550,2,1495,2249.809629394832,-866.960023463144,2019-07-15T12:59:08Z,46.18900000,12.71171667,1003.00,77.236
3551,2,1496,2250.809629394832,-865.960023463144,2019-07-15T12:59:09Z,46.18901667,12.71148333,1006.00,77.224
3552,2,1497,2251.809629394832,-864.960023463144,2019-07-15T12:59:10Z,46.18900000,12.71128333,1009.00,77.211
3553,2,1498,2252.809629394832,-863.960023463144,2019-07-15T12:59:11Z,46.18896667,12.71110000,1011.00,77.198
3554,2,1499,2253.809629394832,-862.960023463144,2019-07-15T12:59:12Z,46.18890000,12.71093333,1012.00,77.184
3555,2,1500,2254.809629394832,-861.960023463144,2019-07-15T12:59:13Z,46.18881667,12.71080000,1013.00,77.17
3556,2,1501,2255.809629394832,-860.960023463144,2019-07-15T12:59:14Z,46.18871667,12.71070000,1014.00,77.157
3557,2,1502,2256.809629394832,-859.960023463144,2019-07-15T12:59:15Z,46.18861667,12.71065000,1016.00,77.147
3558,2,1503,2257.809629394832,-858.960023463144,2019-07-15T12:59:16Z,46.18851667,12.71063333,1017.00,77.138
3559,2,1504,2258.809629394832,-857.960023463144,2019-07-15T12:59:17Z,46.18841667,12.71065000,1019.00,77.132
3560,2,1505,2259.809629394832,-856.960023463144,2019-07-15T12:59:18Z,46.18833333,12.71071667,1020.00,77.13
3561,2,1506,2260.809629394832,-855.960023463144,2019-07-15T12:59:19Z,46.18826667,12.71080000,1022.00,77.13
3562,2,1507,2261.809629394832,-854.960023463144,2019-07-15T12:59:20Z,46.18821667,12.71091667,1023.00,77.133
3563,2,1508,2262.809629394832,-853.960023463144,2019-07-15T12:59:21Z,46.18818333,12.71105000,1024.00,77.138
3564,2,1509,2263.809629394832,-852.960023463144,2019-07-15T12:59:22Z,46.18820000,12.71120000,1025.00,77.148
3565,2,1510,2264.809629394832,-851.960023463144,2019-07-15T12:59:23Z,46.18825000,12.71135000,1025.00,77.16
3566,2,1511,2265.809629394832,-850.960023463144,2019-07-15T12:59:24Z,46.18833333,12.71148333,1027.00,77.174
3567,2,1512,2266.809629394832,-849.960023463144,2019-07-15T12:59:25Z,46.18845000,12.71160000,1028.00,77.189
3568,2,1513,2267.809629394832,-848.960023463144,2019-07-15T12:59:26Z,46.18856667,12.71166667,1030.00,77.202
3569,2,1514,2268.809629394832,-847.960023463144,2019-07-15T12:59:27Z,46.18871667,12.71170000,1032.00,77.215
3570,2,1515,2269.809629394832,-846.960023463144,2019-07-15T12:59:28Z,46.18888333,12.71166667,1034.00,77.225
3571,2,1516,2270.809629394832,-845.960023463144,2019-07-15T12:59:29Z,46.18901667,12.71158333,1036.00,77.23
3572,2,1517,2271.809629394832,-844.960023463144,2019-07-15T12:59:30Z,46.18916667,12.71145000,1039.00,77.233
3573,2,1518,2272.809629394832,-843.960023463144,2019-07-15T12:59:31Z,46.18926667,12.71130000,1042.00,77.232
3574,2,1519,2273.809629394832,-842.960023463144,2019-07-15T12:59:32Z,46.18936667,12.71110000,1045.00,77.228
3575,2,1520,2274.809629394832,-841.960023463144,2019-07-15T12:59:33Z,46.18941667,12.71088333,1048.00,77.219
3576,2,1521,2275.809629394832,-840.960023463144,2019-07-15T12:59:34Z,46.18943333,12.71066667,1049.00,77.208
3577,2,1522,2276.809629394832,-839.960023463144,2019-07-15T12:59:35Z,46.18941667,12.71043333,1050.00,77.193
3578,2,1523,2277.809629394832,-838.960023463144,2019-07-15T12:59:36Z,46.18938333,12.71021667,1050.00,77.178
3579,2,1524,2278.809629394832,-837.960023463144,2019-07-15T12:59:37Z,46.18931667,12.71001667,1051.00,77.162
3580,2,1525,2279.809629394832,-836.960023463144,2019-07-15T12:59:38Z,46.18923333,12.70983333,1052.00,77.145
3581,2,1526,2280.809629394832,-835.960023463144,2019-07-15T12:59:39Z,46.18915000,12.70968333,1053.00,77.13
3582,2,1527,2281.809629394832,-834.960023463144,2019-07-15T12:59:40Z,46.18905000,12.70956667,1053.00,77.116
3583,2,1528,2282.809629394832,-833.960023463144,2019-07-15T12:59:41Z,46.18895000,12.70948333,1054.00,77.104
3584,2,1529,2283.809629394832,-832.960023463144,2019-07-15T12:59:42Z,46.18885000,12.70945000,1054.00,77.095
3585,2,1530,2284.809629394832,-831.960023463144,2019-07-15T12:59:43Z,46.18873333,12.70943333,1054.00,77.085
3586,2,1531,2285.809629394832,-830.960023463144,2019-07-15T12:59:44Z,46.18865000,12.70945000,1054.00,77.08
3587,2,1532,2286.809629394832,-829.960023463144,2019-07-15T12:59:45Z,46.18855000,12.70948333,1054.00,77.074
3588,2,1533,2287.809629394832,-828.960023463144,2019-07-15T12:59:46Z,46.18848333,12.70955000,1055.00,77.073
3589,2,1534,2288.809629394832,-827.960023463144,2019-07-15T12:59:47Z,46.18841667,12.70965000,1055.00,77.074
3590,2,1535,2289.809629394832,-826.960023463144,2019-07-15T12:59:48Z,46.18835000,12.70975000,1054.00,77.075
3591,2,1536,2290.809629394832,-825.960023463144,2019-07-15T12:59:49Z,46.18830000,12.70985000,1054.00,77.077
3592,2,1537,2291.809629394832,-824.960023463144,2019-07-15T12:59:50Z,46.18825000,12.70998333,1054.00,77.081
3593,2,1538,2292.809629394832,-823.960023463144,2019-07-15T12:59:51Z,46.18820000,12.71011667,1053.00,77.085
3594,2,1539,2293.809629394832,-822.960023463144,2019-07-15T12:59:52Z,46.18815000,12.71028333,1052.00,77.091
3595,2,1540,2294.809629394832,-821.960023463144,2019-07-15T12:59:53Z,46.18810000,12.71045000,1053.00,77.097
3596,2,1541,2295.809629394832,-820.960023463144,2019-07-15T12:59:54Z,46.18806667,12.71063333,1052.00,77.105
3597,2,1542,2296.809629394832,-819.960023463144,2019-07-15T12:59:55Z,46.18806667,12.71080000,1054.00,77.115
3598,2,1543,2297.809629394832,-818.960023463144,2019-07-15T12:59:56Z,46.18808333,12.71098333,1056.00,77.127
3599,2,1544,2298.809629394832,-817.960023463144,2019-07-15T12:59:57Z,46.18811667,12.71115000,1057.00,77.139
3600,2,1545,2299.809629394832,-816.960023463144,2019-07-15T12:59:58Z,46.18818333,12.71131667,1060.00,77.153
3601,2,1546,2300.809629394832,-815.960023463144,2019-07-15T12:59:59Z,46.18826667,12.71146667,1062.00,77.168
3602,2,1547,2301.809629394832,-814.960023463144,2019-07-15T13:00:00Z,46.18836667,12.71161667,1063.00,77.184
3603,2,1548,2302.809629394832,-813.960023463144,2019-07-15T13:00:01Z,46.18850000,12.71171667,1064.00,77.2
3604,2,1549,2303.809629394832,-812.960023463144,2019-07-15T13:00:02Z,46.18865000,12.71180000,1066.00,77.216
3605,2,1550,2304.809629394832,-811.960023463144,2019-07-15T13:00:03Z,46.18881667,12.71181667,1067.00,77.229
3606,2,1551,2305.809629394832,-810.960023463144,2019-07-15T13:00:04Z,46.18896667,12.71178333,1071.00,77.238
3607,2,1552,2306.809629394832,-809.960023463144,2019-07-15T13:00:05Z,46.18911667,12.71170000,1072.00,77.244
3608,2,1553,2307.809629394832,-808.960023463144,2019-07-15T13:00:06Z,46.18926667,12.71158333,1073.00,77.248
3609,2,1554,2308.809629394832,-807.960023463144,2019-07-15T13:00:07Z,46.18940000,12.71143333,1074.00,77.249
3610,2,1555,2309.809629394832,-806.960023463144,2019-07-15T13:00:08Z,46.18950000,12.71125000,1074.00,77.246
3611,2,1556,2310.809629394832,-805.960023463144,2019-07-15T13:00:09Z,46.18958333,12.71103333,1076.00,77.24
3612,2,1557,2311.809629394832,-804.960023463144,2019-07-15T13:00:10Z,46.18961667,12.71081667,1078.00,77.23
3613,2,1558,2312.809629394832,-803.960023463144,2019-07-15T13:00:11Z,46.18961667,12.71060000,1080.00,77.217
3614,2,1559,2313.809629394832,-802.960023463144,2019-07-15T13:00:12Z,46.18956667,12.71040000,1082.00,77.202
3615,2,1560,2314.809629394832,-801.960023463144,2019-07-15T13:00:13Z,46.18948333,12.71021667,1084.00,77.185
3616,2,1561,2315.809629394832,-800.960023463144,2019-07-15T13:00:14Z,46.18938333,12.71008333,1086.00,77.17
3617,2,1562,2316.809629394832,-799.960023463144,2019-07-15T13:00:15Z,46.18926667,12.71001667,1087.00,77.158
3618,2,1563,2317.809629394832,-798.960023463144,2019-07-15T13:00:16Z,46.18916667,12.70998333,1090.00,77.149
3619,2,1564,2318.809629394832,-797.960023463144,2019-07-15T13:00:17Z,46.18905000,12.71000000,1092.00,77.141
3620,2,1565,2319.809629394832,-796.960023463144,2019-07-15T13:00:18Z,46.18896667,12.71005000,1094.00,77.138
3621,2,1566,2320.809629394832,-795.960023463144,2019-07-15T13:00:19Z,46.18888333,12.71015000,1096.00,77.137
3622,2,1567,2321.809629394832,-794.960023463144,2019-07-15T13:00:20Z,46.18883333,12.71028333,1097.00,77.141
3623,2,1568,2322.809629394832,-793.960023463144,2019-07-15T13:00:21Z,46.18880000,12.71043333,1098.00,77.148
3624,2,1569,2323.809629394832,-792.960023463144,2019-07-15T13:00:22Z,46.18878333,12.71060000,1100.00,77.156
3625,2,1570,2324.809629394832,-791.960023463144,2019-07-15T13:00:23Z,46.18878333,12.71078333,1100.00,77.167
3626,2,1571,2325.809629394832,-790.960023463144,2019-07-15T13:00:24Z,46.18883333,12.71093333,1102.00,77.179
3627,2,1572,2326.809629394832,-789.960023463144,2019-07-15T13:00:25Z,46.18888333,12.71108333,1104.00,77.191
3628,2,1573,2327.809629394832,-788.960023463144,2019-07-15T13:00:26Z,46.18898333,12.71123333,1106.00,77.207
3629,2,1574,2328.809629394832,-787.960023463144,2019-07-15T13:00:27Z,46.18910000,12.71133333,1107.00,77.222
3630,2,1575,2329.809629394832,-786.960023463144,2019-07-15T13:00:28Z,46.18925000,12.71140000,1107.00,77.236
3631,2,1576,2330.809629394832,-785.960023463144,2019-07-15T13:00:29Z,46.18941667,12.71141667,1108.00,77.25
3632,2,1577,2331.809629394832,-784.960023463144,2019-07-15T13:00:30Z,46.18958333,12.71136667,1108.00,77.259
3633,2,1578,2332.809629394832,-783.960023463144,2019-07-15T13:00:31Z,46.18975000,12.71125000,1109.00,77.265
3634,2,1579,2333.809629394832,-782.960023463144,2019-07-15T13:00:32Z,46.18988333,12.71110000,1110.00,77.266
3635,2,1580,2334.809629394832,-781.960023463144,2019-07-15T13:00:33Z,46.19000000,12.71091667,1113.00,77.264
3636,2,1581,2335.809629394832,-780.960023463144,2019-07-15T13:00:34Z,46.19008333,12.71071667,1115.00,77.259
3637,2,1582,2336.809629394832,-779.960023463144,2019-07-15T13:00:35Z,46.19016667,12.71051667,1118.00,77.253
3638,2,1583,2337.809629394832,-778.960023463144,2019-07-15T13:00:36Z,46.19021667,12.71031667,1121.00,77.245
3639,2,1584,2338.809629394832,-777.960023463144,2019-07-15T13:00:37Z,46.19026667,12.71010000,1124.00,77.237
3640,2,1585,2339.809629394832,-776.960023463144,2019-07-15T13:00:38Z,46.19030000,12.70990000,1126.00,77.228
3641,2,1586,2340.809629394832,-775.960023463144,2019-07-15T13:00:39Z,46.19030000,12.70968333,1129.00,77.215
3642,2,1587,2341.809629394832,-774.960023463144,2019-07-15T13:00:40Z,46.19028333,12.70948333,1131.00,77.203
3643,2,1588,2342.809629394832,-773.960023463144,2019-07-15T13:00:41Z,46.19023333,12.70930000,1134.00,77.188
3644,2,1589,2343.809629394832,-772.960023463144,2019-07-15T13:00:42Z,46.19015000,12.70915000,1135.00,77.174
3645,2,1590,2344.809629394832,-771.960023463144,2019-07-15T13:00:43Z,46.19005000,12.70906667,1137.00,77.161
3646,2,1591,2345.809629394832,-770.960023463144,2019-07-15T13:00:44Z,46.18993333,12.70903333,1139.00,77.151
3647,2,1592,2346.809629394832,-769.960023463144,2019-07-15T13:00:45Z,46.18981667,12.70905000,1140.00,77.143
3648,2,1593,2347.809629394832,-768.960023463144,2019-07-15T13:00:46Z,46.18973333,12.70911667,1142.00,77.141
3649,2,1594,2348.809629394832,-767.960023463144,2019-07-15T13:00:47Z,46.18966667,12.70921667,1145.00,77.142
3650,2,1595,2349.809629394832,-766.960023463144,2019-07-15T13:00:48Z,46.18961667,12.70933333,1147.00,77.145
3651,2,1596,2350.809629394832,-765.960023463144,2019-07-15T13:00:49Z,46.18960000,12.70948333,1148.00,77.152
3652,2,1597,2351.809629394832,-764.960023463144,2019-07-15T13:00:50Z,46.18961667,12.70965000,1149.00,77.163
3653,2,1598,2352.809629394832,-763.960023463144,2019-07-15T13:00:51Z,46.18966667,12.70983333,1150.00,77.177
3654,2,1599,2353.809629394832,-762.960023463144,2019-07-15T13:00:52Z,46.18973333,12.70998333,1151.00,77.19
3655,2,1600,2354.809629394832,-761.960023463144,2019-07-15T13:00:53Z,46.18983333,12.71015000,1152.00,77.207
3656,2,1601,2355.809629394832,-760.960023463144,2019-07-15T13:00:54Z,46.18995000,12.71026667,1153.00,77.223
3657,2,1602,2356.809629394832,-759.960023463144,2019-07-15T13:00:55Z,46.19010000,12.71036667,1155.00,77.24
3658,2,1603,2357.809629394832,-758.960023463144,2019-07-15T13:00:56Z,46.19025000,12.71041667,1157.00,77.254
3659,2,1604,2358.809629394832,-757.960023463144,2019-07-15T13:00:57Z,46.19040000,12.71041667,1159.00,77.265
3660,2,1605,2359.809629394832,-756.960023463144,2019-07-15T13:00:58Z,46.19056667,12.71036667,1162.00,77.274
3661,2,1606,2360.809629394832,-755.960023463144,2019-07-15T13:00:59Z,46.19071667,12.71028333,1164.00,77.281
3662,2,1607,2361.809629394832,-754.960023463144,2019-07-15T13:01:00Z,46.19085000,12.71013333,1166.00,77.282
3663,2,1608,2362.809629394832,-753.960023463144,2019-07-15T13:01:01Z,46.19095000,12.70996667,1169.00,77.28
3664,2,1609,2363.809629394832,-752.960023463144,2019-07-15T13:01:02Z,46.19105000,12.70975000,1172.00,77.275
3665,2,1610,2364.809629394832,-751.960023463144,2019-07-15T13:01:03Z,46.19110000,12.70953333,1174.00,77.266
3666,2,1611,2365.809629394832,-750.960023463144,2019-07-15T13:01:04Z,46.19111667,12.70930000,1176.00,77.254
3667,2,1612,2366.809629394832,-749.960023463144,2019-07-15T13:01:05Z,46.19111667,12.70906667,1179.00,77.241
3668,2,1613,2367.809629394832,-748.960023463144,2019-07-15T13:01:06Z,46.19108333,12.70886667,1181.00,77.227
3669,2,1614,2368.809629394832,-747.960023463144,2019-07-15T13:01:07Z,46.19105000,12.70866667,1183.00,77.213
3670,2,1615,2369.809629394832,-746.960023463144,2019-07-15T13:01:08Z,46.19098333,12.70848333,1185.00,77.197
3671,2,1616,2370.809629394832,-745.960023463144,2019-07-15T13:01:09Z,46.19090000,12.70833333,1186.00,77.183
3672,2,1617,2371.809629394832,-744.960023463144,2019-07-15T13:01:10Z,46.19080000,12.70821667,1188.00,77.169
3673,2,1618,2372.809629394832,-743.960023463144,2019-07-15T13:01:11Z,46.19070000,12.70813333,1189.00,77.156
3674,2,1619,2373.809629394832,-742.960023463144,2019-07-15T13:01:12Z,46.19058333,12.70810000,1192.00,77.146
3675,2,1620,2374.809629394832,-741.960023463144,2019-07-15T13:01:13Z,46.19048333,12.70811667,1194.00,77.139
3676,2,1621,2375.809629394832,-740.960023463144,2019-07-15T13:01:14Z,46.19040000,12.70815000,1196.00,77.135
3677,2,1622,2376.809629394832,-739.960023463144,2019-07-15T13:01:15Z,46.19031667,12.70823333,1198.00,77.133
3678,2,1623,2377.809629394832,-738.960023463144,2019-07-15T13:01:16Z,46.19026667,12.70835000,1199.00,77.136
3679,2,1624,2378.809629394832,-737.960023463144,2019-07-15T13:01:17Z,46.19023333,12.70850000,1199.00,77.142
3680,2,1625,2379.809629394832,-736.960023463144,2019-07-15T13:01:18Z,46.19021667,12.70866667,1199.00,77.151
3681,2,1626,2380.809629394832,-735.960023463144,2019-07-15T13:01:19Z,46.19025000,12.70883333,1200.00,77.163
3682,2,1627,2381.809629394832,-734.960023463144,2019-07-15T13:01:20Z,46.19028333,12.70900000,1200.00,77.175
3683,2,1628,2382.809629394832,-733.960023463144,2019-07-15T13:01:21Z,46.19033333,12.70916667,1200.00,77.188
3684,2,1629,2383.809629394832,-732.960023463144,2019-07-15T13:01:22Z,46.19041667,12.70931667,1202.00,77.203
3685,2,1630,2384.809629394832,-731.960023463144,2019-07-15T13:01:23Z,46.19051667,12.70945000,1202.00,77.218
3686,2,1631,2385.809629394832,-730.960023463144,2019-07-15T13:01:24Z,46.19061667,12.70956667,1205.00,77.232
3687,2,1632,2386.809629394832,-729.960023463144,2019-07-15T13:01:25Z,46.19075000,12.70965000,1207.00,77.247
3688,2,1633,2387.809629394832,-728.960023463144,2019-07-15T13:01:26Z,46.19088333,12.70968333,1209.00,77.259
3689,2,1634,2388.809629394832,-727.960023463144,2019-07-15T13:01:27Z,46.19103333,12.70966667,1211.00,77.269
3690,2,1635,2389.809629394832,-726.960023463144,2019-07-15T13:01:28Z,46.19118333,12.70960000,1212.00,77.276
3691,2,1636,2390.809629394832,-725.960023463144,2019-07-15T13:01:29Z,46.19133333,12.70948333,1213.00,77.281
3692,2,1637,2391.809629394832,-724.960023463144,2019-07-15T13:01:30Z,46.19148333,12.70933333,1215.00,77.283
3693,2,1638,2392.809629394832,-723.960023463144,2019-07-15T13:01:31Z,46.19158333,12.70913333,1217.00,77.279
3694,2,1639,2393.809629394832,-722.960023463144,2019-07-15T13:01:32Z,46.19166667,12.70890000,1219.00,77.272
3695,2,1640,2394.809629394832,-721.960023463144,2019-07-15T13:01:33Z,46.19171667,12.70868333,1221.00,77.264
3696,2,1641,2395.809629394832,-720.960023463144,2019-07-15T13:01:34Z,46.19175000,12.70845000,1224.00,77.253
3697,2,1642,2396.809629394832,-719.960023463144,2019-07-15T13:01:35Z,46.19173333,12.70825000,1227.00,77.24
3698,2,1643,2397.809629394832,-718.960023463144,2019-07-15T13:01:36Z,46.19170000,12.70803333,1230.00,77.225
3699,2,1644,2398.809629394832,-717.960023463144,2019-07-15T13:01:37Z,46.19163333,12.70785000,1231.00,77.21
3700,2,1645,2399.809629394832,-716.960023463144,2019-07-15T13:01:38Z,46.19151667,12.70770000,1232.00,77.193
3701,2,1646,2400.809629394832,-715.960023463144,2019-07-15T13:01:39Z,46.19140000,12.70760000,1233.00,77.178
3702,2,1647,2401.809629394832,-714.960023463144,2019-07-15T13:01:40Z,46.19128333,12.70756667,1235.00,77.168
3703,2,1648,2402.809629394832,-713.960023463144,2019-07-15T13:01:41Z,46.19118333,12.70760000,1237.00,77.162
3704,2,1649,2403.809629394832,-712.960023463144,2019-07-15T13:01:42Z,46.19111667,12.70768333,1239.00,77.162
3705,2,1650,2404.809629394832,-711.960023463144,2019-07-15T13:01:43Z,46.19106667,12.70781667,1240.00,77.166
3706,2,1651,2405.809629394832,-710.960023463144,2019-07-15T13:01:44Z,46.19105000,12.70796667,1240.00,77.173
3707,2,1652,2406.809629394832,-709.960023463144,2019-07-15T13:01:45Z,46.19105000,12.70813333,1240.00,77.182
3708,2,1653,2407.809629394832,-708.960023463144,2019-07-15T13:01:46Z,46.19110000,12.70830000,1241.00,77.196
3709,2,1654,2408.809629394832,-707.960023463144,2019-07-15T13:01:47Z,46.19116667,12.70846667,1242.00,77.21
3710,2,1655,2409.809629394832,-706.960023463144,2019-07-15T13:01:48Z,46.19128333,12.70860000,1242.00,77.226
3711,2,1656,2410.809629394832,-705.960023463144,2019-07-15T13:01:49Z,46.19141667,12.70870000,1243.00,77.242
3712,2,1657,2411.809629394832,-704.960023463144,2019-07-15T13:01:50Z,46.19158333,12.70876667,1245.00,77.258
3713,2,1658,2412.809629394832,-703.960023463144,2019-07-15T13:01:51Z,46.19175000,12.70878333,1246.00,77.272
3714,2,1659,2413.809629394832,-702.960023463144,2019-07-15T13:01:52Z,46.19191667,12.70871667,1249.00,77.28
3715,2,1660,2414.809629394832,-701.960023463144,2019-07-15T13:01:53Z,46.19206667,12.70860000,1252.00,77.285
3716,2,1661,2415.809629394832,-700.960023463144,2019-07-15T13:01:54Z,46.19220000,12.70843333,1255.00,77.286
3717,2,1662,2416.809629394832,-699.960023463144,2019-07-15T13:01:55Z,46.19230000,12.70825000,1259.00,77.283
3718,2,1663,2417.809629394832,-698.960023463144,2019-07-15T13:01:56Z,46.19238333,12.70803333,1262.00,77.277
3719,2,1664,2418.809629394832,-697.960023463144,2019-07-15T13:01:57Z,46.19243333,12.70781667,1265.00,77.268
3720,2,1665,2419.809629394832,-696.960023463144,2019-07-15T13:01:58Z,46.19245000,12.70760000,1268.00,77.257
3721,2,1666,2420.809629394832,-695.960023463144,2019-07-15T13:01:59Z,46.19243333,12.70740000,1272.00,77.244
3722,2,1667,2421.809629394832,-694.960023463144,2019-07-15T13:02:00Z,46.19238333,12.70721667,1274.00,77.23
3723,2,1668,2422.809629394832,-693.960023463144,2019-07-15T13:02:01Z,46.19230000,12.70705000,1275.00,77.215
3724,2,1669,2423.809629394832,-692.960023463144,2019-07-15T13:02:02Z,46.19218333,12.70695000,1276.00,77.2
3725,2,1670,2424.809629394832,-691.960023463144,2019-07-15T13:02:03Z,46.19205000,12.70691667,1278.00,77.188
3726,2,1671,2425.809629394832,-690.960023463144,2019-07-15T13:02:04Z,46.19195000,12.70693333,1279.00,77.182
3727,2,1672,2426.809629394832,-689.960023463144,2019-07-15T13:02:05Z,46.19185000,12.70698333,1282.00,77.177
3728,2,1673,2427.809629394832,-688.960023463144,2019-07-15T13:02:06Z,46.19178333,12.70708333,1284.00,77.178
3729,2,1674,2428.809629394832,-687.960023463144,2019-07-15T13:02:07Z,46.19175000,12.70721667,1286.00,77.183
3730,2,1675,2429.809629394832,-686.960023463144,2019-07-15T13:02:08Z,46.19173333,12.70736667,1286.00,77.19
3731,2,1676,2430.809629394832,-685.960023463144,2019-07-15T13:02:09Z,46.19175000,12.70753333,1286.00,77.201
3732,2,1677,2431.809629394832,-684.960023463144,2019-07-15T13:02:10Z,46.19180000,12.70770000,1286.00,77.214
3733,2,1678,2432.809629394832,-683.960023463144,2019-07-15T13:02:11Z,46.19190000,12.70786667,1287.00,77.231
3734,2,1679,2433.809629394832,-682.960023463144,2019-07-15T13:02:12Z,46.19200000,12.70800000,1288.00,77.246
3735,2,1680,2434.809629394832,-681.960023463144,2019-07-15T13:02:13Z,46.19213333,12.70810000,1289.00,77.262
3736,2,1681,2435.809629394832,-680.960023463144,2019-07-15T13:02:14Z,46.19226667,12.70818333,1291.00,77.276
3737,2,1682,2436.809629394832,-679.960023463144,2019-07-15T13:02:15Z,46.19241667,12.70823333,1294.00,77.29
3738,2,1683,2437.809629394832,-678.960023463144,2019-07-15T13:02:16Z,46.19256667,12.70825000,1296.00,77.303
3739,2,1684,2438.809629394832,-677.960023463144,2019-07-15T13:02:17Z,46.19271667,12.70821667,1300.00,77.312
3740,2,1685,2439.809629394832,-676.960023463144,2019-07-15T13:02:18Z,46.19285000,12.70813333,1303.00,77.317
3741,2,1686,2440.809629394832,-675.960023463144,2019-07-15T13:02:19Z,46.19296667,12.70798333,1306.00,77.318
3742,2,1687,2441.809629394832,-674.960023463144,2019-07-15T13:02:20Z,46.19305000,12.70781667,1309.00,77.315
3743,2,1688,2442.809629394832,-673.960023463144,2019-07-15T13:02:21Z,46.19310000,12.70761667,1311.00,77.307
3744,2,1689,2443.809629394832,-672.960023463144,2019-07-15T13:02:22Z,46.19311667,12.70740000,1313.00,77.296
3745,2,1690,2444.809629394832,-671.960023463144,2019-07-15T13:02:23Z,46.19308333,12.70718333,1314.00,77.281
3746,2,1691,2445.809629394832,-670.960023463144,2019-07-15T13:02:24Z,46.19303333,12.70696667,1315.00,77.265
3747,2,1692,2446.809629394832,-669.960023463144,2019-07-15T13:02:25Z,46.19296667,12.70676667,1316.00,77.249
3748,2,1693,2447.809629394832,-668.960023463144,2019-07-15T13:02:26Z,46.19286667,12.70660000,1318.00,77.232
3749,2,1694,2448.809629394832,-667.960023463144,2019-07-15T13:02:27Z,46.19276667,12.70646667,1321.00,77.217
3750,2,1695,2449.809629394832,-666.960023463144,2019-07-15T13:02:28Z,46.19265000,12.70638333,1324.00,77.203
3751,2,1696,2450.809629394832,-665.960023463144,2019-07-15T13:02:29Z,46.19255000,12.70633333,1329.00,77.193
3752,2,1697,2451.809629394832,-664.960023463144,2019-07-15T13:02:30Z,46.19243333,12.70635000,1330.00,77.185
3753,2,1698,2452.809629394832,-663.960023463144,2019-07-15T13:02:31Z,46.19235000,12.70641667,1332.00,77.183
3754,2,1699,2453.809629394832,-662.960023463144,2019-07-15T13:02:32Z,46.19226667,12.70651667,1333.00,77.182
3755,2,1700,2454.809629394832,-661.960023463144,2019-07-15T13:02:33Z,46.19221667,12.70665000,1333.00,77.186
3756,2,1701,2455.809629394832,-660.960023463144,2019-07-15T13:02:34Z,46.19221667,12.70681667,1334.00,77.195
3757,2,1702,2456.809629394832,-659.960023463144,2019-07-15T13:02:35Z,46.19225000,12.70700000,1335.00,77.208
3758,2,1703,2457.809629394832,-658.960023463144,2019-07-15T13:02:36Z,46.19231667,12.70716667,1336.00,77.222
3759,2,1704,2458.809629394832,-657.960023463144,2019-07-15T13:02:37Z,46.19241667,12.70731667,1338.00,77.239
3760,2,1705,2459.809629394832,-656.960023463144,2019-07-15T13:02:38Z,46.19253333,12.70743333,1340.00,77.254
3761,2,1706,2460.809629394832,-655.960023463144,2019-07-15T13:02:39Z,46.19268333,12.70750000,1342.00,77.269
3762,2,1707,2461.809629394832,-654.960023463144,2019-07-15T13:02:40Z,46.19281667,12.70751667,1345.00,77.28
3763,2,1708,2462.809629394832,-653.960023463144,2019-07-15T13:02:41Z,46.19296667,12.70750000,1347.00,77.29
3764,2,1709,2463.809629394832,-652.960023463144,2019-07-15T13:02:42Z,46.19313333,12.70743333,1348.00,77.299
3765,2,1710,2464.809629394832,-651.960023463144,2019-07-15T13:02:43Z,46.19328333,12.70733333,1349.00,77.305
3766,2,1711,2465.809629394832,-650.960023463144,2019-07-15T13:02:44Z,46.19341667,12.70718333,1350.00,77.306
3767,2,1712,2466.809629394832,-649.960023463144,2019-07-15T13:02:45Z,46.19353333,12.70701667,1353.00,77.306
3768,2,1713,2467.809629394832,-648.960023463144,2019-07-15T13:02:46Z,46.19361667,12.70681667,1356.00,77.301
3769,2,1714,2468.809629394832,-647.960023463144,2019-07-15T13:02:47Z,46.19365000,12.70660000,1357.00,77.291
3770,2,1715,2469.809629394832,-646.960023463144,2019-07-15T13:02:48Z,46.19366667,12.70636667,1359.00,77.279
3771,2,1716,2470.809629394832,-645.960023463144,2019-07-15T13:02:49Z,46.19361667,12.70613333,1360.00,77.262
3772,2,1717,2471.809629394832,-644.960023463144,2019-07-15T13:02:50Z,46.19355000,12.70591667,1361.00,77.245
3773,2,1718,2472.809629394832,-643.960023463144,2019-07-15T13:02:51Z,46.19345000,12.70575000,1362.00,77.228
3774,2,1719,2473.809629394832,-642.960023463144,2019-07-15T13:02:52Z,46.19333333,12.70560000,1364.00,77.211
3775,2,1720,2474.809629394832,-641.960023463144,2019-07-15T13:02:53Z,46.19323333,12.70550000,1367.00,77.198
3776,2,1721,2475.809629394832,-640.960023463144,2019-07-15T13:02:54Z,46.19313333,12.70543333,1370.00,77.186
3777,2,1722,2476.809629394832,-639.960023463144,2019-07-15T13:02:55Z,46.19303333,12.70541667,1373.00,77.178
3778,2,1723,2477.809629394832,-638.960023463144,2019-07-15T13:02:56Z,46.19293333,12.70543333,1376.00,77.171
3779,2,1724,2478.809629394832,-637.960023463144,2019-07-15T13:02:57Z,46.19285000,12.70550000,1377.00,77.169
3780,2,1725,2479.809629394832,-636.960023463144,2019-07-15T13:02:58Z,46.19278333,12.70563333,1377.00,77.171
3781,2,1726,2480.809629394832,-635.960023463144,2019-07-15T13:02:59Z,46.19275000,12.70578333,1377.00,77.177
3782,2,1727,2481.809629394832,-634.960023463144,2019-07-15T13:03:00Z,46.19273333,12.70595000,1377.00,77.185
3783,2,1728,2482.809629394832,-633.960023463144,2019-07-15T13:03:01Z,46.19275000,12.70611667,1379.00,77.196
3784,2,1729,2483.809629394832,-632.960023463144,2019-07-15T13:03:02Z,46.19278333,12.70628333,1382.00,77.208
3785,2,1730,2484.809629394832,-631.960023463144,2019-07-15T13:03:03Z,46.19283333,12.70641667,1385.00,77.219
3786,2,1731,2485.809629394832,-630.960023463144,2019-07-15T13:03:04Z,46.19288333,12.70655000,1389.00,77.23
3787,2,1732,2486.809629394832,-629.960023463144,2019-07-15T13:03:05Z,46.19295000,12.70666667,1390.00,77.242
3788,2,1733,2487.809629394832,-628.960023463144,2019-07-15T13:03:06Z,46.19305000,12.70678333,1391.00,77.256
3789,2,1734,2488.809629394832,-627.960023463144,2019-07-15T13:03:07Z,46.19318333,12.70686667,1392.00,77.271
3790,2,1735,2489.809629394832,-626.960023463144,2019-07-15T13:03:08Z,46.19331667,12.70690000,1393.00,77.283
3791,2,1736,2490.809629394832,-625.960023463144,2019-07-15T13:03:09Z,46.19346667,12.70686667,1394.00,77.292
3792,2,1737,2491.809629394832,-624.960023463144,2019-07-15T13:03:10Z,46.19361667,12.70675000,1396.00,77.297
3793,2,1738,2492.809629394832,-623.960023463144,2019-07-15T13:03:11Z,46.19373333,12.70660000,1398.00,77.297
3794,2,1739,2493.809629394832,-622.960023463144,2019-07-15T13:03:12Z,46.19383333,12.70640000,1400.00,77.294
3795,2,1740,2494.809629394832,-621.960023463144,2019-07-15T13:03:13Z,46.19390000,12.70616667,1402.00,77.286
3796,2,1741,2495.809629394832,-620.960023463144,2019-07-15T13:03:14Z,46.19393333,12.70593333,1404.00,77.275
3797,2,1742,2496.809629394832,-619.960023463144,2019-07-15T13:03:15Z,46.19395000,12.70570000,1406.00,77.263
3798,2,1743,2497.809629394832,-618.960023463144,2019-07-15T13:03:16Z,46.19393333,12.70545000,1407.00,77.248
3799,2,1744,2498.809629394832,-617.960023463144,2019-07-15T13:03:17Z,46.19390000,12.70523333,1409.00,77.233
3800,2,1745,2499.809629394832,-616.960023463144,2019-07-15T13:03:18Z,46.19385000,12.70503333,1412.00,77.218
3801,2,1746,2500.809629394832,-615.960023463144,2019-07-15T13:03:19Z,46.19376667,12.70485000,1414.00,77.202
3802,2,1747,2501.809629394832,-614.960023463144,2019-07-15T13:03:20Z,46.19366667,12.70473333,1415.00,77.188
3803,2,1748,2502.809629394832,-613.960023463144,2019-07-15T13:03:21Z,46.19355000,12.70465000,1417.00,77.174
3804,2,1749,2503.809629394832,-612.960023463144,2019-07-15T13:03:22Z,46.19341667,12.70461667,1418.00,77.162
3805,2,1750,2504.809629394832,-611.960023463144,2019-07-15T13:03:23Z,46.19330000,12.70463333,1419.00,77.154
3806,2,1751,2505.809629394832,-610.960023463144,2019-07-15T13:03:24Z,46.19318333,12.70468333,1419.00,77.148
3807,2,1752,2506.809629394832,-609.960023463144,2019-07-15T13:03:25Z,46.19308333,12.70476667,1419.00,77.145
3808,2,1753,2507.809629394832,-608.960023463144,2019-07-15T13:03:26Z,46.19300000,12.70488333,1420.00,77.145
3809,2,1754,2508.809629394832,-607.960023463144,2019-07-15T13:03:27Z,46.19293333,12.70501667,1422.00,77.148
3810,2,1755,2509.809629394832,-606.960023463144,2019-07-15T13:03:28Z,46.19288333,12.70513333,1425.00,77.15
3811,2,1756,2510.809629394832,-605.960023463144,2019-07-15T13:03:29Z,46.19285000,12.70526667,1426.00,77.155
3812,2,1757,2511.809629394832,-604.960023463144,2019-07-15T13:03:30Z,46.19281667,12.70540000,1428.00,77.16
3813,2,1758,2512.809629394832,-603.960023463144,2019-07-15T13:03:31Z,46.19281667,12.70553333,1431.00,77.168
3814,2,1759,2513.809629394832,-602.960023463144,2019-07-15T13:03:32Z,46.19283333,12.70566667,1433.00,77.177
3815,2,1760,2514.809629394832,-601.960023463144,2019-07-15T13:03:33Z,46.19286667,12.70578333,1435.00,77.186
3816,2,1761,2515.809629394832,-600.960023463144,2019-07-15T13:03:34Z,46.19293333,12.70590000,1438.00,77.197
3817,2,1762,2516.809629394832,-599.960023463144,2019-07-15T13:03:35Z,46.19301667,12.70598333,1439.00,77.208
3818,2,1763,2517.809629394832,-598.960023463144,2019-07-15T13:03:36Z,46.19315000,12.70603333,1440.00,77.221
3819,2,1764,2518.809629394832,-597.960023463144,2019-07-15T13:03:37Z,46.19330000,12.70601667,1441.00,77.232
3820,2,1765,2519.809629394832,-596.960023463144,2019-07-15T13:03:38Z,46.19345000,12.70595000,1441.00,77.239
3821,2,1766,2520.809629394832,-595.960023463144,2019-07-15T13:03:39Z,46.19360000,12.70583333,1443.00,77.244
3822,2,1767,2521.809629394832,-594.960023463144,2019-07-15T13:03:40Z,46.19371667,12.70566667,1445.00,77.244
3823,2,1768,2522.809629394832,-593.960023463144,2019-07-15T13:03:41Z,46.19380000,12.70546667,1446.00,77.239
3824,2,1769,2523.809629394832,-592.960023463144,2019-07-15T13:03:42Z,46.19386667,12.70521667,1447.00,77.23
3825,2,1770,2524.809629394832,-591.960023463144,2019-07-15T13:03:43Z,46.19388333,12.70498333,1447.00,77.218
3826,2,1771,2525.809629394832,-590.960023463144,2019-07-15T13:03:44Z,46.19388333,12.70473333,1448.00,77.204
3827,2,1772,2526.809629394832,-589.960023463144,2019-07-15T13:03:45Z,46.19385000,12.70450000,1449.00,77.188
3828,2,1773,2527.809629394832,-588.960023463144,2019-07-15T13:03:46Z,46.19378333,12.70428333,1451.00,77.171
3829,2,1774,2528.809629394832,-587.960023463144,2019-07-15T13:03:47Z,46.19370000,12.70410000,1453.00,77.155
3830,2,1775,2529.809629394832,-586.960023463144,2019-07-15T13:03:48Z,46.19360000,12.70395000,1455.00,77.139
3831,2,1776,2530.809629394832,-585.960023463144,2019-07-15T13:03:49Z,46.19348333,12.70383333,1456.00,77.123
3832,2,1777,2531.809629394832,-584.960023463144,2019-07-15T13:03:50Z,46.19338333,12.70375000,1457.00,77.111
3833,2,1778,2532.809629394832,-583.960023463144,2019-07-15T13:03:51Z,46.19325000,12.70371667,1459.00,77.099
3834,2,1779,2533.809629394832,-582.960023463144,2019-07-15T13:03:52Z,46.19313333,12.70371667,1460.00,77.09
3835,2,1780,2534.809629394832,-581.960023463144,2019-07-15T13:03:53Z,46.19301667,12.70378333,1459.00,77.085
3836,2,1781,2535.809629394832,-580.960023463144,2019-07-15T13:03:54Z,46.19293333,12.70386667,1459.00,77.083
3837,2,1782,2536.809629394832,-579.960023463144,2019-07-15T13:03:55Z,46.19285000,12.70396667,1460.00,77.082
3838,2,1783,2537.809629394832,-578.960023463144,2019-07-15T13:03:56Z,46.19278333,12.70410000,1461.00,77.085
3839,2,1784,2538.809629394832,-577.960023463144,2019-07-15T13:03:57Z,46.19273333,12.70421667,1461.00,77.088
3840,2,1785,2539.809629394832,-576.960023463144,2019-07-15T13:03:58Z,46.19268333,12.70436667,1462.00,77.092
3841,2,1786,2540.809629394832,-575.960023463144,2019-07-15T13:03:59Z,46.19266667,12.70451667,1462.00,77.099
3842,2,1787,2541.809629394832,-574.960023463144,2019-07-15T13:04:00Z,46.19265000,12.70468333,1463.00,77.107
3843,2,1788,2542.809629394832,-573.960023463144,2019-07-15T13:04:01Z,46.19265000,12.70483333,1463.00,77.116
3844,2,1789,2543.809629394832,-572.960023463144,2019-07-15T13:04:02Z,46.19266667,12.70498333,1464.00,77.126
3845,2,1790,2544.809629394832,-571.960023463144,2019-07-15T13:04:03Z,46.19270000,12.70511667,1464.00,77.136
3846,2,1791,2545.809629394832,-570.960023463144,2019-07-15T13:04:04Z,46.19275000,12.70523333,1466.00,77.146
3847,2,1792,2546.809629394832,-569.960023463144,2019-07-15T13:04:05Z,46.19281667,12.70536667,1467.00,77.159
3848,2,1793,2547.809629394832,-568.960023463144,2019-07-15T13:04:06Z,46.19291667,12.70546667,1468.00,77.172
3849,2,1794,2548.809629394832,-567.960023463144,2019-07-15T13:04:07Z,46.19303333,12.70555000,1471.00,77.185
3850,2,1795,2549.809629394832,-566.960023463144,2019-07-15T13:04:08Z,46.19316667,12.70560000,1471.00,77.198
3851,2,1796,2550.809629394832,-565.960023463144,2019-07-15T13:04:09Z,46.19331667,12.70561667,1472.00,77.211
3852,2,1797,2551.809629394832,-564.960023463144,2019-07-15T13:04:10Z,46.19346667,12.70558333,1473.00,77.22
3853,2,1798,2552.809629394832,-563.960023463144,2019-07-15T13:04:11Z,46.19361667,12.70550000,1477.00,77.227
3854,2,1799,2553.809629394832,-562.960023463144,2019-07-15T13:04:12Z,46.19375000,12.70536667,1479.00,77.229
3855,2,1800,2554.809629394832,-561.960023463144,2019-07-15T13:04:13Z,46.19386667,12.70521667,1481.00,77.23
3856,2,1801,2555.809629394832,-560.960023463144,2019-07-15T13:04:14Z,46.19398333,12.70503333,1482.00,77.228
3857,2,1802,2556.809629394832,-559.960023463144,2019-07-15T13:04:15Z,46.19406667,12.70483333,1483.00,77.224
3858,2,1803,2557.809629394832,-558.960023463144,2019-07-15T13:04:16Z,46.19413333,12.70460000,1484.00,77.216
3859,2,1804,2558.809629394832,-557.960023463144,2019-07-15T13:04:17Z,46.19418333,12.70435000,1485.00,77.205
3860,2,1805,2559.809629394832,-556.960023463144,2019-07-15T13:04:18Z,46.19420000,12.70408333,1486.00,77.192
3861,2,1806,2560.809629394832,-555.960023463144,2019-07-15T13:04:19Z,46.19418333,12.70385000,1486.00,77.178
3862,2,1807,2561.809629394832,-554.960023463144,2019-07-15T13:04:20Z,46.19416667,12.70361667,1489.00,77.163
3863,2,1808,2562.809629394832,-553.960023463144,2019-07-15T13:04:21Z,46.19411667,12.70340000,1492.00,77.147
3864,2,1809,2563.809629394832,-552.960023463144,2019-07-15T13:04:22Z,46.19405000,12.70320000,1493.00,77.131
3865,2,1810,2564.809629394832,-551.960023463144,2019-07-15T13:04:23Z,46.19396667,12.70303333,1493.00,77.115
3866,2,1811,2565.809629394832,-550.960023463144,2019-07-15T13:04:24Z,46.19388333,12.70290000,1494.00,77.102
3867,2,1812,2566.809629394832,-549.960023463144,2019-07-15T13:04:25Z,46.19376667,12.70276667,1494.00,77.085
3868,2,1813,2567.809629394832,-548.960023463144,2019-07-15T13:04:26Z,46.19363333,12.70270000,1493.00,77.071
3869,2,1814,2568.809629394832,-547.960023463144,2019-07-15T13:04:27Z,46.19350000,12.70266667,1493.00,77.059
3870,2,1815,2569.809629394832,-546.960023463144,2019-07-15T13:04:28Z,46.19336667,12.70265000,1493.00,77.048
3871,2,1816,2570.809629394832,-545.960023463144,2019-07-15T13:04:29Z,46.19323333,12.70268333,1493.00,77.04
3872,2,1817,2571.809629394832,-544.960023463144,2019-07-15T13:04:30Z,46.19313333,12.70271667,1492.00,77.034
3873,2,1818,2572.809629394832,-543.960023463144,2019-07-15T13:04:31Z,46.19301667,12.70276667,1493.00,77.028
3874,2,1819,2573.809629394832,-542.960023463144,2019-07-15T13:04:32Z,46.19290000,12.70281667,1492.00,77.022
3875,2,1820,2574.809629394832,-541.960023463144,2019-07-15T13:04:33Z,46.19280000,12.70288333,1492.00,77.018
3876,2,1821,2575.809629394832,-540.960023463144,2019-07-15T13:04:34Z,46.19270000,12.70296667,1490.00,77.015
3877,2,1822,2576.809629394832,-539.960023463144,2019-07-15T13:04:35Z,46.19260000,12.70306667,1488.00,77.013
3878,2,1823,2577.809629394832,-538.960023463144,2019-07-15T13:04:36Z,46.19250000,12.70318333,1486.00,77.012
3879,2,1824,2578.809629394832,-537.960023463144,2019-07-15T13:04:37Z,46.19241667,12.70330000,1485.00,77.012
3880,2,1825,2579.809629394832,-536.960023463144,2019-07-15T13:04:38Z,46.19236667,12.70345000,1485.00,77.017
3881,2,1826,2580.809629394832,-535.960023463144,2019-07-15T13:04:39Z,46.19233333,12.70360000,1483.00,77.022
3882,2,1827,2581.809629394832,-534.960023463144,2019-07-15T13:04:40Z,46.19233333,12.70375000,1483.00,77.031
3883,2,1828,2582.809629394832,-533.960023463144,2019-07-15T13:04:41Z,46.19236667,12.70390000,1482.00,77.042
3884,2,1829,2583.809629394832,-532.960023463144,2019-07-15T13:04:42Z,46.19241667,12.70403333,1482.00,77.053
3885,2,1830,2584.809629394832,-531.960023463144,2019-07-15T13:04:43Z,46.19250000,12.70418333,1480.00,77.068
3886,2,1831,2585.809629394832,-530.960023463144,2019-07-15T13:04:44Z,46.19260000,12.70430000,1479.00,77.082
3887,2,1832,2586.809629394832,-529.960023463144,2019-07-15T13:04:45Z,46.19275000,12.70440000,1477.00,77.099
3888,2,1833,2587.809629394832,-528.960023463144,2019-07-15T13:04:46Z,46.19290000,12.70446667,1477.00,77.114
3889,2,1834,2588.809629394832,-527.960023463144,2019-07-15T13:04:47Z,46.19306667,12.70450000,1477.00,77.129
3890,2,1835,2589.809629394832,-526.960023463144,2019-07-15T13:04:48Z,46.19321667,12.70450000,1477.00,77.14
3891,2,1836,2590.809629394832,-525.960023463144,2019-07-15T13:04:49Z,46.19338333,12.70448333,1478.00,77.152
3892,2,1837,2591.809629394832,-524.960023463144,2019-07-15T13:04:50Z,46.19355000,12.70445000,1480.00,77.163
3893,2,1838,2592.809629394832,-523.960023463144,2019-07-15T13:04:51Z,46.19371667,12.70440000,1480.00,77.173
3894,2,1839,2593.809629394832,-522.960023463144,2019-07-15T13:04:52Z,46.19388333,12.70433333,1483.00,77.182
3895,2,1840,2594.809629394832,-521.960023463144,2019-07-15T13:04:53Z,46.19405000,12.70425000,1482.00,77.19
3896,2,1841,2595.809629394832,-520.960023463144,2019-07-15T13:04:54Z,46.19420000,12.70416667,1485.00,77.196
3897,2,1842,2596.809629394832,-519.960023463144,2019-07-15T13:04:55Z,46.19435000,12.70406667,1486.00,77.202
3898,2,1843,2597.809629394832,-518.960023463144,2019-07-15T13:04:56Z,46.19450000,12.70396667,1486.00,77.208
3899,2,1844,2598.809629394832,-517.960023463144,2019-07-15T13:04:57Z,46.19463333,12.70385000,1486.00,77.212
3900,2,1845,2599.809629394832,-516.960023463144,2019-07-15T13:04:58Z,46.19478333,12.70371667,1488.00,77.216
3901,2,1846,2600.809629394832,-515.960023463144,2019-07-15T13:04:59Z,46.19491667,12.70355000,1490.00,77.217
3902,2,1847,2601.809629394832,-514.960023463144,2019-07-15T13:05:00Z,46.19501667,12.70336667,1490.00,77.214
3903,2,1848,2602.809629394832,-513.960023463144,2019-07-15T13:05:01Z,46.19510000,12.70318333,1490.00,77.211
3904,2,1849,2603.809629394832,-512.960023463144,2019-07-15T13:05:02Z,46.19516667,12.70298333,1492.00,77.205
3905,2,1850,2604.809629394832,-511.960023463144,2019-07-15T13:05:03Z,46.19520000,12.70276667,1493.00,77.195
3906,2,1851,2605.809629394832,-510.960023463144,2019-07-15T13:05:04Z,46.19521667,12.70255000,1494.00,77.184
3907,2,1852,2606.809629394832,-509.960023463144,2019-07-15T13:05:05Z,46.19520000,12.70231667,1494.00,77.17
3908,2,1853,2607.809629394832,-508.960023463144,2019-07-15T13:05:06Z,46.19515000,12.70208333,1493.00,77.153
3909,2,1854,2608.809629394832,-507.960023463144,2019-07-15T13:05:07Z,46.19508333,12.70186667,1492.00,77.136
3910,2,1855,2609.809629394832,-506.960023463144,2019-07-15T13:05:08Z,46.19500000,12.70165000,1492.00,77.118
3911,2,1856,2610.809629394832,-505.960023463144,2019-07-15T13:05:09Z,46.19491667,12.70145000,1491.00,77.1
3912,2,1857,2611.809629394832,-504.960023463144,2019-07-15T13:05:10Z,46.19483333,12.70128333,1491.00,77.085
3913,2,1858,2612.809629394832,-503.960023463144,2019-07-15T13:05:11Z,46.19475000,12.70111667,1491.00,77.069
3914,2,1859,2613.809629394832,-502.960023463144,2019-07-15T13:05:12Z,46.19466667,12.70095000,1491.00,77.053
3915,2,1860,2614.809629394832,-501.960023463144,2019-07-15T13:05:13Z,46.19456667,12.70078333,1489.00,77.036
3916,2,1861,2615.809629394832,-500.960023463144,2019-07-15T13:05:14Z,46.19446667,12.70061667,1487.00,77.019
3917,2,1862,2616.809629394832,-499.960023463144,2019-07-15T13:05:15Z,46.19436667,12.70045000,1486.00,77.002
3918,2,1863,2617.809629394832,-498.960023463144,2019-07-15T13:05:16Z,46.19426667,12.70028333,1484.00,76.986
3919,2,1864,2618.809629394832,-497.960023463144,2019-07-15T13:05:17Z,46.19416667,12.70013333,1483.00,76.969
3920,2,1865,2619.809629394832,-496.960023463144,2019-07-15T13:05:18Z,46.19406667,12.69998333,1480.00,76.953
3921,2,1866,2620.809629394832,-495.960023463144,2019-07-15T13:05:19Z,46.19396667,12.69985000,1481.00,76.938
3922,2,1867,2621.809629394832,-494.960023463144,2019-07-15T13:05:20Z,46.19386667,12.69973333,1480.00,76.924
3923,2,1868,2622.809629394832,-493.960023463144,2019-07-15T13:05:21Z,46.19375000,12.69961667,1478.00,76.909
3924,2,1869,2623.809629394832,-492.960023463144,2019-07-15T13:05:22Z,46.19361667,12.69951667,1476.00,76.893
3925,2,1870,2624.809629394832,-491.960023463144,2019-07-15T13:05:23Z,46.19348333,12.69941667,1475.00,76.877
3926,2,1871,2625.809629394832,-490.960023463144,2019-07-15T13:05:24Z,46.19336667,12.69930000,1473.00,76.862
3927,2,1872,2626.809629394832,-489.960023463144,2019-07-15T13:05:25Z,46.19325000,12.69918333,1471.00,76.846
3928,2,1873,2627.809629394832,-488.960023463144,2019-07-15T13:05:26Z,46.19313333,12.69905000,1469.00,76.83
3929,2,1874,2628.809629394832,-487.960023463144,2019-07-15T13:05:27Z,46.19303333,12.69890000,1468.00,76.814
3930,2,1875,2629.809629394832,-486.960023463144,2019-07-15T13:05:28Z,46.19293333,12.69875000,1464.00,76.798
3931,2,1876,2630.809629394832,-485.960023463144,2019-07-15T13:05:29Z,46.19283333,12.69858333,1462.00,76.781
3932,2,1877,2631.809629394832,-484.960023463144,2019-07-15T13:05:30Z,46.19273333,12.69843333,1458.00,76.765
3933,2,1878,2632.809629394832,-483.960023463144,2019-07-15T13:05:31Z,46.19265000,12.69825000,1459.00,76.748
3934,2,1879,2633.809629394832,-482.960023463144,2019-07-15T13:05:32Z,46.19256667,12.69808333,1456.00,76.732
3935,2,1880,2634.809629394832,-481.960023463144,2019-07-15T13:05:33Z,46.19250000,12.69791667,1452.00,76.718
3936,2,1881,2635.809629394832,-480.960023463144,2019-07-15T13:05:34Z,46.19241667,12.69775000,1453.00,76.702
3937,2,1882,2636.809629394832,-479.960023463144,2019-07-15T13:05:35Z,46.19235000,12.69756667,1450.00,76.687
3938,2,1883,2637.809629394832,-478.960023463144,2019-07-15T13:05:36Z,46.19228333,12.69736667,1446.00,76.671
3939,2,1884,2638.809629394832,-477.960023463144,2019-07-15T13:05:37Z,46.19221667,12.69716667,1444.00,76.655
3940,2,1885,2639.809629394832,-476.960023463144,2019-07-15T13:05:38Z,46.19215000,12.69695000,1443.00,76.637
3941,2,1886,2640.809629394832,-475.960023463144,2019-07-15T13:05:39Z,46.19210000,12.69673333,1441.00,76.622
3942,2,1887,2641.809629394832,-474.960023463144,2019-07-15T13:05:40Z,46.19206667,12.69653333,1440.00,76.608
3943,2,1888,2642.809629394832,-473.960023463144,2019-07-15T13:05:41Z,46.19203333,12.69633333,1438.00,76.594
3944,2,1889,2643.809629394832,-472.960023463144,2019-07-15T13:05:42Z,46.19200000,12.69611667,1438.00,76.58
3945,2,1890,2644.809629394832,-471.960023463144,2019-07-15T13:05:43Z,46.19196667,12.69591667,1437.00,76.566
3946,2,1891,2645.809629394832,-470.960023463144,2019-07-15T13:05:44Z,46.19195000,12.69571667,1436.00,76.554
3947,2,1892,2646.809629394832,-469.960023463144,2019-07-15T13:05:45Z,46.19191667,12.69551667,1437.00,76.54
3948,2,1893,2647.809629394832,-468.960023463144,2019-07-15T13:05:46Z,46.19188333,12.69531667,1438.00,76.527
3949,2,1894,2648.809629394832,-467.960023463144,2019-07-15T13:05:47Z,46.19185000,12.69513333,1438.00,76.514
3950,2,1895,2649.809629394832,-466.960023463144,2019-07-15T13:05:48Z,46.19181667,12.69493333,1436.00,76.5
3951,2,1896,2650.809629394832,-465.960023463144,2019-07-15T13:05:49Z,46.19176667,12.69475000,1433.00,76.486
3952,2,1897,2651.809629394832,-464.960023463144,2019-07-15T13:05:50Z,46.19170000,12.69455000,1430.00,76.47
3953,2,1898,2652.809629394832,-463.960023463144,2019-07-15T13:05:51Z,46.19163333,12.69435000,1428.00,76.454
3954,2,1899,2653.809629394832,-462.960023463144,2019-07-15T13:05:52Z,46.19155000,12.69416667,1427.00,76.437
3955,2,1900,2654.809629394832,-461.960023463144,2019-07-15T13:05:53Z,46.19148333,12.69398333,1424.00,76.422
3956,2,1901,2655.809629394832,-460.960023463144,2019-07-15T13:05:54Z,46.19140000,12.69380000,1421.00,76.405
3957,2,1902,2656.809629394832,-459.960023463144,2019-07-15T13:05:55Z,46.19133333,12.69361667,1420.00,76.39
3958,2,1903,2657.809629394832,-458.960023463144,2019-07-15T13:05:56Z,46.19125000,12.69340000,1420.00,76.372
3959,2,1904,2658.809629394832,-457.960023463144,2019-07-15T13:05:57Z,46.19115000,12.69320000,1421.00,76.353
3960,2,1905,2659.809629394832,-456.960023463144,2019-07-15T13:05:58Z,46.19106667,12.69301667,1422.00,76.336
3961,2,1906,2660.809629394832,-455.960023463144,2019-07-15T13:05:59Z,46.19096667,12.69283333,1422.00,76.318
3962,2,1907,2661.809629394832,-454.960023463144,2019-07-15T13:06:00Z,46.19086667,12.69265000,1422.00,76.301
3963,2,1908,2662.809629394832,-453.960023463144,2019-07-15T13:06:01Z,46.19076667,12.69248333,1425.00,76.284
3964,2,1909,2663.809629394832,-452.960023463144,2019-07-15T13:06:02Z,46.19068333,12.69230000,1427.00,76.267
3965,2,1910,2664.809629394832,-451.960023463144,2019-07-15T13:06:03Z,46.19058333,12.69213333,1429.00,76.25
3966,2,1911,2665.809629394832,-450.960023463144,2019-07-15T13:06:04Z,46.19050000,12.69198333,1430.00,76.235
3967,2,1912,2666.809629394832,-449.960023463144,2019-07-15T13:06:05Z,46.19040000,12.69183333,1430.00,76.219
3968,2,1913,2667.809629394832,-448.960023463144,2019-07-15T13:06:06Z,46.19030000,12.69168333,1430.00,76.203
3969,2,1914,2668.809629394832,-447.960023463144,2019-07-15T13:06:07Z,46.19020000,12.69153333,1429.00,76.187
3970,2,1915,2669.809629394832,-446.960023463144,2019-07-15T13:06:08Z,46.19008333,12.69138333,1428.00,76.17
3971,2,1916,2670.809629394832,-445.960023463144,2019-07-15T13:06:09Z,46.18998333,12.69125000,1427.00,76.155
3972,2,1917,2671.809629394832,-444.960023463144,2019-07-15T13:06:10Z,46.18986667,12.69110000,1425.00,76.138
3973,2,1918,2672.809629394832,-443.960023463144,2019-07-15T13:06:11Z,46.18976667,12.69096667,1424.00,76.122
3974,2,1919,2673.809629394832,-442.960023463144,2019-07-15T13:06:12Z,46.18965000,12.69085000,1423.00,76.107
3975,2,1920,2674.809629394832,-441.960023463144,2019-07-15T13:06:13Z,46.18955000,12.69071667,1424.00,76.092
3976,2,1921,2675.809629394832,-440.960023463144,2019-07-15T13:06:14Z,46.18945000,12.69060000,1423.00,76.078
3977,2,1922,2676.809629394832,-439.960023463144,2019-07-15T13:06:15Z,46.18935000,12.69046667,1422.00,76.063
3978,2,1923,2677.809629394832,-438.960023463144,2019-07-15T13:06:16Z,46.18923333,12.69035000,1421.00,76.047
3979,2,1924,2678.809629394832,-437.960023463144,2019-07-15T13:06:17Z,46.18911667,12.69020000,1419.00,76.03
3980,2,1925,2679.809629394832,-436.960023463144,2019-07-15T13:06:18Z,46.18900000,12.69006667,1416.00,76.013
3981,2,1926,2680.809629394832,-435.960023463144,2019-07-15T13:06:19Z,46.18888333,12.68991667,1414.00,75.996
3982,2,1927,2681.809629394832,-434.960023463144,2019-07-15T13:06:20Z,46.18875000,12.68975000,1411.00,75.976
3983,2,1928,2682.809629394832,-433.960023463144,2019-07-15T13:06:21Z,46.18863333,12.68960000,1409.00,75.959
3984,2,1929,2683.809629394832,-432.960023463144,2019-07-15T13:06:22Z,46.18850000,12.68946667,1408.00,75.941
3985,2,1930,2684.809629394832,-431.960023463144,2019-07-15T13:06:23Z,46.18840000,12.68935000,1410.00,75.927
3986,2,1931,2685.809629394832,-430.960023463144,2019-07-15T13:06:24Z,46.18828333,12.68925000,1411.00,75.913
3987,2,1932,2686.809629394832,-429.960023463144,2019-07-15T13:06:25Z,46.18818333,12.68915000,1412.00,75.899
3988,2,1933,2687.809629394832,-428.960023463144,2019-07-15T13:06:26Z,46.18808333,12.68905000,1413.00,75.886
3989,2,1934,2688.809629394832,-427.960023463144,2019-07-15T13:06:27Z,46.18798333,12.68893333,1413.00,75.872
3990,2,1935,2689.809629394832,-426.960023463144,2019-07-15T13:06:28Z,46.18790000,12.68880000,1411.00,75.858
3991,2,1936,2690.809629394832,-425.960023463144,2019-07-15T13:06:29Z,46.18781667,12.68865000,1411.00,75.843
3992,2,1937,2691.809629394832,-424.960023463144,2019-07-15T13:06:30Z,46.18773333,12.68848333,1410.00,75.828
3993,2,1938,2692.809629394832,-423.960023463144,2019-07-15T13:06:31Z,46.18765000,12.68828333,1408.00,75.81
3994,2,1939,2693.809629394832,-422.960023463144,2019-07-15T13:06:32Z,46.18758333,12.68810000,1407.00,75.795
3995,2,1940,2694.809629394832,-421.960023463144,2019-07-15T13:06:33Z,46.18751667,12.68790000,1405.00,75.779
3996,2,1941,2695.809629394832,-420.960023463144,2019-07-15T13:06:34Z,46.18745000,12.68768333,1405.00,75.762
3997,2,1942,2696.809629394832,-419.960023463144,2019-07-15T13:06:35Z,46.18740000,12.68746667,1402.00,75.746
3998,2,1943,2697.809629394832,-418.960023463144,2019-07-15T13:06:36Z,46.18733333,12.68726667,1401.00,75.73
3999,2,1944,2698.809629394832,-417.960023463144,2019-07-15T13:06:37Z,46.18726667,12.68705000,1401.00,75.713
4000,2,1945,2699.809629394832,-416.960023463144,2019-07-15T13:06:38Z,46.18718333,12.68686667,1399.00,75.696
4001,2,1946,2700.809629394832,-415.960023463144,2019-07-15T13:06:39Z,46.18708333,12.68668333,1397.00,75.678
4002,2,1947,2701.809629394832,-414.960023463144,2019-07-15T13:06:40Z,46.18700000,12.68650000,1397.00,75.662
4003,2,1948,2702.809629394832,-413.960023463144,2019-07-15T13:06:41Z,46.18690000,12.68633333,1397.00,75.645
4004,2,1949,2703.809629394832,-412.960023463144,2019-07-15T13:06:42Z,46.18680000,12.68615000,1395.00,75.627
4005,2,1950,2704.809629394832,-411.960023463144,2019-07-15T13:06:43Z,46.18670000,12.68600000,1394.00,75.611
4006,2,1951,2705.809629394832,-410.960023463144,2019-07-15T13:06:44Z,46.18658333,12.68585000,1392.00,75.593
4007,2,1952,2706.809629394832,-409.960023463144,2019-07-15T13:06:45Z,46.18645000,12.68571667,1390.00,75.576
4008,2,1953,2707.809629394832,-408.960023463144,2019-07-15T13:06:46Z,46.18633333,12.68560000,1388.00,75.56
4009,2,1954,2708.809629394832,-407.960023463144,2019-07-15T13:06:47Z,46.18621667,12.68546667,1386.00,75.544
4010,2,1955,2709.809629394832,-406.960023463144,2019-07-15T13:06:48Z,46.18611667,12.68531667,1384.00,75.528
4011,2,1956,2710.809629394832,-405.960023463144,2019-07-15T13:06:49Z,46.18601667,12.68515000,1383.00,75.511
4012,2,1957,2711.809629394832,-404.960023463144,2019-07-15T13:06:50Z,46.18595000,12.68496667,1381.00,75.496
4013,2,1958,2712.809629394832,-403.960023463144,2019-07-15T13:06:51Z,46.18588333,12.68476667,1378.00,75.479
4014,2,1959,2713.809629394832,-402.960023463144,2019-07-15T13:06:52Z,46.18585000,12.68455000,1377.00,75.465
4015,2,1960,2714.809629394832,-401.960023463144,2019-07-15T13:06:53Z,46.18581667,12.68431667,1375.00,75.449
4016,2,1961,2715.809629394832,-400.960023463144,2019-07-15T13:06:54Z,46.18580000,12.68406667,1373.00,75.434
4017,2,1962,2716.809629394832,-399.960023463144,2019-07-15T13:06:55Z,46.18580000,12.68381667,1372.00,75.421
4018,2,1963,2717.809629394832,-398.960023463144,2019-07-15T13:06:56Z,46.18580000,12.68358333,1372.00,75.408
4019,2,1964,2718.809629394832,-397.960023463144,2019-07-15T13:06:57Z,46.18581667,12.68336667,1372.00,75.397
4020,2,1965,2719.809629394832,-396.960023463144,2019-07-15T13:06:58Z,46.18581667,12.68313333,1372.00,75.385
4021,2,1966,2720.809629394832,-395.960023463144,2019-07-15T13:06:59Z,46.18581667,12.68290000,1372.00,75.372
4022,2,1967,2721.809629394832,-394.960023463144,2019-07-15T13:07:00Z,46.18581667,12.68265000,1370.00,75.358
4023,2,1968,2722.809629394832,-393.960023463144,2019-07-15T13:07:01Z,46.18581667,12.68240000,1367.00,75.344
4024,2,1969,2723.809629394832,-392.960023463144,2019-07-15T13:07:02Z,46.18580000,12.68215000,1366.00,75.329
4025,2,1970,2724.809629394832,-391.960023463144,2019-07-15T13:07:03Z,46.18578333,12.68190000,1365.00,75.314
4026,2,1971,2725.809629394832,-390.960023463144,2019-07-15T13:07:04Z,46.18576667,12.68166667,1365.00,75.3
4027,2,1972,2726.809629394832,-389.960023463144,2019-07-15T13:07:05Z,46.18573333,12.68143333,1366.00,75.285
4028,2,1973,2727.809629394832,-388.960023463144,2019-07-15T13:07:06Z,46.18570000,12.68121667,1365.00,75.271
4029,2,1974,2728.809629394832,-387.960023463144,2019-07-15T13:07:07Z,46.18566667,12.68100000,1364.00,75.256
4030,2,1975,2729.809629394832,-386.960023463144,2019-07-15T13:07:08Z,46.18563333,12.68078333,1364.00,75.242
4031,2,1976,2730.809629394832,-385.960023463144,2019-07-15T13:07:09Z,46.18558333,12.68058333,1364.00,75.227
4032,2,1977,2731.809629394832,-384.960023463144,2019-07-15T13:07:10Z,46.18553333,12.68038333,1364.00,75.212
4033,2,1978,2732.809629394832,-383.960023463144,2019-07-15T13:07:11Z,46.18546667,12.68018333,1364.00,75.196
4034,2,1979,2733.809629394832,-382.960023463144,2019-07-15T13:07:12Z,46.18540000,12.67998333,1365.00,75.18
4035,2,1980,2734.809629394832,-381.960023463144,2019-07-15T13:07:13Z,46.18533333,12.67978333,1365.00,75.164
4036,2,1981,2735.809629394832,-380.960023463144,2019-07-15T13:07:14Z,46.18526667,12.67956667,1365.00,75.147
4037,2,1982,2736.809629394832,-379.960023463144,2019-07-15T13:07:15Z,46.18520000,12.67935000,1365.00,75.13
4038,2,1983,2737.809629394832,-378.960023463144,2019-07-15T13:07:16Z,46.18515000,12.67913333,1366.00,75.114
4039,2,1984,2738.809629394832,-377.960023463144,2019-07-15T13:07:17Z,46.18511667,12.67891667,1367.00,75.1
4040,2,1985,2739.809629394832,-376.960023463144,2019-07-15T13:07:18Z,46.18506667,12.67871667,1368.00,75.085
4041,2,1986,2740.809629394832,-375.960023463144,2019-07-15T13:07:19Z,46.18503333,12.67850000,1367.00,75.07
4042,2,1987,2741.809629394832,-374.960023463144,2019-07-15T13:07:20Z,46.18500000,12.67828333,1366.00,75.056
4043,2,1988,2742.809629394832,-373.960023463144,2019-07-15T13:07:21Z,46.18496667,12.67806667,1365.00,75.041
4044,2,1989,2743.809629394832,-372.960023463144,2019-07-15T13:07:22Z,46.18493333,12.67786667,1365.00,75.027
4045,2,1990,2744.809629394832,-371.960023463144,2019-07-15T13:07:23Z,46.18490000,12.67766667,1364.00,75.014
4046,2,1991,2745.809629394832,-370.960023463144,2019-07-15T13:07:24Z,46.18485000,12.67745000,1364.00,74.998
4047,2,1992,2746.809629394832,-369.960023463144,2019-07-15T13:07:25Z,46.18481667,12.67725000,1362.00,74.984
4048,2,1993,2747.809629394832,-368.960023463144,2019-07-15T13:07:26Z,46.18476667,12.67705000,1361.00,74.969
4049,2,1994,2748.809629394832,-367.960023463144,2019-07-15T13:07:27Z,46.18473333,12.67685000,1360.00,74.955
4050,2,1995,2749.809629394832,-366.960023463144,2019-07-15T13:07:28Z,46.18468333,12.67665000,1359.00,74.94
4051,2,1996,2750.809629394832,-365.960023463144,2019-07-15T13:07:29Z,46.18463333,12.67646667,1358.00,74.926
4052,2,1997,2751.809629394832,-364.960023463144,2019-07-15T13:07:30Z,46.18458333,12.67628333,1357.00,74.912
4053,2,1998,2752.809629394832,-363.960023463144,2019-07-15T13:07:31Z,46.18455000,12.67610000,1356.00,74.9
4054,2,1999,2753.809629394832,-362.960023463144,2019-07-15T13:07:32Z,46.18450000,12.67591667,1355.00,74.886
4055,2,2000,2754.809629394832,-361.960023463144,2019-07-15T13:07:33Z,46.18446667,12.67575000,1354.00,74.874
4056,2,2001,2755.809629394832,-360.960023463144,2019-07-15T13:07:34Z,46.18443333,12.67555000,1353.00,74.86
4057,2,2002,2756.809629394832,-359.960023463144,2019-07-15T13:07:35Z,46.18441667,12.67536667,1352.00,74.849
4058,2,2003,2757.809629394832,-358.960023463144,2019-07-15T13:07:36Z,46.18440000,12.67516667,1351.00,74.836
4059,2,2004,2758.809629394832,-357.960023463144,2019-07-15T13:07:37Z,46.18438333,12.67496667,1349.00,74.824
4060,2,2005,2759.809629394832,-356.960023463144,2019-07-15T13:07:38Z,46.18436667,12.67475000,1348.00,74.811
4061,2,2006,2760.809629394832,-355.960023463144,2019-07-15T13:07:39Z,46.18436667,12.67451667,1346.00,74.798
4062,2,2007,2761.809629394832,-354.960023463144,2019-07-15T13:07:40Z,46.18438333,12.67430000,1346.00,74.787
4063,2,2008,2762.809629394832,-353.960023463144,2019-07-15T13:07:41Z,46.18438333,12.67410000,1345.00,74.776
4064,2,2009,2763.809629394832,-352.960023463144,2019-07-15T13:07:42Z,46.18440000,12.67388333,1343.00,74.766
4065,2,2010,2764.809629394832,-351.960023463144,2019-07-15T13:07:43Z,46.18440000,12.67368333,1344.00,74.755
4066,2,2011,2765.809629394832,-350.960023463144,2019-07-15T13:07:44Z,46.18438333,12.67346667,1346.00,74.741
4067,2,2012,2766.809629394832,-349.960023463144,2019-07-15T13:07:45Z,46.18438333,12.67325000,1341.00,74.729
4068,2,2013,2767.809629394832,-348.960023463144,2019-07-15T13:07:46Z,46.18435000,12.67303333,1341.00,74.715
4069,2,2014,2768.809629394832,-347.960023463144,2019-07-15T13:07:47Z,46.18431667,12.67281667,1338.00,74.7
4070,2,2015,2769.809629394832,-346.960023463144,2019-07-15T13:07:48Z,46.18428333,12.67261667,1335.00,74.687
4071,2,2016,2770.809629394832,-345.960023463144,2019-07-15T13:07:49Z,46.18426667,12.67243333,1333.00,74.675
4072,2,2017,2771.809629394832,-344.960023463144,2019-07-15T13:07:50Z,46.18423333,12.67225000,1332.00,74.663
4073,2,2018,2772.809629394832,-343.960023463144,2019-07-15T13:07:51Z,46.18420000,12.67208333,1329.00,74.651
4074,2,2019,2773.809629394832,-342.960023463144,2019-07-15T13:07:52Z,46.18418333,12.67191667,1328.00,74.641
4075,2,2020,2774.809629394832,-341.960023463144,2019-07-15T13:07:53Z,46.18413333,12.67175000,1325.00,74.628
4076,2,2021,2775.809629394832,-340.960023463144,2019-07-15T13:07:54Z,46.18410000,12.67156667,1322.00,74.615
4077,2,2022,2776.809629394832,-339.960023463144,2019-07-15T13:07:55Z,46.18403333,12.67140000,1316.00,74.601
4078,2,2023,2777.809629394832,-338.960023463144,2019-07-15T13:07:56Z,46.18398333,12.67123333,1318.00,74.587
4079,2,2024,2778.809629394832,-337.960023463144,2019-07-15T13:07:57Z,46.18391667,12.67106667,1314.00,74.573
4080,2,2025,2779.809629394832,-336.960023463144,2019-07-15T13:07:58Z,46.18385000,12.67091667,1313.00,74.56
4081,2,2026,2780.809629394832,-335.960023463144,2019-07-15T13:07:59Z,46.18375000,12.67078333,1310.00,74.545
4082,2,2027,2781.809629394832,-334.960023463144,2019-07-15T13:08:00Z,46.18366667,12.67065000,1307.00,74.531
4083,2,2028,2782.809629394832,-333.960023463144,2019-07-15T13:08:01Z,46.18356667,12.67053333,1306.00,74.517
4084,2,2029,2783.809629394832,-332.960023463144,2019-07-15T13:08:02Z,46.18346667,12.67043333,1303.00,74.503
4085,2,2030,2784.809629394832,-331.960023463144,2019-07-15T13:08:03Z,46.18335000,12.67033333,1301.00,74.489
4086,2,2031,2785.809629394832,-330.960023463144,2019-07-15T13:08:04Z,46.18321667,12.67023333,1298.00,74.473
4087,2,2032,2786.809629394832,-329.960023463144,2019-07-15T13:08:05Z,46.18308333,12.67015000,1296.00,74.458
4088,2,2033,2787.809629394832,-328.960023463144,2019-07-15T13:08:06Z,46.18295000,12.67006667,1294.00,74.443
4089,2,2034,2788.809629394832,-327.960023463144,2019-07-15T13:08:07Z,46.18281667,12.66998333,1292.00,74.428
4090,2,2035,2789.809629394832,-326.960023463144,2019-07-15T13:08:08Z,46.18266667,12.66990000,1290.00,74.412
4091,2,2036,2790.809629394832,-325.960023463144,2019-07-15T13:08:09Z,46.18253333,12.66980000,1290.00,74.396
4092,2,2037,2791.809629394832,-324.960023463144,2019-07-15T13:08:10Z,46.18240000,12.66968333,1291.00,74.379
4093,2,2038,2792.809629394832,-323.960023463144,2019-07-15T13:08:11Z,46.18228333,12.66958333,1292.00,74.364
4094,2,2039,2793.809629394832,-322.960023463144,2019-07-15T13:08:12Z,46.18215000,12.66946667,1294.00,74.348
4095,2,2040,2794.809629394832,-321.960023463144,2019-07-15T13:08:13Z,46.18203333,12.66935000,1297.00,74.332
4096,2,2041,2795.809629394832,-320.960023463144,2019-07-15T13:08:14Z,46.18191667,12.66925000,1299.00,74.317
4097,2,2042,2796.809629394832,-319.960023463144,2019-07-15T13:08:15Z,46.18180000,12.66913333,1304.00,74.302
4098,2,2043,2797.809629394832,-318.960023463144,2019-07-15T13:08:16Z,46.18170000,12.66901667,1304.00,74.288
4099,2,2044,2798.809629394832,-317.960023463144,2019-07-15T13:08:17Z,46.18160000,12.66888333,1307.00,74.273
4100,2,2045,2799.809629394832,-316.960023463144,2019-07-15T13:08:18Z,46.18151667,12.66871667,1309.00,74.257
4101,2,2046,2800.809629394832,-315.960023463144,2019-07-15T13:08:19Z,46.18141667,12.66853333,1311.00,74.239
4102,2,2047,2801.809629394832,-314.960023463144,2019-07-15T13:08:20Z,46.18131667,12.66836667,1313.00,74.222
4103,2,2048,2802.809629394832,-313.960023463144,2019-07-15T13:08:21Z,46.18120000,12.66823333,1316.00,74.206
4104,2,2049,2803.809629394832,-312.960023463144,2019-07-15T13:08:22Z,46.18108333,12.66820000,1319.00,74.195
4105,2,2050,2804.809629394832,-311.960023463144,2019-07-15T13:08:23Z,46.18098333,12.66825000,1322.00,74.19
4106,2,2051,2805.809629394832,-310.960023463144,2019-07-15T13:08:24Z,46.18090000,12.66836667,1326.00,74.19
4107,2,2052,2806.809629394832,-309.960023463144,2019-07-15T13:08:25Z,46.18085000,12.66851667,1326.00,74.194
4108,2,2053,2807.809629394832,-308.960023463144,2019-07-15T13:08:26Z,46.18083333,12.66871667,1330.00,74.204
4109,2,2054,2808.809629394832,-307.960023463144,2019-07-15T13:08:27Z,46.18086667,12.66890000,1332.00,74.217
4110,2,2055,2809.809629394832,-306.960023463144,2019-07-15T13:08:28Z,46.18093333,12.66908333,1336.00,74.232
4111,2,2056,2810.809629394832,-305.960023463144,2019-07-15T13:08:29Z,46.18105000,12.66923333,1338.00,74.249
4112,2,2057,2811.809629394832,-304.960023463144,2019-07-15T13:08:30Z,46.18116667,12.66931667,1342.00,74.263
4113,2,2058,2812.809629394832,-303.960023463144,2019-07-15T13:08:31Z,46.18130000,12.66936667,1347.00,74.276
4114,2,2059,2813.809629394832,-302.960023463144,2019-07-15T13:08:32Z,46.18145000,12.66935000,1350.00,74.287
4115,2,2060,2814.809629394832,-301.960023463144,2019-07-15T13:08:33Z,46.18160000,12.66928333,1352.00,74.295
4116,2,2061,2815.809629394832,-300.960023463144,2019-07-15T13:08:34Z,46.18175000,12.66916667,1355.00,74.3
4117,2,2062,2816.809629394832,-299.960023463144,2019-07-15T13:08:35Z,46.18188333,12.66898333,1357.00,74.3
4118,2,2063,2817.809629394832,-298.960023463144,2019-07-15T13:08:36Z,46.18198333,12.66876667,1360.00,74.296
4119,2,2064,2818.809629394832,-297.960023463144,2019-07-15T13:08:37Z,46.18203333,12.66851667,1362.00,74.286
4120,2,2065,2819.809629394832,-296.960023463144,2019-07-15T13:08:38Z,46.18205000,12.66826667,1365.00,74.274
4121,2,2066,2820.809629394832,-295.960023463144,2019-07-15T13:08:39Z,46.18201667,12.66801667,1366.00,74.258
4122,2,2067,2821.809629394832,-294.960023463144,2019-07-15T13:08:40Z,46.18195000,12.66780000,1368.00,74.241
4123,2,2068,2822.809629394832,-293.960023463144,2019-07-15T13:08:41Z,46.18185000,12.66761667,1369.00,74.223
4124,2,2069,2823.809629394832,-292.960023463144,2019-07-15T13:08:42Z,46.18173333,12.66748333,1371.00,74.206
4125,2,2070,2824.809629394832,-291.960023463144,2019-07-15T13:08:43Z,46.18161667,12.66738333,1373.00,74.192
4126,2,2071,2825.809629394832,-290.960023463144,2019-07-15T13:08:44Z,46.18150000,12.66733333,1377.00,74.18
4127,2,2072,2826.809629394832,-289.960023463144,2019-07-15T13:08:45Z,46.18138333,12.66736667,1379.00,74.173
4128,2,2073,2827.809629394832,-288.960023463144,2019-07-15T13:08:46Z,46.18128333,12.66743333,1382.00,74.168
4129,2,2074,2828.809629394832,-287.960023463144,2019-07-15T13:08:47Z,46.18121667,12.66755000,1385.00,74.17
4130,2,2075,2829.809629394832,-286.960023463144,2019-07-15T13:08:48Z,46.18115000,12.66771667,1387.00,74.174
4131,2,2076,2830.809629394832,-285.960023463144,2019-07-15T13:08:49Z,46.18113333,12.66790000,1388.00,74.182
4132,2,2077,2831.809629394832,-284.960023463144,2019-07-15T13:08:50Z,46.18113333,12.66811667,1388.00,74.194
4133,2,2078,2832.809629394832,-283.960023463144,2019-07-15T13:08:51Z,46.18118333,12.66833333,1391.00,74.21
4134,2,2079,2833.809629394832,-282.960023463144,2019-07-15T13:08:52Z,46.18128333,12.66853333,1393.00,74.229
4135,2,2080,2834.809629394832,-281.960023463144,2019-07-15T13:08:53Z,46.18140000,12.66868333,1397.00,74.246
4136,2,2081,2835.809629394832,-280.960023463144,2019-07-15T13:08:54Z,46.18153333,12.66881667,1400.00,74.264
4137,2,2082,2836.809629394832,-279.960023463144,2019-07-15T13:08:55Z,46.18170000,12.66888333,1404.00,74.28
4138,2,2083,2837.809629394832,-278.960023463144,2019-07-15T13:08:56Z,46.18188333,12.66890000,1408.00,74.296
4139,2,2084,2838.809629394832,-277.960023463144,2019-07-15T13:08:57Z,46.18205000,12.66883333,1412.00,74.305
4140,2,2085,2839.809629394832,-276.960023463144,2019-07-15T13:08:58Z,46.18220000,12.66870000,1417.00,74.309
4141,2,2086,2840.809629394832,-275.960023463144,2019-07-15T13:08:59Z,46.18230000,12.66851667,1420.00,74.307
4142,2,2087,2841.809629394832,-274.960023463144,2019-07-15T13:09:00Z,46.18236667,12.66828333,1423.00,74.3
4143,2,2088,2842.809629394832,-273.960023463144,2019-07-15T13:09:01Z,46.18240000,12.66805000,1425.00,74.289
4144,2,2089,2843.809629394832,-272.960023463144,2019-07-15T13:09:02Z,46.18240000,12.66781667,1427.00,74.277
4145,2,2090,2844.809629394832,-271.960023463144,2019-07-15T13:09:03Z,46.18235000,12.66760000,1430.00,74.261
4146,2,2091,2845.809629394832,-270.960023463144,2019-07-15T13:09:04Z,46.18228333,12.66740000,1433.00,74.245
4147,2,2092,2846.809629394832,-269.960023463144,2019-07-15T13:09:05Z,46.18220000,12.66725000,1434.00,74.23
4148,2,2093,2847.809629394832,-268.960023463144,2019-07-15T13:09:06Z,46.18208333,12.66715000,1437.00,74.215
4149,2,2094,2848.809629394832,-267.960023463144,2019-07-15T13:09:07Z,46.18198333,12.66710000,1440.00,74.205
4150,2,2095,2849.809629394832,-266.960023463144,2019-07-15T13:09:08Z,46.18188333,12.66711667,1443.00,74.198
4151,2,2096,2850.809629394832,-265.960023463144,2019-07-15T13:09:09Z,46.18178333,12.66718333,1444.00,74.194
4152,2,2097,2851.809629394832,-264.960023463144,2019-07-15T13:09:10Z,46.18170000,12.66733333,1444.00,74.195
4153,2,2098,2852.809629394832,-263.960023463144,2019-07-15T13:09:11Z,46.18165000,12.66751667,1444.00,74.202
4154,2,2099,2853.809629394832,-262.960023463144,2019-07-15T13:09:12Z,46.18161667,12.66771667,1444.00,74.21
4155,2,2100,2854.809629394832,-261.960023463144,2019-07-15T13:09:13Z,46.18161667,12.66793333,1446.00,74.222
4156,2,2101,2855.809629394832,-260.960023463144,2019-07-15T13:09:14Z,46.18163333,12.66815000,1448.00,74.235
4157,2,2102,2856.809629394832,-259.960023463144,2019-07-15T13:09:15Z,46.18168333,12.66835000,1452.00,74.25
4158,2,2103,2857.809629394832,-258.960023463144,2019-07-15T13:09:16Z,46.18176667,12.66853333,1457.00,74.266
4159,2,2104,2858.809629394832,-257.960023463144,2019-07-15T13:09:17Z,46.18186667,12.66868333,1460.00,74.282
4160,2,2105,2859.809629394832,-256.960023463144,2019-07-15T13:09:18Z,46.18200000,12.66881667,1465.00,74.3
4161,2,2106,2860.809629394832,-255.960023463144,2019-07-15T13:09:19Z,46.18215000,12.66890000,1468.00,74.316
4162,2,2107,2861.809629394832,-254.960023463144,2019-07-15T13:09:20Z,46.18230000,12.66895000,1472.00,74.331
4163,2,2108,2862.809629394832,-253.960023463144,2019-07-15T13:09:21Z,46.18246667,12.66896667,1475.00,74.345
4164,2,2109,2863.809629394832,-252.960023463144,2019-07-15T13:09:22Z,46.18263333,12.66891667,1478.00,74.355
4165,2,2110,2864.809629394832,-251.960023463144,2019-07-15T13:09:23Z,46.18280000,12.66883333,1482.00,74.364
4166,2,2111,2865.809629394832,-250.960023463144,2019-07-15T13:09:24Z,46.18293333,12.66870000,1486.00,74.367
4167,2,2112,2866.809629394832,-249.960023463144,2019-07-15T13:09:25Z,46.18306667,12.66853333,1489.00,74.368
4168,2,2113,2867.809629394832,-248.960023463144,2019-07-15T13:09:26Z,46.18316667,12.66831667,1490.00,74.364
4169,2,2114,2868.809629394832,-247.960023463144,2019-07-15T13:09:27Z,46.18323333,12.66806667,1491.00,74.356
4170,2,2115,2869.809629394832,-246.960023463144,2019-07-15T13:09:28Z,46.18328333,12.66781667,1494.00,74.346
4171,2,2116,2870.809629394832,-245.960023463144,2019-07-15T13:09:29Z,46.18328333,12.66756667,1497.00,74.332
4172,2,2117,2871.809629394832,-244.960023463144,2019-07-15T13:09:30Z,46.18325000,12.66733333,1500.00,74.317
4173,2,2118,2872.809629394832,-243.960023463144,2019-07-15T13:09:31Z,46.18318333,12.66713333,1502.00,74.301
4174,2,2119,2873.809629394832,-242.960023463144,2019-07-15T13:09:32Z,46.18308333,12.66696667,1504.00,74.284
4175,2,2120,2874.809629394832,-241.960023463144,2019-07-15T13:09:33Z,46.18298333,12.66683333,1506.00,74.269
4176,2,2121,2875.809629394832,-240.960023463144,2019-07-15T13:09:34Z,46.18285000,12.66678333,1508.00,74.256
4177,2,2122,2876.809629394832,-239.960023463144,2019-07-15T13:09:35Z,46.18273333,12.66676667,1510.00,74.246
4178,2,2123,2877.809629394832,-238.960023463144,2019-07-15T13:09:36Z,46.18261667,12.66678333,1512.00,74.237
4179,2,2124,2878.809629394832,-237.960023463144,2019-07-15T13:09:37Z,46.18251667,12.66685000,1514.00,74.233
4180,2,2125,2879.809629394832,-236.960023463144,2019-07-15T13:09:38Z,46.18243333,12.66695000,1516.00,74.232
4181,2,2126,2880.809629394832,-235.960023463144,2019-07-15T13:09:39Z,46.18235000,12.66710000,1516.00,74.234
4182,2,2127,2881.809629394832,-234.960023463144,2019-07-15T13:09:40Z,46.18230000,12.66728333,1517.00,74.24
4183,2,2128,2882.809629394832,-233.960023463144,2019-07-15T13:09:41Z,46.18226667,12.66748333,1518.00,74.248
4184,2,2129,2883.809629394832,-232.960023463144,2019-07-15T13:09:42Z,46.18225000,12.66770000,1519.00,74.259
4185,2,2130,2884.809629394832,-231.960023463144,2019-07-15T13:09:43Z,46.18226667,12.66791667,1522.00,74.272
4186,2,2131,2885.809629394832,-230.960023463144,2019-07-15T13:09:44Z,46.18233333,12.66813333,1525.00,74.289
4187,2,2132,2886.809629394832,-229.960023463144,2019-07-15T13:09:45Z,46.18241667,12.66831667,1529.00,74.305
4188,2,2133,2887.809629394832,-228.960023463144,2019-07-15T13:09:46Z,46.18255000,12.66846667,1533.00,74.324
4189,2,2134,2888.809629394832,-227.960023463144,2019-07-15T13:09:47Z,46.18270000,12.66856667,1537.00,74.341
4190,2,2135,2889.809629394832,-226.960023463144,2019-07-15T13:09:48Z,46.18286667,12.66863333,1541.00,74.358
4191,2,2136,2890.809629394832,-225.960023463144,2019-07-15T13:09:49Z,46.18301667,12.66865000,1546.00,74.37
4192,2,2137,2891.809629394832,-224.960023463144,2019-07-15T13:09:50Z,46.18318333,12.66861667,1549.00,74.382
4193,2,2138,2892.809629394832,-223.960023463144,2019-07-15T13:09:51Z,46.18333333,12.66851667,1553.00,74.388
4194,2,2139,2893.809629394832,-222.960023463144,2019-07-15T13:09:52Z,46.18348333,12.66836667,1557.00,74.392
4195,2,2140,2894.809629394832,-221.960023463144,2019-07-15T13:09:53Z,46.18360000,12.66816667,1559.00,74.39
4196,2,2141,2895.809629394832,-220.960023463144,2019-07-15T13:09:54Z,46.18368333,12.66796667,1562.00,74.386
4197,2,2142,2896.809629394832,-219.960023463144,2019-07-15T13:09:55Z,46.18375000,12.66773333,1564.00,74.378
4198,2,2143,2897.809629394832,-218.960023463144,2019-07-15T13:09:56Z,46.18378333,12.66748333,1567.00,74.367
4199,2,2144,2898.809629394832,-217.960023463144,2019-07-15T13:09:57Z,46.18380000,12.66723333,1569.00,74.355
4200,2,2145,2899.809629394832,-216.960023463144,2019-07-15T13:09:58Z,46.18376667,12.66701667,1571.00,74.341
4201,2,2146,2900.809629394832,-215.960023463144,2019-07-15T13:09:59Z,46.18373333,12.66680000,1575.00,74.326
4202,2,2147,2901.809629394832,-214.960023463144,2019-07-15T13:10:00Z,46.18365000,12.66661667,1577.00,74.31
4203,2,2148,2902.809629394832,-213.960023463144,2019-07-15T13:10:01Z,46.18356667,12.66645000,1579.00,74.294
4204,2,2149,2903.809629394832,-212.960023463144,2019-07-15T13:10:02Z,46.18346667,12.66633333,1581.00,74.28
4205,2,2150,2904.809629394832,-211.960023463144,2019-07-15T13:10:03Z,46.18335000,12.66628333,1582.00,74.268
4206,2,2151,2905.809629394832,-210.960023463144,2019-07-15T13:10:04Z,46.18321667,12.66626667,1583.00,74.257
4207,2,2152,2906.809629394832,-209.960023463144,2019-07-15T13:10:05Z,46.18310000,12.66628333,1585.00,74.248
4208,2,2153,2907.809629394832,-208.960023463144,2019-07-15T13:10:06Z,46.18300000,12.66636667,1586.00,74.245
4209,2,2154,2908.809629394832,-207.960023463144,2019-07-15T13:10:07Z,46.18290000,12.66648333,1588.00,74.243
4210,2,2155,2909.809629394832,-206.960023463144,2019-07-15T13:10:08Z,46.18281667,12.66661667,1590.00,74.244
4211,2,2156,2910.809629394832,-205.960023463144,2019-07-15T13:10:09Z,46.18276667,12.66678333,1591.00,74.249
4212,2,2157,2911.809629394832,-204.960023463144,2019-07-15T13:10:10Z,46.18273333,12.66698333,1592.00,74.257
4213,2,2158,2912.809629394832,-203.960023463144,2019-07-15T13:10:11Z,46.18273333,12.66718333,1594.00,74.268
4214,2,2159,2913.809629394832,-202.960023463144,2019-07-15T13:10:12Z,46.18276667,12.66738333,1596.00,74.282
4215,2,2160,2914.809629394832,-201.960023463144,2019-07-15T13:10:13Z,46.18285000,12.66755000,1598.00,74.297
4216,2,2161,2915.809629394832,-200.960023463144,2019-07-15T13:10:14Z,46.18295000,12.66771667,1602.00,74.314
4217,2,2162,2916.809629394832,-199.960023463144,2019-07-15T13:10:15Z,46.18306667,12.66783333,1605.00,74.33
4218,2,2163,2917.809629394832,-198.960023463144,2019-07-15T13:10:16Z,46.18320000,12.66791667,1607.00,74.345
4219,2,2164,2918.809629394832,-197.960023463144,2019-07-15T13:10:17Z,46.18336667,12.66798333,1608.00,74.362
4220,2,2165,2919.809629394832,-196.960023463144,2019-07-15T13:10:18Z,46.18353333,12.66801667,1610.00,74.377
4221,2,2166,2920.809629394832,-195.960023463144,2019-07-15T13:10:19Z,46.18371667,12.66801667,1612.00,74.391
4222,2,2167,2921.809629394832,-194.960023463144,2019-07-15T13:10:20Z,46.18390000,12.66796667,1614.00,74.403
4223,2,2168,2922.809629394832,-193.960023463144,2019-07-15T13:10:21Z,46.18408333,12.66786667,1616.00,74.412
4224,2,2169,2923.809629394832,-192.960023463144,2019-07-15T13:10:22Z,46.18423333,12.66773333,1617.00,74.416
4225,2,2170,2924.809629394832,-191.960023463144,2019-07-15T13:10:23Z,46.18438333,12.66760000,1619.00,74.421
4226,2,2171,2925.809629394832,-190.960023463144,2019-07-15T13:10:24Z,46.18450000,12.66745000,1622.00,74.422
4227,2,2172,2926.809629394832,-189.960023463144,2019-07-15T13:10:25Z,46.18461667,12.66730000,1626.00,74.423
4228,2,2173,2927.809629394832,-188.960023463144,2019-07-15T13:10:26Z,46.18471667,12.66710000,1628.00,74.42
4229,2,2174,2928.809629394832,-187.960023463144,2019-07-15T13:10:27Z,46.18481667,12.66688333,1630.00,74.416
4230,2,2175,2929.809629394832,-186.960023463144,2019-07-15T13:10:28Z,46.18488333,12.66663333,1631.00,74.408
4231,2,2176,2930.809629394832,-185.960023463144,2019-07-15T13:10:29Z,46.18493333,12.66638333,1632.00,74.399
4232,2,2177,2931.809629394832,-184.960023463144,2019-07-15T13:10:30Z,46.18496667,12.66611667,1634.00,74.387
4233,2,2178,2932.809629394832,-183.960023463144,2019-07-15T13:10:31Z,46.18498333,12.66585000,1636.00,74.374
4234,2,2179,2933.809629394832,-182.960023463144,2019-07-15T13:10:32Z,46.18495000,12.66558333,1638.00,74.357
4235,2,2180,2934.809629394832,-181.960023463144,2019-07-15T13:10:33Z,46.18490000,12.66536667,1640.00,74.341
4236,2,2181,2935.809629394832,-180.960023463144,2019-07-15T13:10:34Z,46.18481667,12.66516667,1641.00,74.324
4237,2,2182,2936.809629394832,-179.960023463144,2019-07-15T13:10:35Z,46.18471667,12.66501667,1644.00,74.308
4238,2,2183,2937.809629394832,-178.960023463144,2019-07-15T13:10:36Z,46.18461667,12.66491667,1645.00,74.295
4239,2,2184,2938.809629394832,-177.960023463144,2019-07-15T13:10:37Z,46.18448333,12.66488333,1646.00,74.282
4240,2,2185,2939.809629394832,-176.960023463144,2019-07-15T13:10:38Z,46.18435000,12.66490000,1646.00,74.273
4241,2,2186,2940.809629394832,-175.960023463144,2019-07-15T13:10:39Z,46.18423333,12.66496667,1645.00,74.267
4242,2,2187,2941.809629394832,-174.960023463144,2019-07-15T13:10:40Z,46.18411667,12.66506667,1644.00,74.263
4243,2,2188,2942.809629394832,-173.960023463144,2019-07-15T13:10:41Z,46.18401667,12.66521667,1643.00,74.263
4244,2,2189,2943.809629394832,-172.960023463144,2019-07-15T13:10:42Z,46.18393333,12.66538333,1644.00,74.265
4245,2,2190,2944.809629394832,-171.960023463144,2019-07-15T13:10:43Z,46.18388333,12.66558333,1645.00,74.272
4246,2,2191,2945.809629394832,-170.960023463144,2019-07-15T13:10:44Z,46.18386667,12.66578333,1645.00,74.282
4247,2,2192,2946.809629394832,-169.960023463144,2019-07-15T13:10:45Z,46.18385000,12.66600000,1646.00,74.292
4248,2,2193,2947.809629394832,-168.960023463144,2019-07-15T13:10:46Z,46.18388333,12.66620000,1648.00,74.306
4249,2,2194,2948.809629394832,-167.960023463144,2019-07-15T13:10:47Z,46.18393333,12.66638333,1650.00,74.319
4250,2,2195,2949.809629394832,-166.960023463144,2019-07-15T13:10:48Z,46.18401667,12.66656667,1652.00,74.336
4251,2,2196,2950.809629394832,-165.960023463144,2019-07-15T13:10:49Z,46.18411667,12.66670000,1655.00,74.351
4252,2,2197,2951.809629394832,-164.960023463144,2019-07-15T13:10:50Z,46.18425000,12.66681667,1657.00,74.368
4253,2,2198,2952.809629394832,-163.960023463144,2019-07-15T13:10:51Z,46.18441667,12.66685000,1659.00,74.383
4254,2,2199,2953.809629394832,-162.960023463144,2019-07-15T13:10:52Z,46.18458333,12.66685000,1661.00,74.396
4255,2,2200,2954.809629394832,-161.960023463144,2019-07-15T13:10:53Z,46.18475000,12.66676667,1663.00,74.405
4256,2,2201,2955.809629394832,-160.960023463144,2019-07-15T13:10:54Z,46.18490000,12.66663333,1663.00,74.41
4257,2,2202,2956.809629394832,-159.960023463144,2019-07-15T13:10:55Z,46.18505000,12.66645000,1664.00,74.412
4258,2,2203,2957.809629394832,-158.960023463144,2019-07-15T13:10:56Z,46.18515000,12.66623333,1665.00,74.408
4259,2,2204,2958.809629394832,-157.960023463144,2019-07-15T13:10:57Z,46.18521667,12.66598333,1666.00,74.4
4260,2,2205,2959.809629394832,-156.960023463144,2019-07-15T13:10:58Z,46.18526667,12.66575000,1668.00,74.391
4261,2,2206,2960.809629394832,-155.960023463144,2019-07-15T13:10:59Z,46.18528333,12.66550000,1671.00,74.379
4262,2,2207,2961.809629394832,-154.960023463144,2019-07-15T13:11:00Z,46.18530000,12.66526667,1674.00,74.368
4263,2,2208,2962.809629394832,-153.960023463144,2019-07-15T13:11:01Z,46.18528333,12.66503333,1676.00,74.354
4264,2,2209,2963.809629394832,-152.960023463144,2019-07-15T13:11:02Z,46.18523333,12.66481667,1679.00,74.339
4265,2,2210,2964.809629394832,-151.960023463144,2019-07-15T13:11:03Z,46.18516667,12.66460000,1680.00,74.322
4266,2,2211,2965.809629394832,-150.960023463144,2019-07-15T13:11:04Z,46.18508333,12.66441667,1683.00,74.305
4267,2,2212,2966.809629394832,-149.960023463144,2019-07-15T13:11:05Z,46.18500000,12.66426667,1686.00,74.29
4268,2,2213,2967.809629394832,-148.960023463144,2019-07-15T13:11:06Z,46.18488333,12.66416667,1688.00,74.276
4269,2,2214,2968.809629394832,-147.960023463144,2019-07-15T13:11:07Z,46.18476667,12.66408333,1690.00,74.262
4270,2,2215,2969.809629394832,-146.960023463144,2019-07-15T13:11:08Z,46.18465000,12.66403333,1691.00,74.25
4271,2,2216,2970.809629394832,-145.960023463144,2019-07-15T13:11:09Z,46.18451667,12.66403333,1691.00,74.239
4272,2,2217,2971.809629394832,-144.960023463144,2019-07-15T13:11:10Z,46.18438333,12.66410000,1692.00,74.232
4273,2,2218,2972.809629394832,-143.960023463144,2019-07-15T13:11:11Z,46.18425000,12.66420000,1692.00,74.227
4274,2,2219,2973.809629394832,-142.960023463144,2019-07-15T13:11:12Z,46.18416667,12.66435000,1693.00,74.228
4275,2,2220,2974.809629394832,-141.960023463144,2019-07-15T13:11:13Z,46.18408333,12.66453333,1694.00,74.232
4276,2,2221,2975.809629394832,-140.960023463144,2019-07-15T13:11:14Z,46.18403333,12.66471667,1695.00,74.238
4277,2,2222,2976.809629394832,-139.960023463144,2019-07-15T13:11:15Z,46.18401667,12.66491667,1698.00,74.247
4278,2,2223,2977.809629394832,-138.960023463144,2019-07-15T13:11:16Z,46.18400000,12.66510000,1702.00,74.256
4279,2,2224,2978.809629394832,-137.960023463144,2019-07-15T13:11:17Z,46.18401667,12.66528333,1705.00,74.267
4280,2,2225,2979.809629394832,-136.960023463144,2019-07-15T13:11:18Z,46.18405000,12.66545000,1707.00,74.278
4281,2,2226,2980.809629394832,-135.960023463144,2019-07-15T13:11:19Z,46.18410000,12.66561667,1709.00,74.291
4282,2,2227,2981.809629394832,-134.960023463144,2019-07-15T13:11:20Z,46.18418333,12.66576667,1710.00,74.306
4283,2,2228,2982.809629394832,-133.960023463144,2019-07-15T13:11:21Z,46.18430000,12.66591667,1711.00,74.323
4284,2,2229,2983.809629394832,-132.960023463144,2019-07-15T13:11:22Z,46.18443333,12.66601667,1711.00,74.339
4285,2,2230,2984.809629394832,-131.960023463144,2019-07-15T13:11:23Z,46.18458333,12.66610000,1711.00,74.356
4286,2,2231,2985.809629394832,-130.960023463144,2019-07-15T13:11:24Z,46.18475000,12.66611667,1712.00,74.37
4287,2,2232,2986.809629394832,-129.960023463144,2019-07-15T13:11:25Z,46.18490000,12.66608333,1713.00,74.38
4288,2,2233,2987.809629394832,-128.960023463144,2019-07-15T13:11:26Z,46.18505000,12.66600000,1714.00,74.387
4289,2,2234,2988.809629394832,-127.960023463144,2019-07-15T13:11:27Z,46.18518333,12.66586667,1716.00,74.391
4290,2,2235,2989.809629394832,-126.960023463144,2019-07-15T13:11:28Z,46.18528333,12.66568333,1716.00,74.389
4291,2,2236,2990.809629394832,-125.960023463144,2019-07-15T13:11:29Z,46.18535000,12.66546667,1717.00,74.383
4292,2,2237,2991.809629394832,-124.960023463144,2019-07-15T13:11:30Z,46.18536667,12.66521667,1716.00,74.371
4293,2,2238,2992.809629394832,-123.960023463144,2019-07-15T13:11:31Z,46.18535000,12.66495000,1715.00,74.355
4294,2,2239,2993.809629394832,-122.960023463144,2019-07-15T13:11:32Z,46.18531667,12.66468333,1716.00,74.338
4295,2,2240,2994.809629394832,-121.960023463144,2019-07-15T13:11:33Z,46.18526667,12.66445000,1717.00,74.322
4296,2,2241,2995.809629394832,-120.960023463144,2019-07-15T13:11:34Z,46.18520000,12.66425000,1718.00,74.306
4297,2,2242,2996.809629394832,-119.960023463144,2019-07-15T13:11:35Z,46.18515000,12.66405000,1721.00,74.291
4298,2,2243,2997.809629394832,-118.960023463144,2019-07-15T13:11:36Z,46.18508333,12.66386667,1723.00,74.276
4299,2,2244,2998.809629394832,-117.960023463144,2019-07-15T13:11:37Z,46.18503333,12.66368333,1723.00,74.262
4300,2,2245,2999.809629394832,-116.960023463144,2019-07-15T13:11:38Z,46.18496667,12.66350000,1724.00,74.247
4301,2,2246,3000.809629394832,-115.960023463144,2019-07-15T13:11:39Z,46.18488333,12.66331667,1724.00,74.23
4302,2,2247,3001.809629394832,-114.960023463144,2019-07-15T13:11:40Z,46.18478333,12.66315000,1725.00,74.213
4303,2,2248,3002.809629394832,-113.960023463144,2019-07-15T13:11:41Z,46.18466667,12.66300000,1725.00,74.196
4304,2,2249,3003.809629394832,-112.960023463144,2019-07-15T13:11:42Z,46.18455000,12.66285000,1727.00,74.179
4305,2,2250,3004.809629394832,-111.960023463144,2019-07-15T13:11:43Z,46.18441667,12.66273333,1728.00,74.162
4306,2,2251,3005.809629394832,-110.960023463144,2019-07-15T13:11:44Z,46.18428333,12.66261667,1728.00,74.145
4307,2,2252,3006.809629394832,-109.960023463144,2019-07-15T13:11:45Z,46.18416667,12.66248333,1733.00,74.128
4308,2,2253,3007.809629394832,-108.960023463144,2019-07-15T13:11:46Z,46.18405000,12.66235000,1733.00,74.112
4309,2,2254,3008.809629394832,-107.960023463144,2019-07-15T13:11:47Z,46.18393333,12.66220000,1737.00,74.095
4310,2,2255,3009.809629394832,-106.960023463144,2019-07-15T13:11:48Z,46.18383333,12.66205000,1740.00,74.079
4311,2,2256,3010.809629394832,-105.960023463144,2019-07-15T13:11:49Z,46.18371667,12.66186667,1739.00,74.06
4312,2,2257,3011.809629394832,-104.960023463144,2019-07-15T13:11:50Z,46.18361667,12.66170000,1736.00,74.043
4313,2,2258,3012.809629394832,-103.960023463144,2019-07-15T13:11:51Z,46.18351667,12.66150000,1739.00,74.024
4314,2,2259,3013.809629394832,-102.960023463144,2019-07-15T13:11:52Z,46.18341667,12.66130000,1739.00,74.005
4315,2,2260,3014.809629394832,-101.960023463144,2019-07-15T13:11:53Z,46.18331667,12.66108333,1736.00,73.986
4316,2,2261,3015.809629394832,-100.960023463144,2019-07-15T13:11:54Z,46.18323333,12.66086667,1734.00,73.967
4317,2,2262,3016.809629394832,-99.960023463144,2019-07-15T13:11:55Z,46.18316667,12.66061667,1732.00,73.949
4318,2,2263,3017.809629394832,-98.960023463144,2019-07-15T13:11:56Z,46.18310000,12.66036667,1732.00,73.93
4319,2,2264,3018.809629394832,-97.960023463144,2019-07-15T13:11:57Z,46.18303333,12.66013333,1731.00,73.912
4320,2,2265,3019.809629394832,-96.960023463144,2019-07-15T13:11:58Z,46.18295000,12.65988333,1731.00,73.892
4321,2,2266,3020.809629394832,-95.960023463144,2019-07-15T13:11:59Z,46.18288333,12.65965000,1730.00,73.874
4322,2,2267,3021.809629394832,-94.960023463144,2019-07-15T13:12:00Z,46.18280000,12.65943333,1730.00,73.856
4323,2,2268,3022.809629394832,-93.960023463144,2019-07-15T13:12:01Z,46.18271667,12.65923333,1729.00,73.839
4324,2,2269,3023.809629394832,-92.960023463144,2019-07-15T13:12:02Z,46.18263333,12.65905000,1728.00,73.822
4325,2,2270,3024.809629394832,-91.960023463144,2019-07-15T13:12:03Z,46.18255000,12.65886667,1727.00,73.806
4326,2,2271,3025.809629394832,-90.960023463144,2019-07-15T13:12:04Z,46.18245000,12.65870000,1727.00,73.789
4327,2,2272,3026.809629394832,-89.960023463144,2019-07-15T13:12:05Z,46.18235000,12.65855000,1727.00,73.773
4328,2,2273,3027.809629394832,-88.960023463144,2019-07-15T13:12:06Z,46.18225000,12.65838333,1724.00,73.756
4329,2,2274,3028.809629394832,-87.960023463144,2019-07-15T13:12:07Z,46.18213333,12.65821667,1721.00,73.738
4330,2,2275,3029.809629394832,-86.960023463144,2019-07-15T13:12:08Z,46.18203333,12.65803333,1718.00,73.72
4331,2,2276,3030.809629394832,-85.960023463144,2019-07-15T13:12:09Z,46.18191667,12.65783333,1715.00,73.7
4332,2,2277,3031.809629394832,-84.960023463144,2019-07-15T13:12:10Z,46.18181667,12.65761667,1713.00,73.681
4333,2,2278,3032.809629394832,-83.960023463144,2019-07-15T13:12:11Z,46.18171667,12.65741667,1712.00,73.662
4334,2,2279,3033.809629394832,-82.960023463144,2019-07-15T13:12:12Z,46.18163333,12.65721667,1715.00,73.645
4335,2,2280,3034.809629394832,-81.960023463144,2019-07-15T13:12:13Z,46.18155000,12.65703333,1714.00,73.628
4336,2,2281,3035.809629394832,-80.960023463144,2019-07-15T13:12:14Z,46.18146667,12.65685000,1714.00,73.612
4337,2,2282,3036.809629394832,-79.960023463144,2019-07-15T13:12:15Z,46.18138333,12.65668333,1714.00,73.596
4338,2,2283,3037.809629394832,-78.960023463144,2019-07-15T13:12:16Z,46.18130000,12.65650000,1712.00,73.58
4339,2,2284,3038.809629394832,-77.960023463144,2019-07-15T13:12:17Z,46.18120000,12.65631667,1710.00,73.562
4340,2,2285,3039.809629394832,-76.960023463144,2019-07-15T13:12:18Z,46.18108333,12.65613333,1708.00,73.543
4341,2,2286,3040.809629394832,-75.960023463144,2019-07-15T13:12:19Z,46.18098333,12.65593333,1706.00,73.524
4342,2,2287,3041.809629394832,-74.960023463144,2019-07-15T13:12:20Z,46.18088333,12.65573333,1704.00,73.505
4343,2,2288,3042.809629394832,-73.960023463144,2019-07-15T13:12:21Z,46.18078333,12.65551667,1701.00,73.486
4344,2,2289,3043.809629394832,-72.960023463144,2019-07-15T13:12:22Z,46.18068333,12.65531667,1700.00,73.467
4345,2,2290,3044.809629394832,-71.960023463144,2019-07-15T13:12:23Z,46.18058333,12.65511667,1699.00,73.449
4346,2,2291,3045.809629394832,-70.960023463144,2019-07-15T13:12:24Z,46.18048333,12.65491667,1696.00,73.43
4347,2,2292,3046.809629394832,-69.960023463144,2019-07-15T13:12:25Z,46.18040000,12.65470000,1693.00,73.412
4348,2,2293,3047.809629394832,-68.960023463144,2019-07-15T13:12:26Z,46.18031667,12.65446667,1692.00,73.393
4349,2,2294,3048.809629394832,-67.960023463144,2019-07-15T13:12:27Z,46.18023333,12.65425000,1691.00,73.374
4350,2,2295,3049.809629394832,-66.960023463144,2019-07-15T13:12:28Z,46.18016667,12.65401667,1690.00,73.357
4351,2,2296,3050.809629394832,-65.960023463144,2019-07-15T13:12:29Z,46.18010000,12.65378333,1689.00,73.339
4352,2,2297,3051.809629394832,-64.960023463144,2019-07-15T13:12:30Z,46.18003333,12.65355000,1689.00,73.321
4353,2,2298,3052.809629394832,-63.960023463144,2019-07-15T13:12:31Z,46.17998333,12.65331667,1688.00,73.305
4354,2,2299,3053.809629394832,-62.960023463144,2019-07-15T13:12:32Z,46.17993333,12.65308333,1686.00,73.288
4355,2,2300,3054.809629394832,-61.960023463144,2019-07-15T13:12:33Z,46.17988333,12.65285000,1683.00,73.272
4356,2,2301,3055.809629394832,-60.960023463144,2019-07-15T13:12:34Z,46.17983333,12.65260000,1682.00,73.255
4357,2,2302,3056.809629394832,-59.960023463144,2019-07-15T13:12:35Z,46.17978333,12.65235000,1679.00,73.238
4358,2,2303,3057.809629394832,-58.960023463144,2019-07-15T13:12:36Z,46.17973333,12.65211667,1680.00,73.221
4359,2,2304,3058.809629394832,-57.960023463144,2019-07-15T13:12:37Z,46.17968333,12.65188333,1679.00,73.205
4360,2,2305,3059.809629394832,-56.960023463144,2019-07-15T13:12:38Z,46.17963333,12.65165000,1671.00,73.189
4361,2,2306,3060.809629394832,-55.960023463144,2019-07-15T13:12:39Z,46.17958333,12.65141667,1674.00,73.172
4362,2,2307,3061.809629394832,-54.960023463144,2019-07-15T13:12:40Z,46.17953333,12.65118333,1673.00,73.156
4363,2,2308,3062.809629394832,-53.960023463144,2019-07-15T13:12:41Z,46.17948333,12.65095000,1671.00,73.14
4364,2,2309,3063.809629394832,-52.960023463144,2019-07-15T13:12:42Z,46.17943333,12.65073333,1668.00,73.124
4365,2,2310,3064.809629394832,-51.960023463144,2019-07-15T13:12:43Z,46.17938333,12.65051667,1667.00,73.109
4366,2,2311,3065.809629394832,-50.960023463144,2019-07-15T13:12:44Z,46.17931667,12.65030000,1666.00,73.092
4367,2,2312,3066.809629394832,-49.960023463144,2019-07-15T13:12:45Z,46.17926667,12.65008333,1663.00,73.077
4368,2,2313,3067.809629394832,-48.960023463144,2019-07-15T13:12:46Z,46.17921667,12.64986667,1660.00,73.061
4369,2,2314,3068.809629394832,-47.960023463144,2019-07-15T13:12:47Z,46.17915000,12.64965000,1658.00,73.044
4370,2,2315,3069.809629394832,-46.960023463144,2019-07-15T13:12:48Z,46.17908333,12.64943333,1658.00,73.028
4371,2,2316,3070.809629394832,-45.960023463144,2019-07-15T13:12:49Z,46.17903333,12.64920000,1656.00,73.011
4372,2,2317,3071.809629394832,-44.960023463144,2019-07-15T13:12:50Z,46.17895000,12.64900000,1653.00,72.994
4373,2,2318,3072.809629394832,-43.960023463144,2019-07-15T13:12:51Z,46.17888333,12.64878333,1653.00,72.977
4374,2,2319,3073.809629394832,-42.960023463144,2019-07-15T13:12:52Z,46.17878333,12.64858333,1651.00,72.959
4375,2,2320,3074.809629394832,-41.960023463144,2019-07-15T13:12:53Z,46.17870000,12.64836667,1649.00,72.94
4376,2,2321,3075.809629394832,-40.960023463144,2019-07-15T13:12:54Z,46.17861667,12.64816667,1647.00,72.923
4377,2,2322,3076.809629394832,-39.960023463144,2019-07-15T13:12:55Z,46.17853333,12.64796667,1644.00,72.906
4378,2,2323,3077.809629394832,-38.960023463144,2019-07-15T13:12:56Z,46.17845000,12.64776667,1643.00,72.889
4379,2,2324,3078.809629394832,-37.960023463144,2019-07-15T13:12:57Z,46.17836667,12.64756667,1642.00,72.871
4380,2,2325,3079.809629394832,-36.960023463144,2019-07-15T13:12:58Z,46.17828333,12.64736667,1641.00,72.854
4381,2,2326,3080.809629394832,-35.960023463144,2019-07-15T13:12:59Z,46.17821667,12.64716667,1640.00,72.838
4382,2,2327,3081.809629394832,-34.960023463144,2019-07-15T13:13:00Z,46.17813333,12.64696667,1638.00,72.821
4383,2,2328,3082.809629394832,-33.960023463144,2019-07-15T13:13:01Z,46.17805000,12.64678333,1635.00,72.805
4384,2,2329,3083.809629394832,-32.960023463144,2019-07-15T13:13:02Z,46.17798333,12.64658333,1631.00,72.789
4385,2,2330,3084.809629394832,-31.960023463144,2019-07-15T13:13:03Z,46.17791667,12.64638333,1627.00,72.773
4386,2,2331,3085.809629394832,-30.960023463144,2019-07-15T13:13:04Z,46.17786667,12.64616667,1625.00,72.758
4387,2,2332,3086.809629394832,-29.960023463144,2019-07-15T13:13:05Z,46.17781667,12.64593333,1622.00,72.741
4388,2,2333,3087.809629394832,-28.960023463144,2019-07-15T13:13:06Z,46.17778333,12.64571667,1620.00,72.727
4389,2,2334,3088.809629394832,-27.960023463144,2019-07-15T13:13:07Z,46.17773333,12.64548333,1619.00,72.711
4390,2,2335,3089.809629394832,-26.960023463144,2019-07-15T13:13:08Z,46.17768333,12.64526667,1617.00,72.696
4391,2,2336,3090.809629394832,-25.960023463144,2019-07-15T13:13:09Z,46.17763333,12.64505000,1617.00,72.68
4392,2,2337,3091.809629394832,-24.960023463144,2019-07-15T13:13:10Z,46.17758333,12.64485000,1617.00,72.666
4393,2,2338,3092.809629394832,-23.960023463144,2019-07-15T13:13:11Z,46.17751667,12.64465000,1615.00,72.65
4394,2,2339,3093.809629394832,-22.960023463144,2019-07-15T13:13:12Z,46.17745000,12.64443333,1615.00,72.633
4395,2,2340,3094.809629394832,-21.960023463144,2019-07-15T13:13:13Z,46.17738333,12.64423333,1614.00,72.617
4396,2,2341,3095.809629394832,-20.960023463144,2019-07-15T13:13:14Z,46.17731667,12.64403333,1613.00,72.602
4397,2,2342,3096.809629394832,-19.960023463144,2019-07-15T13:13:15Z,46.17723333,12.64385000,1612.00,72.585
4398,2,2343,3097.809629394832,-18.960023463144,2019-07-15T13:13:16Z,46.17715000,12.64365000,1610.00,72.568
4399,2,2344,3098.809629394832,-17.960023463144,2019-07-15T13:13:17Z,46.17706667,12.64345000,1608.00,72.551
4400,2,2345,3099.809629394832,-16.960023463144,2019-07-15T13:13:18Z,46.17698333,12.64325000,1606.00,72.534
4401,2,2346,3100.809629394832,-15.960023463144,2019-07-15T13:13:19Z,46.17688333,12.64305000,1603.00,72.515
4402,2,2347,3101.809629394832,-14.960023463144,2019-07-15T13:13:20Z,46.17680000,12.64285000,1603.00,72.498
4403,2,2348,3102.809629394832,-13.960023463144,2019-07-15T13:13:21Z,46.17671667,12.64265000,1601.00,72.481
4404,2,2349,3103.809629394832,-12.960023463144,2019-07-15T13:13:22Z,46.17663333,12.64245000,1600.00,72.463
4405,2,2350,3104.809629394832,-11.960023463144,2019-07-15T13:13:23Z,46.17655000,12.64223333,1597.00,72.445
4406,2,2351,3105.809629394832,-10.960023463144,2019-07-15T13:13:24Z,46.17646667,12.64201667,1595.00,72.427
4407,2,2352,3106.809629394832,-9.960023463144,2019-07-15T13:13:25Z,46.17638333,12.64178333,1593.00,72.408
4408,2,2353,3107.809629394832,-8.960023463144,2019-07-15T13:13:26Z,46.17631667,12.64156667,1592.00,72.392
4409,2,2354,3108.809629394832,-7.960023463144,2019-07-15T13:13:27Z,46.17626667,12.64133333,1590.00,72.376
4410,2,2355,3109.809629394832,-6.960023463144,2019-07-15T13:13:28Z,46.17620000,12.64111667,1589.00,72.359
4411,2,2356,3110.809629394832,-5.960023463144,2019-07-15T13:13:29Z,46.17615000,12.64090000,1589.00,72.344
4412,2,2357,3111.809629394832,-4.960023463144,2019-07-15T13:13:30Z,46.17610000,12.64066667,1588.00,72.327
4413,2,2358,3112.809629394832,-3.960023463144,2019-07-15T13:13:31Z,46.17606667,12.64045000,1586.00,72.314
4414,2,2359,3113.809629394832,-2.960023463144,2019-07-15T13:13:32Z,46.17601667,12.64021667,1585.00,72.297
4415,2,2360,3114.809629394832,-1.960023463144,2019-07-15T13:13:33Z,46.17598333,12.63996667,1583.00,72.282
4416,2,2361,3115.809629394832,-0.960023463144,2019-07-15T13:13:34Z,46.17593333,12.63971667,1580.00,72.265
4417,2,2362,3116.809629394832,3.9976536856e-2,2019-07-15T13:13:35Z,46.17588333,12.63946667,1578.00,72.248
4418,2,2363,3117.809629394832,1.039976536856,2019-07-15T13:13:36Z,46.17585000,12.63923333,1577.00,72.233
4419,2,2364,3118.809629394832,2.039976536856,2019-07-15T13:13:37Z,46.17580000,12.63898333,1576.00,72.216
4420,2,2365,3119.809629394832,3.039976536856,2019-07-15T13:13:38Z,46.17575000,12.63875000,1576.00,72.2
4421,2,2366,3120.809629394832,4.039976536856,2019-07-15T13:13:39Z,46.17571667,12.63850000,1576.00,72.185
4422,2,2367,3121.809629394832,5.039976536856,2019-07-15T13:13:40Z,46.17566667,12.63826667,1576.00,72.168
4423,2,2368,3122.809629394832,6.039976536856,2019-07-15T13:13:41Z,46.17561667,12.63801667,1575.00,72.152
4424,2,2369,3123.809629394832,7.039976536856,2019-07-15T13:13:42Z,46.17555000,12.63776667,1574.00,72.133
4425,2,2370,3124.809629394832,8.039976536856,2019-07-15T13:13:43Z,46.17548333,12.63753333,1574.00,72.116
4426,2,2371,3125.809629394832,9.039976536856,2019-07-15T13:13:44Z,46.17541667,12.63730000,1573.00,72.098
4427,2,2372,3126.809629394832,10.039976536856,2019-07-15T13:13:45Z,46.17535000,12.63708333,1572.00,72.082
4428,2,2373,3127.809629394832,11.039976536856,2019-07-15T13:13:46Z,46.17528333,12.63685000,1572.00,72.064
4429,2,2374,3128.809629394832,12.039976536856,2019-07-15T13:13:47Z,46.17523333,12.63661667,1570.00,72.048
4430,2,2375,3129.809629394832,13.039976536856,2019-07-15T13:13:48Z,46.17518333,12.63636667,1569.00,72.031
4431,2,2376,3130.809629394832,14.039976536856,2019-07-15T13:13:49Z,46.17511667,12.63613333,1567.00,72.014
4432,2,2377,3131.809629394832,15.039976536856,2019-07-15T13:13:50Z,46.17506667,12.63588333,1566.00,71.997
4433,2,2378,3132.809629394832,16.039976536856,2019-07-15T13:13:51Z,46.17501667,12.63563333,1564.00,71.98
4434,2,2379,3133.809629394832,17.039976536856,2019-07-15T13:13:52Z,46.17495000,12.63540000,1563.00,71.963
4435,2,2380,3134.809629394832,18.039976536856,2019-07-15T13:13:53Z,46.17490000,12.63516667,1562.00,71.947
4436,2,2381,3135.809629394832,19.039976536856,2019-07-15T13:13:54Z,46.17485000,12.63495000,1560.00,71.932
4437,2,2382,3136.809629394832,20.039976536856,2019-07-15T13:13:55Z,46.17478333,12.63471667,1560.00,71.914
4438,2,2383,3137.809629394832,21.039976536856,2019-07-15T13:13:56Z,46.17473333,12.63448333,1557.00,71.898
4439,2,2384,3138.809629394832,22.039976536856,2019-07-15T13:13:57Z,46.17468333,12.63423333,1555.00,71.881
4440,2,2385,3139.809629394832,23.039976536856,2019-07-15T13:13:58Z,46.17463333,12.63400000,1553.00,71.865
4441,2,2386,3140.809629394832,24.039976536856,2019-07-15T13:13:59Z,46.17458333,12.63375000,1552.00,71.849
4442,2,2387,3141.809629394832,25.039976536856,2019-07-15T13:14:00Z,46.17455000,12.63351667,1550.00,71.834
4443,2,2388,3142.809629394832,26.039976536856,2019-07-15T13:14:01Z,46.17450000,12.63326667,1549.00,71.817
4444,2,2389,3143.809629394832,27.039976536856,2019-07-15T13:14:02Z,46.17446667,12.63301667,1548.00,71.802
4445,2,2390,3144.809629394832,28.039976536856,2019-07-15T13:14:03Z,46.17441667,12.63276667,1546.00,71.785
4446,2,2391,3145.809629394832,29.039976536856,2019-07-15T13:14:04Z,46.17438333,12.63255000,1544.00,71.771
4447,2,2392,3146.809629394832,30.039976536856,2019-07-15T13:14:05Z,46.17433333,12.63231667,1544.00,71.755
4448,2,2393,3147.809629394832,31.039976536856,2019-07-15T13:14:06Z,46.17428333,12.63211667,1543.00,71.741
4449,2,2394,3148.809629394832,32.039976536856,2019-07-15T13:14:07Z,46.17423333,12.63190000,1541.00,71.726
4450,2,2395,3149.809629394832,33.039976536856,2019-07-15T13:14:08Z,46.17416667,12.63170000,1541.00,71.71
4451,2,2396,3150.809629394832,34.039976536856,2019-07-15T13:14:09Z,46.17410000,12.63150000,1543.00,71.695
4452,2,2397,3151.809629394832,35.039976536856,2019-07-15T13:14:10Z,46.17403333,12.63128333,1540.00,71.678
4453,2,2398,3152.809629394832,36.039976536856,2019-07-15T13:14:11Z,46.17396667,12.63106667,1537.00,71.662
4454,2,2399,3153.809629394832,37.039976536856,2019-07-15T13:14:12Z,46.17391667,12.63083333,1535.00,71.646
4455,2,2400,3154.809629394832,38.039976536856,2019-07-15T13:14:13Z,46.17386667,12.63058333,1533.00,71.629
4456,2,2401,3155.809629394832,39.039976536856,2019-07-15T13:14:14Z,46.17383333,12.63031667,1532.00,71.613
4457,2,2402,3156.809629394832,40.039976536856,2019-07-15T13:14:15Z,46.17380000,12.63008333,1533.00,71.598
4458,2,2403,3157.809629394832,41.039976536856,2019-07-15T13:14:16Z,46.17375000,12.62985000,1533.00,71.583
4459,2,2404,3158.809629394832,42.039976536856,2019-07-15T13:14:17Z,46.17370000,12.62963333,1532.00,71.567
4460,2,2405,3159.809629394832,43.039976536856,2019-07-15T13:14:18Z,46.17365000,12.62941667,1532.00,71.552
4461,2,2406,3160.809629394832,44.039976536856,2019-07-15T13:14:19Z,46.17358333,12.62921667,1532.00,71.537
4462,2,2407,3161.809629394832,45.039976536856,2019-07-15T13:14:20Z,46.17350000,12.62900000,1531.00,71.519
4463,2,2408,3162.809629394832,46.039976536856,2019-07-15T13:14:21Z,46.17341667,12.62880000,1530.00,71.502
4464,2,2409,3163.809629394832,47.039976536856,2019-07-15T13:14:22Z,46.17331667,12.62858333,1528.00,71.483
4465,2,2410,3164.809629394832,48.039976536856,2019-07-15T13:14:23Z,46.17321667,12.62838333,1526.00,71.464
4466,2,2411,3165.809629394832,49.039976536856,2019-07-15T13:14:24Z,46.17311667,12.62816667,1527.00,71.445
4467,2,2412,3166.809629394832,50.039976536856,2019-07-15T13:14:25Z,46.17301667,12.62796667,1527.00,71.427
4468,2,2413,3167.809629394832,51.039976536856,2019-07-15T13:14:26Z,46.17293333,12.62775000,1526.00,71.409
4469,2,2414,3168.809629394832,52.039976536856,2019-07-15T13:14:27Z,46.17283333,12.62753333,1526.00,71.389
4470,2,2415,3169.809629394832,53.039976536856,2019-07-15T13:14:28Z,46.17275000,12.62730000,1527.00,71.371
4471,2,2416,3170.809629394832,54.039976536856,2019-07-15T13:14:29Z,46.17266667,12.62708333,1527.00,71.353
4472,2,2417,3171.809629394832,55.039976536856,2019-07-15T13:14:30Z,46.17258333,12.62686667,1529.00,71.335
4473,2,2418,3172.809629394832,56.039976536856,2019-07-15T13:14:31Z,46.17251667,12.62665000,1531.00,71.319
4474,2,2419,3173.809629394832,57.039976536856,2019-07-15T13:14:32Z,46.17243333,12.62643333,1533.00,71.301
4475,2,2420,3174.809629394832,58.039976536856,2019-07-15T13:14:33Z,46.17236667,12.62621667,1534.00,71.285
4476,2,2421,3175.809629394832,59.039976536856,2019-07-15T13:14:34Z,46.17230000,12.62600000,1537.00,71.268
4477,2,2422,3176.809629394832,60.039976536856,2019-07-15T13:14:35Z,46.17223333,12.62578333,1538.00,71.252
4478,2,2423,3177.809629394832,61.039976536856,2019-07-15T13:14:36Z,46.17218333,12.62558333,1538.00,71.238
4479,2,2424,3178.809629394832,62.039976536856,2019-07-15T13:14:37Z,46.17211667,12.62536667,1538.00,71.221
4480,2,2425,3179.809629394832,63.039976536856,2019-07-15T13:14:38Z,46.17205000,12.62516667,1540.00,71.206
4481,2,2426,3180.809629394832,64.039976536856,2019-07-15T13:14:39Z,46.17198333,12.62496667,1541.00,71.19
4482,2,2427,3181.809629394832,65.039976536856,2019-07-15T13:14:40Z,46.17193333,12.62475000,1540.00,71.175
4483,2,2428,3182.809629394832,66.039976536856,2019-07-15T13:14:41Z,46.17186667,12.62453333,1539.00,71.159
4484,2,2429,3183.809629394832,67.039976536856,2019-07-15T13:14:42Z,46.17180000,12.62431667,1539.00,71.142
4485,2,2430,3184.809629394832,68.039976536856,2019-07-15T13:14:43Z,46.17171667,12.62408333,1538.00,71.124
4486,2,2431,3185.809629394832,69.039976536856,2019-07-15T13:14:44Z,46.17165000,12.62386667,1538.00,71.107
4487,2,2432,3186.809629394832,70.039976536856,2019-07-15T13:14:45Z,46.17156667,12.62365000,1538.00,71.09
4488,2,2433,3187.809629394832,71.039976536856,2019-07-15T13:14:46Z,46.17150000,12.62341667,1536.00,71.072
4489,2,2434,3188.809629394832,72.039976536856,2019-07-15T13:14:47Z,46.17141667,12.62318333,1531.00,71.054
4490,2,2435,3189.809629394832,73.039976536856,2019-07-15T13:14:48Z,46.17135000,12.62295000,1531.00,71.037
4491,2,2436,3190.809629394832,74.039976536856,2019-07-15T13:14:49Z,46.17126667,12.62271667,1530.00,71.018
4492,2,2437,3191.809629394832,75.039976536856,2019-07-15T13:14:50Z,46.17120000,12.62248333,1529.00,71.001
4493,2,2438,3192.809629394832,76.039976536856,2019-07-15T13:14:51Z,46.17113333,12.62226667,1526.00,70.985
4494,2,2439,3193.809629394832,77.039976536856,2019-07-15T13:14:52Z,46.17105000,12.62205000,1524.00,70.967
4495,2,2440,3194.809629394832,78.039976536856,2019-07-15T13:14:53Z,46.17098333,12.62183333,1522.00,70.951
4496,2,2441,3195.809629394832,79.039976536856,2019-07-15T13:14:54Z,46.17090000,12.62163333,1521.00,70.934
4497,2,2442,3196.809629394832,80.039976536856,2019-07-15T13:14:55Z,46.17081667,12.62141667,1518.00,70.916
4498,2,2443,3197.809629394832,81.039976536856,2019-07-15T13:14:56Z,46.17073333,12.62120000,1517.00,70.898
4499,2,2444,3198.809629394832,82.039976536856,2019-07-15T13:14:57Z,46.17063333,12.62100000,1515.00,70.88
4500,2,2445,3199.809629394832,83.039976536856,2019-07-15T13:14:58Z,46.17053333,12.62080000,1512.00,70.861
4501,2,2446,3200.809629394832,84.039976536856,2019-07-15T13:14:59Z,46.17043333,12.62058333,1511.00,70.842
4502,2,2447,3201.809629394832,85.039976536856,2019-07-15T13:15:00Z,46.17031667,12.62038333,1508.00,70.823
4503,2,2448,3202.809629394832,86.039976536856,2019-07-15T13:15:01Z,46.17021667,12.62020000,1508.00,70.805
4504,2,2449,3203.809629394832,87.039976536856,2019-07-15T13:15:02Z,46.17013333,12.62001667,1507.00,70.789
4505,2,2450,3204.809629394832,88.039976536856,2019-07-15T13:15:03Z,46.17003333,12.61985000,1506.00,70.772
4506,2,2451,3205.809629394832,89.039976536856,2019-07-15T13:15:04Z,46.16991667,12.61970000,1506.00,70.755
4507,2,2452,3206.809629394832,90.039976536856,2019-07-15T13:15:05Z,46.16980000,12.61956667,1503.00,70.738
4508,2,2453,3207.809629394832,91.039976536856,2019-07-15T13:15:06Z,46.16968333,12.61945000,1502.00,70.723
4509,2,2454,3208.809629394832,92.039976536856,2019-07-15T13:15:07Z,46.16955000,12.61935000,1499.00,70.706
4510,2,2455,3209.809629394832,93.039976536856,2019-07-15T13:15:08Z,46.16941667,12.61926667,1497.00,70.691
4511,2,2456,3210.809629394832,94.039976536856,2019-07-15T13:15:09Z,46.16926667,12.61921667,1495.00,70.675
4512,2,2457,3211.809629394832,95.039976536856,2019-07-15T13:15:10Z,46.16913333,12.61915000,1493.00,70.661
4513,2,2458,3212.809629394832,96.039976536856,2019-07-15T13:15:11Z,46.16900000,12.61911667,1491.00,70.647
4514,2,2459,3213.809629394832,97.039976536856,2019-07-15T13:15:12Z,46.16886667,12.61905000,1489.00,70.633
4515,2,2460,3214.809629394832,98.039976536856,2019-07-15T13:15:13Z,46.16873333,12.61898333,1488.00,70.618
4516,2,2461,3215.809629394832,99.039976536856,2019-07-15T13:15:14Z,46.16858333,12.61891667,1486.00,70.602
4517,2,2462,3216.809629394832,100.039976536856,2019-07-15T13:15:15Z,46.16845000,12.61883333,1484.00,70.586
4518,2,2463,3217.809629394832,101.039976536856,2019-07-15T13:15:16Z,46.16831667,12.61876667,1483.00,70.572
4519,2,2464,3218.809629394832,102.039976536856,2019-07-15T13:15:17Z,46.16818333,12.61868333,1483.00,70.556
4520,2,2465,3219.809629394832,103.039976536856,2019-07-15T13:15:18Z,46.16806667,12.61863333,1482.00,70.544
4521,2,2466,3220.809629394832,104.039976536856,2019-07-15T13:15:19Z,46.16793333,12.61858333,1481.00,70.53
4522,2,2467,3221.809629394832,105.039976536856,2019-07-15T13:15:20Z,46.16781667,12.61851667,1479.00,70.516
4523,2,2468,3222.809629394832,106.039976536856,2019-07-15T13:15:21Z,46.16768333,12.61846667,1476.00,70.503
4524,2,2469,3223.809629394832,107.039976536856,2019-07-15T13:15:22Z,46.16753333,12.61840000,1473.00,70.486
4525,2,2470,3224.809629394832,108.039976536856,2019-07-15T13:15:23Z,46.16740000,12.61833333,1469.00,70.472
4526,2,2471,3225.809629394832,109.039976536856,2019-07-15T13:15:24Z,46.16725000,12.61826667,1465.00,70.456
4527,2,2472,3226.809629394832,110.039976536856,2019-07-15T13:15:25Z,46.16711667,12.61818333,1463.00,70.44
4528,2,2473,3227.809629394832,111.039976536856,2019-07-15T13:15:26Z,46.16698333,12.61808333,1462.00,70.424
4529,2,2474,3228.809629394832,112.039976536856,2019-07-15T13:15:27Z,46.16686667,12.61798333,1461.00,70.409
4530,2,2475,3229.809629394832,113.039976536856,2019-07-15T13:15:28Z,46.16675000,12.61790000,1459.00,70.395
4531,2,2476,3230.809629394832,114.039976536856,2019-07-15T13:15:29Z,46.16661667,12.61780000,1457.00,70.378
4532,2,2477,3231.809629394832,115.039976536856,2019-07-15T13:15:30Z,46.16650000,12.61771667,1455.00,70.364
4533,2,2478,3232.809629394832,116.039976536856,2019-07-15T13:15:31Z,46.16636667,12.61763333,1453.00,70.349
4534,2,2479,3233.809629394832,117.039976536856,2019-07-15T13:15:32Z,46.16621667,12.61755000,1450.00,70.332
4535,2,2480,3234.809629394832,118.039976536856,2019-07-15T13:15:33Z,46.16610000,12.61748333,1448.00,70.319
4536,2,2481,3235.809629394832,119.039976536856,2019-07-15T13:15:34Z,46.16596667,12.61740000,1446.00,70.303
4537,2,2482,3236.809629394832,120.039976536856,2019-07-15T13:15:35Z,46.16585000,12.61735000,1445.00,70.291
4538,2,2483,3237.809629394832,121.039976536856,2019-07-15T13:15:36Z,46.16573333,12.61728333,1445.00,70.277
4539,2,2484,3238.809629394832,122.039976536856,2019-07-15T13:15:37Z,46.16563333,12.61721667,1443.00,70.266
4540,2,2485,3239.809629394832,123.039976536856,2019-07-15T13:15:38Z,46.16551667,12.61713333,1440.00,70.252
4541,2,2486,3240.809629394832,124.039976536856,2019-07-15T13:15:39Z,46.16540000,12.61703333,1436.00,70.237
4542,2,2487,3241.809629394832,125.039976536856,2019-07-15T13:15:40Z,46.16528333,12.61693333,1433.00,70.222
4543,2,2488,3242.809629394832,126.039976536856,2019-07-15T13:15:41Z,46.16516667,12.61685000,1430.00,70.208
4544,2,2489,3243.809629394832,127.039976536856,2019-07-15T13:15:42Z,46.16505000,12.61676667,1428.00,70.194
4545,2,2490,3244.809629394832,128.039976536856,2019-07-15T13:15:43Z,46.16493333,12.61668333,1426.00,70.18
4546,2,2491,3245.809629394832,129.039976536856,2019-07-15T13:15:44Z,46.16481667,12.61661667,1423.00,70.166
4547,2,2492,3246.809629394832,130.039976536856,2019-07-15T13:15:45Z,46.16470000,12.61656667,1420.00,70.154
4548,2,2493,3247.809629394832,131.039976536856,2019-07-15T13:15:46Z,46.16456667,12.61650000,1416.00,70.139
4549,2,2494,3248.809629394832,132.039976536856,2019-07-15T13:15:47Z,46.16443333,12.61645000,1412.00,70.125
4550,2,2495,3249.809629394832,133.039976536856,2019-07-15T13:15:48Z,46.16430000,12.61640000,1410.00,70.111
4551,2,2496,3250.809629394832,134.039976536856,2019-07-15T13:15:49Z,46.16418333,12.61635000,1406.00,70.099
4552,2,2497,3251.809629394832,135.039976536856,2019-07-15T13:15:50Z,46.16405000,12.61630000,1404.00,70.085
4553,2,2498,3252.809629394832,136.039976536856,2019-07-15T13:15:51Z,46.16393333,12.61623333,1401.00,70.072
4554,2,2499,3253.809629394832,137.039976536856,2019-07-15T13:15:52Z,46.16380000,12.61616667,1398.00,70.057
4555,2,2500,3254.809629394832,138.039976536856,2019-07-15T13:15:53Z,46.16368333,12.61608333,1393.00,70.043
4556,2,2501,3255.809629394832,139.039976536856,2019-07-15T13:15:54Z,46.16355000,12.61600000,1389.00,70.028
4557,2,2502,3256.809629394832,140.039976536856,2019-07-15T13:15:55Z,46.16341667,12.61590000,1386.00,70.011
4558,2,2503,3257.809629394832,141.039976536856,2019-07-15T13:15:56Z,46.16328333,12.61580000,1382.00,69.995
4559,2,2504,3258.809629394832,142.039976536856,2019-07-15T13:15:57Z,46.16316667,12.61570000,1379.00,69.98
4560,2,2505,3259.809629394832,143.039976536856,2019-07-15T13:15:58Z,46.16305000,12.61561667,1376.00,69.966
4561,2,2506,3260.809629394832,144.039976536856,2019-07-15T13:15:59Z,46.16293333,12.61553333,1374.00,69.952
4562,2,2507,3261.809629394832,145.039976536856,2019-07-15T13:16:00Z,46.16281667,12.61546667,1372.00,69.939
4563,2,2508,3262.809629394832,146.039976536856,2019-07-15T13:16:01Z,46.16270000,12.61538333,1370.00,69.925
4564,2,2509,3263.809629394832,147.039976536856,2019-07-15T13:16:02Z,46.16258333,12.61530000,1367.00,69.911
4565,2,2510,3264.809629394832,148.039976536856,2019-07-15T13:16:03Z,46.16248333,12.61521667,1364.00,69.898
4566,2,2511,3265.809629394832,149.039976536856,2019-07-15T13:16:04Z,46.16236667,12.61515000,1361.00,69.885
4567,2,2512,3266.809629394832,150.039976536856,2019-07-15T13:16:05Z,46.16225000,12.61506667,1358.00,69.871
4568,2,2513,3267.809629394832,151.039976536856,2019-07-15T13:16:06Z,46.16211667,12.61500000,1354.00,69.856
4569,2,2514,3268.809629394832,152.039976536856,2019-07-15T13:16:07Z,46.16200000,12.61491667,1351.00,69.842
4570,2,2515,3269.809629394832,153.039976536856,2019-07-15T13:16:08Z,46.16186667,12.61483333,1348.00,69.827
4571,2,2516,3270.809629394832,154.039976536856,2019-07-15T13:16:09Z,46.16175000,12.61473333,1347.00,69.812
4572,2,2517,3271.809629394832,155.039976536856,2019-07-15T13:16:10Z,46.16163333,12.61465000,1344.00,69.798
4573,2,2518,3272.809629394832,156.039976536856,2019-07-15T13:16:11Z,46.16151667,12.61456667,1342.00,69.784
4574,2,2519,3273.809629394832,157.039976536856,2019-07-15T13:16:12Z,46.16138333,12.61446667,1340.00,69.768
4575,2,2520,3274.809629394832,158.039976536856,2019-07-15T13:16:13Z,46.16126667,12.61438333,1339.00,69.754
4576,2,2521,3275.809629394832,159.039976536856,2019-07-15T13:16:14Z,46.16113333,12.61431667,1337.00,69.739
4577,2,2522,3276.809629394832,160.039976536856,2019-07-15T13:16:15Z,46.16100000,12.61425000,1336.00,69.724
4578,2,2523,3277.809629394832,161.039976536856,2019-07-15T13:16:16Z,46.16088333,12.61420000,1335.00,69.712
4579,2,2524,3278.809629394832,162.039976536856,2019-07-15T13:16:17Z,46.16075000,12.61415000,1333.00,69.698
4580,2,2525,3279.809629394832,163.039976536856,2019-07-15T13:16:18Z,46.16063333,12.61411667,1332.00,69.687
4581,2,2526,3280.809629394832,164.039976536856,2019-07-15T13:16:19Z,46.16050000,12.61410000,1330.00,69.674
4582,2,2527,3281.809629394832,165.039976536856,2019-07-15T13:16:20Z,46.16036667,12.61408333,1328.00,69.662
4583,2,2528,3282.809629394832,166.039976536856,2019-07-15T13:16:21Z,46.16021667,12.61408333,1326.00,69.65
4584,2,2529,3283.809629394832,167.039976536856,2019-07-15T13:16:22Z,46.16006667,12.61405000,1323.00,69.635
4585,2,2530,3284.809629394832,168.039976536856,2019-07-15T13:16:23Z,46.15993333,12.61401667,1320.00,69.622
4586,2,2531,3285.809629394832,169.039976536856,2019-07-15T13:16:24Z,46.15980000,12.61396667,1319.00,69.609
4587,2,2532,3286.809629394832,170.039976536856,2019-07-15T13:16:25Z,46.15966667,12.61390000,1317.00,69.594
4588,2,2533,3287.809629394832,171.039976536856,2019-07-15T13:16:26Z,46.15953333,12.61383333,1315.00,69.579
4589,2,2534,3288.809629394832,172.039976536856,2019-07-15T13:16:27Z,46.15941667,12.61375000,1313.00,69.565
4590,2,2535,3289.809629394832,173.039976536856,2019-07-15T13:16:28Z,46.15928333,12.61366667,1310.00,69.55
4591,2,2536,3290.809629394832,174.039976536856,2019-07-15T13:16:29Z,46.15916667,12.61358333,1308.00,69.536
4592,2,2537,3291.809629394832,175.039976536856,2019-07-15T13:16:30Z,46.15905000,12.61350000,1305.00,69.522
4593,2,2538,3292.809629394832,176.039976536856,2019-07-15T13:16:31Z,46.15891667,12.61341667,1304.00,69.507
4594,2,2539,3293.809629394832,177.039976536856,2019-07-15T13:16:32Z,46.15880000,12.61335000,1301.00,69.493
4595,2,2540,3294.809629394832,178.039976536856,2019-07-15T13:16:33Z,46.15868333,12.61330000,1299.00,69.481
4596,2,2541,3295.809629394832,179.039976536856,2019-07-15T13:16:34Z,46.15855000,12.61328333,1297.00,69.469
4597,2,2542,3296.809629394832,180.039976536856,2019-07-15T13:16:35Z,46.15843333,12.61326667,1296.00,69.458
4598,2,2543,3297.809629394832,181.039976536856,2019-07-15T13:16:36Z,46.15830000,12.61325000,1293.00,69.446
4599,2,2544,3298.809629394832,182.039976536856,2019-07-15T13:16:37Z,46.15816667,12.61323333,1291.00,69.434
4600,2,2545,3299.809629394832,183.039976536856,2019-07-15T13:16:38Z,46.15805000,12.61321667,1290.00,69.424
4601,2,2546,3300.809629394832,184.039976536856,2019-07-15T13:16:39Z,46.15793333,12.61316667,1291.00,69.411
4602,2,2547,3301.809629394832,185.039976536856,2019-07-15T13:16:40Z,46.15781667,12.61313333,1290.00,69.4
4603,2,2548,3302.809629394832,186.039976536856,2019-07-15T13:16:41Z,46.15770000,12.61308333,1290.00,69.388
4604,2,2549,3303.809629394832,187.039976536856,2019-07-15T13:16:42Z,46.15758333,12.61303333,1289.00,69.375
4605,2,2550,3304.809629394832,188.039976536856,2019-07-15T13:16:43Z,46.15746667,12.61298333,1287.00,69.363
4606,2,2551,3305.809629394832,189.039976536856,2019-07-15T13:16:44Z,46.15736667,12.61295000,1287.00,69.353
4607,2,2552,3306.809629394832,190.039976536856,2019-07-15T13:16:45Z,46.15725000,12.61291667,1286.00,69.341
4608,2,2553,3307.809629394832,191.039976536856,2019-07-15T13:16:46Z,46.15715000,12.61288333,1284.00,69.331
4609,2,2554,3308.809629394832,192.039976536856,2019-07-15T13:16:47Z,46.15703333,12.61285000,1285.00,69.32
4610,2,2555,3309.809629394832,193.039976536856,2019-07-15T13:16:48Z,46.15691667,12.61281667,1284.00,69.308
4611,2,2556,3310.809629394832,194.039976536856,2019-07-15T13:16:49Z,46.15680000,12.61280000,1282.00,69.298
4612,2,2557,3311.809629394832,195.039976536856,2019-07-15T13:16:50Z,46.15668333,12.61276667,1278.00,69.286
4613,2,2558,3312.809629394832,196.039976536856,2019-07-15T13:16:51Z,46.15655000,12.61273333,1274.00,69.274
4614,2,2559,3313.809629394832,197.039976536856,2019-07-15T13:16:52Z,46.15643333,12.61270000,1271.00,69.262
4615,2,2560,3314.809629394832,198.039976536856,2019-07-15T13:16:53Z,46.15631667,12.61265000,1269.00,69.25
4616,2,2561,3315.809629394832,199.039976536856,2019-07-15T13:16:54Z,46.15620000,12.61258333,1268.00,69.237
4617,2,2562,3316.809629394832,200.039976536856,2019-07-15T13:16:55Z,46.15608333,12.61250000,1265.00,69.223
4618,2,2563,3317.809629394832,201.039976536856,2019-07-15T13:16:56Z,46.15598333,12.61241667,1264.00,69.21
4619,2,2564,3318.809629394832,202.039976536856,2019-07-15T13:16:57Z,46.15586667,12.61233333,1262.00,69.196
4620,2,2565,3319.809629394832,203.039976536856,2019-07-15T13:16:58Z,46.15576667,12.61225000,1261.00,69.184
4621,2,2566,3320.809629394832,204.039976536856,2019-07-15T13:16:59Z,46.15565000,12.61216667,1261.00,69.17
4622,2,2567,3321.809629394832,205.039976536856,2019-07-15T13:17:00Z,46.15555000,12.61210000,1260.00,69.158
4623,2,2568,3322.809629394832,206.039976536856,2019-07-15T13:17:01Z,46.15545000,12.61201667,1259.00,69.145
4624,2,2569,3323.809629394832,207.039976536856,2019-07-15T13:17:02Z,46.15533333,12.61193333,1257.00,69.131
4625,2,2570,3324.809629394832,208.039976536856,2019-07-15T13:17:03Z,46.15523333,12.61185000,1257.00,69.119
4626,2,2571,3325.809629394832,209.039976536856,2019-07-15T13:17:04Z,46.15513333,12.61176667,1256.00,69.106
4627,2,2572,3326.809629394832,210.039976536856,2019-07-15T13:17:05Z,46.15501667,12.61168333,1257.00,69.092
4628,2,2573,3327.809629394832,211.039976536856,2019-07-15T13:17:06Z,46.15490000,12.61160000,1256.00,69.078
4629,2,2574,3328.809629394832,212.039976536856,2019-07-15T13:17:07Z,46.15478333,12.61151667,1255.00,69.064
4630,2,2575,3329.809629394832,213.039976536856,2019-07-15T13:17:08Z,46.15466667,12.61146667,1255.00,69.052
4631,2,2576,3330.809629394832,214.039976536856,2019-07-15T13:17:09Z,46.15453333,12.61141667,1254.00,69.038
4632,2,2577,3331.809629394832,215.039976536856,2019-07-15T13:17:10Z,46.15440000,12.61136667,1253.00,69.025
4633,2,2578,3332.809629394832,216.039976536856,2019-07-15T13:17:11Z,46.15426667,12.61131667,1252.00,69.011
4634,2,2579,3333.809629394832,217.039976536856,2019-07-15T13:17:12Z,46.15413333,12.61128333,1250.00,68.998
4635,2,2580,3334.809629394832,218.039976536856,2019-07-15T13:17:13Z,46.15400000,12.61121667,1248.00,68.984
4636,2,2581,3335.809629394832,219.039976536856,2019-07-15T13:17:14Z,46.15388333,12.61115000,1247.00,68.971
4637,2,2582,3336.809629394832,220.039976536856,2019-07-15T13:17:15Z,46.15376667,12.61108333,1247.00,68.958
4638,2,2583,3337.809629394832,221.039976536856,2019-07-15T13:17:16Z,46.15365000,12.61100000,1245.00,68.944
4639,2,2584,3338.809629394832,222.039976536856,2019-07-15T13:17:17Z,46.15351667,12.61091667,1244.00,68.928
4640,2,2585,3339.809629394832,223.039976536856,2019-07-15T13:17:18Z,46.15340000,12.61083333,1242.00,68.914
4641,2,2586,3340.809629394832,224.039976536856,2019-07-15T13:17:19Z,46.15330000,12.61071667,1240.00,68.9
4642,2,2587,3341.809629394832,225.039976536856,2019-07-15T13:17:20Z,46.15318333,12.61061667,1238.00,68.885
4643,2,2588,3342.809629394832,226.039976536856,2019-07-15T13:17:21Z,46.15308333,12.61050000,1236.00,68.871
4644,2,2589,3343.809629394832,227.039976536856,2019-07-15T13:17:22Z,46.15296667,12.61038333,1235.00,68.855
4645,2,2590,3344.809629394832,228.039976536856,2019-07-15T13:17:23Z,46.15286667,12.61028333,1234.00,68.842
4646,2,2591,3345.809629394832,229.039976536856,2019-07-15T13:17:24Z,46.15275000,12.61018333,1233.00,68.827
4647,2,2592,3346.809629394832,230.039976536856,2019-07-15T13:17:25Z,46.15263333,12.61008333,1232.00,68.812
4648,2,2593,3347.809629394832,231.039976536856,2019-07-15T13:17:26Z,46.15251667,12.61000000,1232.00,68.798
4649,2,2594,3348.809629394832,232.039976536856,2019-07-15T13:17:27Z,46.15241667,12.60991667,1232.00,68.786
4650,2,2595,3349.809629394832,233.039976536856,2019-07-15T13:17:28Z,46.15231667,12.60985000,1232.00,68.774
4651,2,2596,3350.809629394832,234.039976536856,2019-07-15T13:17:29Z,46.15221667,12.60978333,1232.00,68.762
4652,2,2597,3351.809629394832,235.039976536856,2019-07-15T13:17:30Z,46.15210000,12.60973333,1232.00,68.75
4653,2,2598,3352.809629394832,236.039976536856,2019-07-15T13:17:31Z,46.15198333,12.60970000,1231.00,68.739
4654,2,2599,3353.809629394832,237.039976536856,2019-07-15T13:17:32Z,46.15186667,12.60968333,1230.00,68.728
4655,2,2600,3354.809629394832,238.039976536856,2019-07-15T13:17:33Z,46.15175000,12.60965000,1228.00,68.717
4656,2,2601,3355.809629394832,239.039976536856,2019-07-15T13:17:34Z,46.15165000,12.60961667,1228.00,68.707
4657,2,2602,3356.809629394832,240.039976536856,2019-07-15T13:17:35Z,46.15155000,12.60956667,1228.00,68.696
4658,2,2603,3357.809629394832,241.039976536856,2019-07-15T13:17:36Z,46.15145000,12.60950000,1228.00,68.684
4659,2,2604,3358.809629394832,242.039976536856,2019-07-15T13:17:37Z,46.15133333,12.60940000,1228.00,68.67
4660,2,2605,3359.809629394832,243.039976536856,2019-07-15T13:17:38Z,46.15123333,12.60930000,1228.00,68.656
4661,2,2606,3360.809629394832,244.039976536856,2019-07-15T13:17:39Z,46.15111667,12.60918333,1229.00,68.641
4662,2,2607,3361.809629394832,245.039976536856,2019-07-15T13:17:40Z,46.15100000,12.60906667,1230.00,68.625
4663,2,2608,3362.809629394832,246.039976536856,2019-07-15T13:17:41Z,46.15088333,12.60895000,1232.00,68.609
4664,2,2609,3363.809629394832,247.039976536856,2019-07-15T13:17:42Z,46.15078333,12.60885000,1235.00,68.596
4665,2,2610,3364.809629394832,248.039976536856,2019-07-15T13:17:43Z,46.15070000,12.60875000,1237.00,68.584
4666,2,2611,3365.809629394832,249.039976536856,2019-07-15T13:17:44Z,46.15065000,12.60863333,1241.00,68.574
4667,2,2612,3366.809629394832,250.039976536856,2019-07-15T13:17:45Z,46.15060000,12.60853333,1243.00,68.564
4668,2,2613,3367.809629394832,251.039976536856,2019-07-15T13:17:46Z,46.15055000,12.60843333,1243.00,68.555
4669,2,2614,3368.809629394832,252.039976536856,2019-07-15T13:17:47Z,46.15050000,12.60831667,1243.00,68.545
4670,2,2615,3369.809629394832,253.039976536856,2019-07-15T13:17:48Z,46.15043333,12.60820000,1241.00,68.533
4671,2,2616,3370.809629394832,254.039976536856,2019-07-15T13:17:49Z,46.15036667,12.60806667,1239.00,68.521
4672,2,2617,3371.809629394832,255.039976536856,2019-07-15T13:17:50Z,46.15028333,12.60795000,1236.00,68.508
4673,2,2618,3372.809629394832,256.039976536856,2019-07-15T13:17:51Z,46.15018333,12.60783333,1234.00,68.494
4674,2,2619,3373.809629394832,257.039976536856,2019-07-15T13:17:52Z,46.15010000,12.60773333,1234.00,68.482
4675,2,2620,3374.809629394832,258.039976536856,2019-07-15T13:17:53Z,46.15000000,12.60765000,1232.00,68.469
4676,2,2621,3375.809629394832,259.039976536856,2019-07-15T13:17:54Z,46.14991667,12.60756667,1231.00,68.458
4677,2,2622,3376.809629394832,260.039976536856,2019-07-15T13:17:55Z,46.14981667,12.60748333,1230.00,68.446
4678,2,2623,3377.809629394832,261.039976536856,2019-07-15T13:17:56Z,46.14971667,12.60740000,1228.00,68.433
4679,2,2624,3378.809629394832,262.039976536856,2019-07-15T13:17:57Z,46.14961667,12.60731667,1225.00,68.42
4680,2,2625,3379.809629394832,263.039976536856,2019-07-15T13:17:58Z,46.14951667,12.60725000,1222.00,68.409
4681,2,2626,3380.809629394832,264.039976536856,2019-07-15T13:17:59Z,46.14941667,12.60718333,1218.00,68.397
4682,2,2627,3381.809629394832,265.039976536856,2019-07-15T13:18:00Z,46.14931667,12.60713333,1219.00,68.386
4683,2,2628,3382.809629394832,266.039976536856,2019-07-15T13:18:01Z,46.14921667,12.60710000,1219.00,68.376
4684,2,2629,3383.809629394832,267.039976536856,2019-07-15T13:18:02Z,46.14913333,12.60706667,1220.00,68.368
4685,2,2630,3384.809629394832,268.039976536856,2019-07-15T13:18:03Z,46.14903333,12.60705000,1219.00,68.359
4686,2,2631,3385.809629394832,269.039976536856,2019-07-15T13:18:04Z,46.14891667,12.60705000,1216.00,68.349
4687,2,2632,3386.809629394832,270.039976536856,2019-07-15T13:18:05Z,46.14881667,12.60706667,1212.00,68.342
4688,2,2633,3387.809629394832,271.039976536856,2019-07-15T13:18:06Z,46.14870000,12.60708333,1210.00,68.333
4689,2,2634,3388.809629394832,272.039976536856,2019-07-15T13:18:07Z,46.14858333,12.60708333,1207.00,68.323
4690,2,2635,3389.809629394832,273.039976536856,2019-07-15T13:18:08Z,46.14846667,12.60710000,1206.00,68.315
4691,2,2636,3390.809629394832,274.039976536856,2019-07-15T13:18:09Z,46.14836667,12.60710000,1205.00,68.306
4692,2,2637,3391.809629394832,275.039976536856,2019-07-15T13:18:10Z,46.14826667,12.60711667,1205.00,68.299
4693,2,2638,3392.809629394832,276.039976536856,2019-07-15T13:18:11Z,46.14816667,12.60713333,1205.00,68.292
4694,2,2639,3393.809629394832,277.039976536856,2019-07-15T13:18:12Z,46.14808333,12.60713333,1204.00,68.285
4695,2,2640,3394.809629394832,278.039976536856,2019-07-15T13:18:13Z,46.14798333,12.60715000,1203.00,68.278
4696,2,2641,3395.809629394832,279.039976536856,2019-07-15T13:18:14Z,46.14788333,12.60716667,1202.00,68.27
4697,2,2642,3396.809629394832,280.039976536856,2019-07-15T13:18:15Z,46.14778333,12.60720000,1201.00,68.264
4698,2,2643,3397.809629394832,281.039976536856,2019-07-15T13:18:16Z,46.14768333,12.60721667,1200.00,68.257
4699,2,2644,3398.809629394832,282.039976536856,2019-07-15T13:18:17Z,46.14756667,12.60723333,1199.00,68.248
4700,2,2645,3399.809629394832,283.039976536856,2019-07-15T13:18:18Z,46.14745000,12.60726667,1197.00,68.24
4701,2,2646,3400.809629394832,284.039976536856,2019-07-15T13:18:19Z,46.14733333,12.60730000,1197.00,68.232
4702,2,2647,3401.809629394832,285.039976536856,2019-07-15T13:18:20Z,46.14723333,12.60736667,1196.00,68.228
4703,2,2648,3402.809629394832,286.039976536856,2019-07-15T13:18:21Z,46.14715000,12.60746667,1196.00,68.226
4704,2,2649,3403.809629394832,287.039976536856,2019-07-15T13:18:22Z,46.14706667,12.60758333,1196.00,68.226
4705,2,2650,3404.809629394832,288.039976536856,2019-07-15T13:18:23Z,46.14698333,12.60771667,1195.00,68.226
4706,2,2651,3405.809629394832,289.039976536856,2019-07-15T13:18:24Z,46.14691667,12.60788333,1195.00,68.229
4707,2,2652,3406.809629394832,290.039976536856,2019-07-15T13:18:25Z,46.14686667,12.60806667,1194.00,68.235
4708,2,2653,3407.809629394832,291.039976536856,2019-07-15T13:18:26Z,46.14680000,12.60825000,1193.00,68.239
4709,2,2654,3408.809629394832,292.039976536856,2019-07-15T13:18:27Z,46.14675000,12.60841667,1193.00,68.244
4710,2,2655,3409.809629394832,293.039976536856,2019-07-15T13:18:28Z,46.14668333,12.60856667,1193.00,68.247
4711,2,2656,3410.809629394832,294.039976536856,2019-07-15T13:18:29Z,46.14660000,12.60868333,1193.00,68.246
4712,2,2657,3411.809629394832,295.039976536856,2019-07-15T13:18:30Z,46.14651667,12.60876667,1192.00,68.244
4713,2,2658,3412.809629394832,296.039976536856,2019-07-15T13:18:31Z,46.14643333,12.60880000,1192.00,68.239
4714,2,2659,3413.809629394832,297.039976536856,2019-07-15T13:18:32Z,46.14633333,12.60881667,1191.00,68.232
4715,2,2660,3414.809629394832,298.039976536856,2019-07-15T13:18:33Z,46.14623333,12.60880000,1189.00,68.223
4716,2,2661,3415.809629394832,299.039976536856,2019-07-15T13:18:34Z,46.14613333,12.60875000,1188.00,68.212
4717,2,2662,3416.809629394832,300.039976536856,2019-07-15T13:18:35Z,46.14605000,12.60866667,1186.00,68.201
4718,2,2663,3417.809629394832,301.039976536856,2019-07-15T13:18:36Z,46.14595000,12.60858333,1184.00,68.188
4719,2,2664,3418.809629394832,302.039976536856,2019-07-15T13:18:37Z,46.14588333,12.60848333,1182.00,68.178
4720,2,2665,3419.809629394832,303.039976536856,2019-07-15T13:18:38Z,46.14581667,12.60838333,1181.00,68.167
4721,2,2666,3420.809629394832,304.039976536856,2019-07-15T13:18:39Z,46.14575000,12.60830000,1180.00,68.157
4722,2,2667,3421.809629394832,305.039976536856,2019-07-15T13:18:40Z,46.14568333,12.60820000,1177.00,68.146
4723,2,2668,3422.809629394832,306.039976536856,2019-07-15T13:18:41Z,46.14560000,12.60808333,1176.00,68.134
4724,2,2669,3423.809629394832,307.039976536856,2019-07-15T13:18:42Z,46.14551667,12.60798333,1174.00,68.122
4725,2,2670,3424.809629394832,308.039976536856,2019-07-15T13:18:43Z,46.14543333,12.60788333,1172.00,68.11
4726,2,2671,3425.809629394832,309.039976536856,2019-07-15T13:18:44Z,46.14535000,12.60778333,1170.00,68.097
4727,2,2672,3426.809629394832,310.039976536856,2019-07-15T13:18:45Z,46.14528333,12.60765000,1169.00,68.085
4728,2,2673,3427.809629394832,311.039976536856,2019-07-15T13:18:46Z,46.14523333,12.60751667,1168.00,68.074
4729,2,2674,3428.809629394832,312.039976536856,2019-07-15T13:18:47Z,46.14518333,12.60736667,1167.00,68.062
4730,2,2675,3429.809629394832,313.039976536856,2019-07-15T13:18:48Z,46.14516667,12.60720000,1165.00,68.052
4731,2,2676,3430.809629394832,314.039976536856,2019-07-15T13:18:49Z,46.14515000,12.60701667,1163.00,68.041
4732,2,2677,3431.809629394832,315.039976536856,2019-07-15T13:18:50Z,46.14513333,12.60683333,1162.00,68.03
4733,2,2678,3432.809629394832,316.039976536856,2019-07-15T13:18:51Z,46.14513333,12.60665000,1159.00,68.02
4734,2,2679,3433.809629394832,317.039976536856,2019-07-15T13:18:52Z,46.14513333,12.60646667,1157.00,68.01
4735,2,2680,3434.809629394832,318.039976536856,2019-07-15T13:18:53Z,46.14515000,12.60626667,1156.00,68.001
4736,2,2681,3435.809629394832,319.039976536856,2019-07-15T13:18:54Z,46.14516667,12.60608333,1155.00,67.993
4737,2,2682,3436.809629394832,320.039976536856,2019-07-15T13:18:55Z,46.14518333,12.60590000,1153.00,67.984
4738,2,2683,3437.809629394832,321.039976536856,2019-07-15T13:18:56Z,46.14521667,12.60570000,1151.00,67.976
4739,2,2684,3438.809629394832,322.039976536856,2019-07-15T13:18:57Z,46.14523333,12.60551667,1150.00,67.968
4740,2,2685,3439.809629394832,323.039976536856,2019-07-15T13:18:58Z,46.14526667,12.60533333,1149.00,67.961
4741,2,2686,3440.809629394832,324.039976536856,2019-07-15T13:18:59Z,46.14528333,12.60516667,1147.00,67.954
4742,2,2687,3441.809629394832,325.039976536856,2019-07-15T13:19:00Z,46.14530000,12.60498333,1145.00,67.945
4743,2,2688,3442.809629394832,326.039976536856,2019-07-15T13:19:01Z,46.14530000,12.60480000,1144.00,67.936
4744,2,2689,3443.809629394832,327.039976536856,2019-07-15T13:19:02Z,46.14530000,12.60461667,1142.00,67.926
4745,2,2690,3444.809629394832,328.039976536856,2019-07-15T13:19:03Z,46.14530000,12.60443333,1141.00,67.917
4746,2,2691,3445.809629394832,329.039976536856,2019-07-15T13:19:04Z,46.14530000,12.60426667,1140.00,67.908
4747,2,2692,3446.809629394832,330.039976536856,2019-07-15T13:19:05Z,46.14530000,12.60408333,1138.00,67.898
4748,2,2693,3447.809629394832,331.039976536856,2019-07-15T13:19:06Z,46.14528333,12.60391667,1137.00,67.888
4749,2,2694,3448.809629394832,332.039976536856,2019-07-15T13:19:07Z,46.14526667,12.60373333,1136.00,67.877
4750,2,2695,3449.809629394832,333.039976536856,2019-07-15T13:19:08Z,46.14523333,12.60356667,1135.00,67.866
4751,2,2696,3450.809629394832,334.039976536856,2019-07-15T13:19:09Z,46.14521667,12.60340000,1135.00,67.856
4752,2,2697,3451.809629394832,335.039976536856,2019-07-15T13:19:10Z,46.14518333,12.60321667,1135.00,67.843
4753,2,2698,3452.809629394832,336.039976536856,2019-07-15T13:19:11Z,46.14516667,12.60306667,1135.00,67.834
4754,2,2699,3453.809629394832,337.039976536856,2019-07-15T13:19:12Z,46.14515000,12.60291667,1138.00,67.825
4755,2,2700,3454.809629394832,338.039976536856,2019-07-15T13:19:13Z,46.14511667,12.60276667,1138.00,67.814
4756,2,2701,3455.809629394832,339.039976536856,2019-07-15T13:19:14Z,46.14511667,12.60260000,1137.00,67.806
4757,2,2702,3456.809629394832,340.039976536856,2019-07-15T13:19:15Z,46.14510000,12.60241667,1135.00,67.795
4758,2,2703,3457.809629394832,341.039976536856,2019-07-15T13:19:16Z,46.14508333,12.60223333,1134.00,67.784
4759,2,2704,3458.809629394832,342.039976536856,2019-07-15T13:19:17Z,46.14508333,12.60205000,1133.00,67.775
4760,2,2705,3459.809629394832,343.039976536856,2019-07-15T13:19:18Z,46.14506667,12.60190000,1134.00,67.765
4761,2,2706,3460.809629394832,344.039976536856,2019-07-15T13:19:19Z,46.14503333,12.60175000,1135.00,67.755
4762,2,2707,3461.809629394832,345.039976536856,2019-07-15T13:19:20Z,46.14498333,12.60165000,1137.00,67.746
4763,2,2708,3462.809629394832,346.039976536856,2019-07-15T13:19:21Z,46.14491667,12.60158333,1138.00,67.737
4764,2,2709,3463.809629394832,347.039976536856,2019-07-15T13:19:22Z,46.14481667,12.60156667,1138.00,67.728
4765,2,2710,3464.809629394832,348.039976536856,2019-07-15T13:19:23Z,46.14470000,12.60163333,1137.00,67.721
4766,2,2711,3465.809629394832,349.039976536856,2019-07-15T13:19:24Z,46.14460000,12.60175000,1136.00,67.719
4767,2,2712,3466.809629394832,350.039976536856,2019-07-15T13:19:25Z,46.14451667,12.60191667,1135.00,67.721
4768,2,2713,3467.809629394832,351.039976536856,2019-07-15T13:19:26Z,46.14446667,12.60210000,1136.00,67.727
4769,2,2714,3468.809629394832,352.039976536856,2019-07-15T13:19:27Z,46.14445000,12.60228333,1138.00,67.735
4770,2,2715,3469.809629394832,353.039976536856,2019-07-15T13:19:28Z,46.14446667,12.60246667,1138.00,67.746
4771,2,2716,3470.809629394832,354.039976536856,2019-07-15T13:19:29Z,46.14453333,12.60265000,1137.00,67.761
4772,2,2717,3471.809629394832,355.039976536856,2019-07-15T13:19:30Z,46.14465000,12.60283333,1136.00,67.78
4773,2,2718,3472.809629394832,356.039976536856,2019-07-15T13:19:31Z,46.14478333,12.60295000,1135.00,67.797
4774,2,2719,3473.809629394832,357.039976536856,2019-07-15T13:19:32Z,46.14495000,12.60303333,1135.00,67.815
4775,2,2720,3474.809629394832,358.039976536856,2019-07-15T13:19:33Z,46.14511667,12.60306667,1134.00,67.83
4776,2,2721,3475.809629394832,359.039976536856,2019-07-15T13:19:34Z,46.14528333,12.60310000,1135.00,67.846
4777,2,2722,3476.809629394832,360.039976536856,2019-07-15T13:19:35Z,46.14543333,12.60311667,1135.00,67.859
4778,2,2723,3477.809629394832,361.039976536856,2019-07-15T13:19:36Z,46.14561667,12.60313333,1134.00,67.875
4779,2,2724,3478.809629394832,362.039976536856,2019-07-15T13:19:37Z,46.14578333,12.60315000,1135.00,67.889
4780,2,2725,3479.809629394832,363.039976536856,2019-07-15T13:19:38Z,46.14593333,12.60311667,1135.00,67.9
4781,2,2726,3480.809629394832,364.039976536856,2019-07-15T13:19:39Z,46.14608333,12.60306667,1135.00,67.909
4782,2,2727,3481.809629394832,365.039976536856,2019-07-15T13:19:40Z,46.14621667,12.60296667,1135.00,67.915
4783,2,2728,3482.809629394832,366.039976536856,2019-07-15T13:19:41Z,46.14633333,12.60283333,1135.00,67.918
4784,2,2729,3483.809629394832,367.039976536856,2019-07-15T13:19:42Z,46.14641667,12.60268333,1135.00,67.917
4785,2,2730,3484.809629394832,368.039976536856,2019-07-15T13:19:43Z,46.14646667,12.60250000,1134.00,67.912
4786,2,2731,3485.809629394832,369.039976536856,2019-07-15T13:19:44Z,46.14648333,12.60231667,1133.00,67.904
4787,2,2732,3486.809629394832,370.039976536856,2019-07-15T13:19:45Z,46.14645000,12.60213333,1132.00,67.892
4788,2,2733,3487.809629394832,371.039976536856,2019-07-15T13:19:46Z,46.14640000,12.60196667,1131.00,67.879
4789,2,2734,3488.809629394832,372.039976536856,2019-07-15T13:19:47Z,46.14631667,12.60183333,1130.00,67.865
4790,2,2735,3489.809629394832,373.039976536856,2019-07-15T13:19:48Z,46.14623333,12.60173333,1130.00,67.853
4791,2,2736,3490.809629394832,374.039976536856,2019-07-15T13:19:49Z,46.14615000,12.60163333,1130.00,67.841
4792,2,2737,3491.809629394832,375.039976536856,2019-07-15T13:19:50Z,46.14608333,12.60155000,1130.00,67.831
4793,2,2738,3492.809629394832,376.039976536856,2019-07-15T13:19:51Z,46.14601667,12.60146667,1130.00,67.821
4794,2,2739,3493.809629394832,377.039976536856,2019-07-15T13:19:52Z,46.14593333,12.60140000,1132.00,67.811
4795,2,2740,3494.809629394832,378.039976536856,2019-07-15T13:19:53Z,46.14586667,12.60133333,1132.00,67.802
4796,2,2741,3495.809629394832,379.039976536856,2019-07-15T13:19:54Z,46.14578333,12.60126667,1134.00,67.792
4797,2,2742,3496.809629394832,380.039976536856,2019-07-15T13:19:55Z,46.14570000,12.60121667,1134.00,67.782
4798,2,2743,3497.809629394832,381.039976536856,2019-07-15T13:19:56Z,46.14560000,12.60120000,1134.00,67.773
4799,2,2744,3498.809629394832,382.039976536856,2019-07-15T13:19:57Z,46.14550000,12.60118333,1133.00,67.764
4800,2,2745,3499.809629394832,383.039976536856,2019-07-15T13:19:58Z,46.14540000,12.60118333,1132.00,67.756
4801,2,2746,3500.809629394832,384.039976536856,2019-07-15T13:19:59Z,46.14528333,12.60120000,1131.00,67.747
4802,2,2747,3501.809629394832,385.039976536856,2019-07-15T13:20:00Z,46.14516667,12.60120000,1130.00,67.737
4803,2,2748,3502.809629394832,386.039976536856,2019-07-15T13:20:01Z,46.14506667,12.60120000,1129.00,67.729
4804,2,2749,3503.809629394832,387.039976536856,2019-07-15T13:20:02Z,46.14496667,12.60118333,1130.00,67.72
4805,2,2750,3504.809629394832,388.039976536856,2019-07-15T13:20:03Z,46.14488333,12.60115000,1132.00,67.711
4806,2,2751,3505.809629394832,389.039976536856,2019-07-15T13:20:04Z,46.14480000,12.60110000,1134.00,67.702
4807,2,2752,3506.809629394832,390.039976536856,2019-07-15T13:20:05Z,46.14475000,12.60101667,1135.00,67.694
4808,2,2753,3507.809629394832,391.039976536856,2019-07-15T13:20:06Z,46.14470000,12.60090000,1135.00,67.683
4809,2,2754,3508.809629394832,392.039976536856,2019-07-15T13:20:07Z,46.14465000,12.60076667,1133.00,67.672
4810,2,2755,3509.809629394832,393.039976536856,2019-07-15T13:20:08Z,46.14463333,12.60061667,1132.00,67.663
4811,2,2756,3510.809629394832,394.039976536856,2019-07-15T13:20:09Z,46.14461667,12.60045000,1131.00,67.653
4812,2,2757,3511.809629394832,395.039976536856,2019-07-15T13:20:10Z,46.14461667,12.60028333,1130.00,67.645
4813,2,2758,3512.809629394832,396.039976536856,2019-07-15T13:20:11Z,46.14460000,12.60011667,1129.00,67.635
4814,2,2759,3513.809629394832,397.039976536856,2019-07-15T13:20:12Z,46.14456667,12.59996667,1127.00,67.624
4815,2,2760,3514.809629394832,398.039976536856,2019-07-15T13:20:13Z,46.14453333,12.59981667,1126.00,67.614
4816,2,2761,3515.809629394832,399.039976536856,2019-07-15T13:20:14Z,46.14445000,12.59970000,1124.00,67.601
4817,2,2762,3516.809629394832,400.039976536856,2019-07-15T13:20:15Z,46.14435000,12.59965000,1122.00,67.59
4818,2,2763,3517.809629394832,401.039976536856,2019-07-15T13:20:16Z,46.14425000,12.59965000,1119.00,67.582
4819,2,2764,3518.809629394832,402.039976536856,2019-07-15T13:20:17Z,46.14413333,12.59966667,1116.00,67.573
4820,2,2765,3519.809629394832,403.039976536856,2019-07-15T13:20:18Z,46.14401667,12.59970000,1114.00,67.565
4821,2,2766,3520.809629394832,404.039976536856,2019-07-15T13:20:19Z,46.14390000,12.59971667,1113.00,67.556
4822,2,2767,3521.809629394832,405.039976536856,2019-07-15T13:20:20Z,46.14380000,12.59971667,1111.00,67.548
4823,2,2768,3522.809629394832,406.039976536856,2019-07-15T13:20:21Z,46.14370000,12.59970000,1110.00,67.539
4824,2,2769,3523.809629394832,407.039976536856,2019-07-15T13:20:22Z,46.14361667,12.59968333,1109.00,67.531
4825,2,2770,3524.809629394832,408.039976536856,2019-07-15T13:20:23Z,46.14351667,12.59965000,1107.00,67.521
4826,2,2771,3525.809629394832,409.039976536856,2019-07-15T13:20:24Z,46.14341667,12.59960000,1106.00,67.51
4827,2,2772,3526.809629394832,410.039976536856,2019-07-15T13:20:25Z,46.14333333,12.59953333,1105.00,67.5
4828,2,2773,3527.809629394832,411.039976536856,2019-07-15T13:20:26Z,46.14325000,12.59948333,1104.00,67.491
4829,2,2774,3528.809629394832,412.039976536856,2019-07-15T13:20:27Z,46.14316667,12.59941667,1103.00,67.48
4830,2,2775,3529.809629394832,413.039976536856,2019-07-15T13:20:28Z,46.14310000,12.59935000,1103.00,67.471
4831,2,2776,3530.809629394832,414.039976536856,2019-07-15T13:20:29Z,46.14301667,12.59926667,1103.00,67.46
4832,2,2777,3531.809629394832,415.039976536856,2019-07-15T13:20:30Z,46.14295000,12.59916667,1101.00,67.45
4833,2,2778,3532.809629394832,416.039976536856,2019-07-15T13:20:31Z,46.14288333,12.59905000,1101.00,67.438
4834,2,2779,3533.809629394832,417.039976536856,2019-07-15T13:20:32Z,46.14281667,12.59891667,1100.00,67.426
4835,2,2780,3534.809629394832,418.039976536856,2019-07-15T13:20:33Z,46.14276667,12.59876667,1099.00,67.414
4836,2,2781,3535.809629394832,419.039976536856,2019-07-15T13:20:34Z,46.14270000,12.59863333,1098.00,67.401
4837,2,2782,3536.809629394832,420.039976536856,2019-07-15T13:20:35Z,46.14263333,12.59848333,1098.00,67.388
4838,2,2783,3537.809629394832,421.039976536856,2019-07-15T13:20:36Z,46.14255000,12.59835000,1098.00,67.374
4839,2,2784,3538.809629394832,422.039976536856,2019-07-15T13:20:37Z,46.14248333,12.59821667,1098.00,67.362
4840,2,2785,3539.809629394832,423.039976536856,2019-07-15T13:20:38Z,46.14240000,12.59810000,1100.00,67.349
4841,2,2786,3540.809629394832,424.039976536856,2019-07-15T13:20:39Z,46.14233333,12.59800000,1100.00,67.338
4842,2,2787,3541.809629394832,425.039976536856,2019-07-15T13:20:40Z,46.14225000,12.59791667,1100.00,67.327
4843,2,2788,3542.809629394832,426.039976536856,2019-07-15T13:20:41Z,46.14215000,12.59785000,1099.00,67.316
4844,2,2789,3543.809629394832,427.039976536856,2019-07-15T13:20:42Z,46.14203333,12.59781667,1097.00,67.304
4845,2,2790,3544.809629394832,428.039976536856,2019-07-15T13:20:43Z,46.14191667,12.59780000,1095.00,67.294
4846,2,2791,3545.809629394832,429.039976536856,2019-07-15T13:20:44Z,46.14180000,12.59780000,1094.00,67.284
4847,2,2792,3546.809629394832,430.039976536856,2019-07-15T13:20:45Z,46.14170000,12.59776667,1094.00,67.274
4848,2,2793,3547.809629394832,431.039976536856,2019-07-15T13:20:46Z,46.14160000,12.59771667,1094.00,67.263
4849,2,2794,3548.809629394832,432.039976536856,2019-07-15T13:20:47Z,46.14150000,12.59765000,1095.00,67.252
4850,2,2795,3549.809629394832,433.039976536856,2019-07-15T13:20:48Z,46.14143333,12.59753333,1096.00,67.24
4851,2,2796,3550.809629394832,434.039976536856,2019-07-15T13:20:49Z,46.14140000,12.59741667,1098.00,67.231
4852,2,2797,3551.809629394832,435.039976536856,2019-07-15T13:20:50Z,46.14136667,12.59726667,1100.00,67.221
4853,2,2798,3552.809629394832,436.039976536856,2019-07-15T13:20:51Z,46.14140000,12.59710000,1100.00,67.215
4854,2,2799,3553.809629394832,437.039976536856,2019-07-15T13:20:52Z,46.14145000,12.59693333,1100.00,67.21
4855,2,2800,3554.809629394832,438.039976536856,2019-07-15T13:20:53Z,46.14158333,12.59680000,1098.00,67.215
4856,2,2801,3555.809629394832,439.039976536856,2019-07-15T13:20:54Z,46.14175000,12.59676667,1097.00,67.227
4857,2,2802,3556.809629394832,440.039976536856,2019-07-15T13:20:55Z,46.14191667,12.59681667,1096.00,67.243
4858,2,2803,3557.809629394832,441.039976536856,2019-07-15T13:20:56Z,46.14205000,12.59695000,1095.00,67.261
4859,2,2804,3558.809629394832,442.039976536856,2019-07-15T13:20:57Z,46.14213333,12.59713333,1095.00,67.277
4860,2,2805,3559.809629394832,443.039976536856,2019-07-15T13:20:58Z,46.14218333,12.59731667,1096.00,67.291
4861,2,2806,3560.809629394832,444.039976536856,2019-07-15T13:20:59Z,46.14220000,12.59750000,1096.00,67.302
4862,2,2807,3561.809629394832,445.039976536856,2019-07-15T13:21:00Z,46.14220000,12.59768333,1097.00,67.311
4863,2,2808,3562.809629394832,446.039976536856,2019-07-15T13:21:01Z,46.14218333,12.59785000,1097.00,67.318
4864,2,2809,3563.809629394832,447.039976536856,2019-07-15T13:21:02Z,46.14215000,12.59803333,1097.00,67.325
4865,2,2810,3564.809629394832,448.039976536856,2019-07-15T13:21:03Z,46.14211667,12.59820000,1097.00,67.331
4866,2,2811,3565.809629394832,449.039976536856,2019-07-15T13:21:04Z,46.14208333,12.59836667,1096.00,67.337
4867,2,2812,3566.809629394832,450.039976536856,2019-07-15T13:21:05Z,46.14205000,12.59853333,1096.00,67.343
4868,2,2813,3567.809629394832,451.039976536856,2019-07-15T13:21:06Z,46.14201667,12.59870000,1096.00,67.349
4869,2,2814,3568.809629394832,452.039976536856,2019-07-15T13:21:07Z,46.14200000,12.59886667,1096.00,67.356
4870,2,2815,3569.809629394832,453.039976536856,2019-07-15T13:21:08Z,46.14200000,12.59903333,1095.00,67.365
4871,2,2816,3570.809629394832,454.039976536856,2019-07-15T13:21:09Z,46.14200000,12.59920000,1095.00,67.373
4872,2,2817,3571.809629394832,455.039976536856,2019-07-15T13:21:10Z,46.14200000,12.59938333,1095.00,67.383
4873,2,2818,3572.809629394832,456.039976536856,2019-07-15T13:21:11Z,46.14200000,12.59958333,1094.00,67.393
4874,2,2819,3573.809629394832,457.039976536856,2019-07-15T13:21:12Z,46.14198333,12.59976667,1093.00,67.402
4875,2,2820,3574.809629394832,458.039976536856,2019-07-15T13:21:13Z,46.14195000,12.59995000,1093.00,67.409
4876,2,2821,3575.809629394832,459.039976536856,2019-07-15T13:21:14Z,46.14190000,12.60011667,1092.00,67.413
4877,2,2822,3576.809629394832,460.039976536856,2019-07-15T13:21:15Z,46.14181667,12.60023333,1092.00,67.413
4878,2,2823,3577.809629394832,461.039976536856,2019-07-15T13:21:16Z,46.14171667,12.60031667,1092.00,67.409
4879,2,2824,3578.809629394832,462.039976536856,2019-07-15T13:21:17Z,46.14160000,12.60036667,1091.00,67.402
4880,2,2825,3579.809629394832,463.039976536856,2019-07-15T13:21:18Z,46.14148333,12.60036667,1091.00,67.392
4881,2,2826,3580.809629394832,464.039976536856,2019-07-15T13:21:19Z,46.14138333,12.60031667,1091.00,67.382
4882,2,2827,3581.809629394832,465.039976536856,2019-07-15T13:21:20Z,46.14128333,12.60020000,1092.00,67.367
4883,2,2828,3582.809629394832,466.039976536856,2019-07-15T13:21:21Z,46.14121667,12.60003333,1093.00,67.353
4884,2,2829,3583.809629394832,467.039976536856,2019-07-15T13:21:22Z,46.14116667,12.59985000,1096.00,67.34
4885,2,2830,3584.809629394832,468.039976536856,2019-07-15T13:21:23Z,46.14116667,12.59968333,1099.00,67.331
4886,2,2831,3585.809629394832,469.039976536856,2019-07-15T13:21:24Z,46.14121667,12.59950000,1102.00,67.325
4887,2,2832,3586.809629394832,470.039976536856,2019-07-15T13:21:25Z,46.14128333,12.59931667,1104.00,67.321
4888,2,2833,3587.809629394832,471.039976536856,2019-07-15T13:21:26Z,46.14141667,12.59916667,1105.00,67.324
4889,2,2834,3588.809629394832,472.039976536856,2019-07-15T13:21:27Z,46.14156667,12.59908333,1106.00,67.332
4890,2,2835,3589.809629394832,473.039976536856,2019-07-15T13:21:28Z,46.14170000,12.59905000,1107.00,67.341
4891,2,2836,3590.809629394832,474.039976536856,2019-07-15T13:21:29Z,46.14185000,12.59908333,1107.00,67.355
4892,2,2837,3591.809629394832,475.039976536856,2019-07-15T13:21:30Z,46.14196667,12.59915000,1108.00,67.368
4893,2,2838,3592.809629394832,476.039976536856,2019-07-15T13:21:31Z,46.14205000,12.59928333,1108.00,67.382
4894,2,2839,3593.809629394832,477.039976536856,2019-07-15T13:21:32Z,46.14210000,12.59945000,1107.00,67.395
4895,2,2840,3594.809629394832,478.039976536856,2019-07-15T13:21:33Z,46.14210000,12.59963333,1106.00,67.404
4896,2,2841,3595.809629394832,479.039976536856,2019-07-15T13:21:34Z,46.14208333,12.59980000,1105.00,67.412
4897,2,2842,3596.809629394832,480.039976536856,2019-07-15T13:21:35Z,46.14201667,12.59996667,1104.00,67.415
4898,2,2843,3597.809629394832,481.039976536856,2019-07-15T13:21:36Z,46.14195000,12.60008333,1103.00,67.416
4899,2,2844,3598.809629394832,482.039976536856,2019-07-15T13:21:37Z,46.14186667,12.60018333,1103.00,67.414
4900,2,2845,3599.809629394832,483.039976536856,2019-07-15T13:21:38Z,46.14175000,12.60023333,1105.00,67.407
4901,2,2846,3600.809629394832,484.039976536856,2019-07-15T13:21:39Z,46.14165000,12.60023333,1107.00,67.399
4902,2,2847,3601.809629394832,485.039976536856,2019-07-15T13:21:40Z,46.14155000,12.60020000,1109.00,67.389
4903,2,2848,3602.809629394832,486.039976536856,2019-07-15T13:21:41Z,46.14146667,12.60016667,1111.00,67.381
4904,2,2849,3603.809629394832,487.039976536856,2019-07-15T13:21:42Z,46.14138333,12.60011667,1114.00,67.371
4905,2,2850,3604.809629394832,488.039976536856,2019-07-15T13:21:43Z,46.14130000,12.60006667,1115.00,67.362
4906,2,2851,3605.809629394832,489.039976536856,2019-07-15T13:21:44Z,46.14123333,12.60000000,1117.00,67.353
4907,2,2852,3606.809629394832,490.039976536856,2019-07-15T13:21:45Z,46.14115000,12.59991667,1117.00,67.342
4908,2,2853,3607.809629394832,491.039976536856,2019-07-15T13:21:46Z,46.14110000,12.59981667,1117.00,67.332
4909,2,2854,3608.809629394832,492.039976536856,2019-07-15T13:21:47Z,46.14105000,12.59971667,1118.00,67.323
4910,2,2855,3609.809629394832,493.039976536856,2019-07-15T13:21:48Z,46.14100000,12.59960000,1118.00,67.313
4911,2,2856,3610.809629394832,494.039976536856,2019-07-15T13:21:49Z,46.14096667,12.59946667,1117.00,67.303
4912,2,2857,3611.809629394832,495.039976536856,2019-07-15T13:21:50Z,46.14095000,12.59933333,1117.00,67.295
4913,2,2858,3612.809629394832,496.039976536856,2019-07-15T13:21:51Z,46.14095000,12.59918333,1117.00,67.287
4914,2,2859,3613.809629394832,497.039976536856,2019-07-15T13:21:52Z,46.14095000,12.59903333,1118.00,67.279
4915,2,2860,3614.809629394832,498.039976536856,2019-07-15T13:21:53Z,46.14096667,12.59886667,1119.00,67.272
4916,2,2861,3615.809629394832,499.039976536856,2019-07-15T13:21:54Z,46.14101667,12.59871667,1120.00,67.268
4917,2,2862,3616.809629394832,500.039976536856,2019-07-15T13:21:55Z,46.14106667,12.59856667,1121.00,67.264
4918,2,2863,3617.809629394832,501.039976536856,2019-07-15T13:21:56Z,46.14113333,12.59841667,1122.00,67.262
4919,2,2864,3618.809629394832,502.039976536856,2019-07-15T13:21:57Z,46.14121667,12.59826667,1122.00,67.261
4920,2,2865,3619.809629394832,503.039976536856,2019-07-15T13:21:58Z,46.14131667,12.59811667,1123.00,67.261
4921,2,2866,3620.809629394832,504.039976536856,2019-07-15T13:21:59Z,46.14143333,12.59800000,1124.00,67.264
4922,2,2867,3621.809629394832,505.039976536856,2019-07-15T13:22:00Z,46.14156667,12.59790000,1126.00,67.27
4923,2,2868,3622.809629394832,506.039976536856,2019-07-15T13:22:01Z,46.14171667,12.59785000,1127.00,67.28
4924,2,2869,3623.809629394832,507.039976536856,2019-07-15T13:22:02Z,46.14185000,12.59783333,1129.00,67.29
4925,2,2870,3624.809629394832,508.039976536856,2019-07-15T13:22:03Z,46.14196667,12.59786667,1131.00,67.301
4926,2,2871,3625.809629394832,509.039976536856,2019-07-15T13:22:04Z,46.14208333,12.59791667,1132.00,67.313
4927,2,2872,3626.809629394832,510.039976536856,2019-07-15T13:22:05Z,46.14220000,12.59798333,1133.00,67.327
4928,2,2873,3627.809629394832,511.039976536856,2019-07-15T13:22:06Z,46.14230000,12.59808333,1133.00,67.34
4929,2,2874,3628.809629394832,512.039976536856,2019-07-15T13:22:07Z,46.14240000,12.59821667,1133.00,67.355
4930,2,2875,3629.809629394832,513.039976536856,2019-07-15T13:22:08Z,46.14246667,12.59836667,1133.00,67.368
4931,2,2876,3630.809629394832,514.039976536856,2019-07-15T13:22:09Z,46.14251667,12.59853333,1133.00,67.381
4932,2,2877,3631.809629394832,515.039976536856,2019-07-15T13:22:10Z,46.14256667,12.59870000,1133.00,67.394
4933,2,2878,3632.809629394832,516.039976536856,2019-07-15T13:22:11Z,46.14260000,12.59886667,1133.00,67.405
4934,2,2879,3633.809629394832,517.039976536856,2019-07-15T13:22:12Z,46.14263333,12.59903333,1133.00,67.417
4935,2,2880,3634.809629394832,518.039976536856,2019-07-15T13:22:13Z,46.14265000,12.59921667,1133.00,67.428
4936,2,2881,3635.809629394832,519.039976536856,2019-07-15T13:22:14Z,46.14266667,12.59938333,1134.00,67.438
4937,2,2882,3636.809629394832,520.039976536856,2019-07-15T13:22:15Z,46.14266667,12.59956667,1134.00,67.447
4938,2,2883,3637.809629394832,521.039976536856,2019-07-15T13:22:16Z,46.14265000,12.59973333,1134.00,67.454
4939,2,2884,3638.809629394832,522.039976536856,2019-07-15T13:22:17Z,46.14263333,12.59990000,1133.00,67.462
4940,2,2885,3639.809629394832,523.039976536856,2019-07-15T13:22:18Z,46.14258333,12.60006667,1132.00,67.466
4941,2,2886,3640.809629394832,524.039976536856,2019-07-15T13:22:19Z,46.14253333,12.60020000,1132.00,67.469
4942,2,2887,3641.809629394832,525.039976536856,2019-07-15T13:22:20Z,46.14246667,12.60031667,1133.00,67.47
4943,2,2888,3642.809629394832,526.039976536856,2019-07-15T13:22:21Z,46.14238333,12.60041667,1134.00,67.468
4944,2,2889,3643.809629394832,527.039976536856,2019-07-15T13:22:22Z,46.14230000,12.60048333,1135.00,67.465
4945,2,2890,3644.809629394832,528.039976536856,2019-07-15T13:22:23Z,46.14223333,12.60051667,1136.00,67.461
4946,2,2891,3645.809629394832,529.039976536856,2019-07-15T13:22:24Z,46.14215000,12.60051667,1136.00,67.455
4947,2,2892,3646.809629394832,530.039976536856,2019-07-15T13:22:25Z,46.14206667,12.60050000,1136.00,67.447
4948,2,2893,3647.809629394832,531.039976536856,2019-07-15T13:22:26Z,46.14198333,12.60043333,1135.00,67.437
4949,2,2894,3648.809629394832,532.039976536856,2019-07-15T13:22:27Z,46.14191667,12.60033333,1134.00,67.426
4950,2,2895,3649.809629394832,533.039976536856,2019-07-15T13:22:28Z,46.14185000,12.60021667,1133.00,67.414
4951,2,2896,3650.809629394832,534.039976536856,2019-07-15T13:22:29Z,46.14180000,12.60006667,1133.00,67.402
4952,2,2897,3651.809629394832,535.039976536856,2019-07-15T13:22:30Z,46.14178333,12.59993333,1133.00,67.394
4953,2,2898,3652.809629394832,536.039976536856,2019-07-15T13:22:31Z,46.14176667,12.59978333,1133.00,67.385
4954,2,2899,3653.809629394832,537.039976536856,2019-07-15T13:22:32Z,46.14176667,12.59963333,1133.00,67.377
4955,2,2900,3654.809629394832,538.039976536856,2019-07-15T13:22:33Z,46.14176667,12.59950000,1133.00,67.37
4956,2,2901,3655.809629394832,539.039976536856,2019-07-15T13:22:34Z,46.14176667,12.59935000,1132.00,67.362
4957,2,2902,3656.809629394832,540.039976536856,2019-07-15T13:22:35Z,46.14175000,12.59918333,1132.00,67.352
4958,2,2903,3657.809629394832,541.039976536856,2019-07-15T13:22:36Z,46.14176667,12.59901667,1131.00,67.345
4959,2,2904,3658.809629394832,542.039976536856,2019-07-15T13:22:37Z,46.14178333,12.59885000,1130.00,67.337
4960,2,2905,3659.809629394832,543.039976536856,2019-07-15T13:22:38Z,46.14180000,12.59868333,1130.00,67.33
4961,2,2906,3660.809629394832,544.039976536856,2019-07-15T13:22:39Z,46.14185000,12.59851667,1130.00,67.325
4962,2,2907,3661.809629394832,545.039976536856,2019-07-15T13:22:40Z,46.14193333,12.59836667,1130.00,67.325
4963,2,2908,3662.809629394832,546.039976536856,2019-07-15T13:22:41Z,46.14205000,12.59823333,1129.00,67.327
4964,2,2909,3663.809629394832,547.039976536856,2019-07-15T13:22:42Z,46.14220000,12.59813333,1127.00,67.334
4965,2,2910,3664.809629394832,548.039976536856,2019-07-15T13:22:43Z,46.14236667,12.59813333,1126.00,67.348
4966,2,2911,3665.809629394832,549.039976536856,2019-07-15T13:22:44Z,46.14251667,12.59818333,1127.00,67.363
4967,2,2912,3666.809629394832,550.039976536856,2019-07-15T13:22:45Z,46.14265000,12.59826667,1129.00,67.378
4968,2,2913,3667.809629394832,551.039976536856,2019-07-15T13:22:46Z,46.14275000,12.59836667,1132.00,67.392
4969,2,2914,3668.809629394832,552.039976536856,2019-07-15T13:22:47Z,46.14281667,12.59848333,1134.00,67.403
4970,2,2915,3669.809629394832,553.039976536856,2019-07-15T13:22:48Z,46.14288333,12.59861667,1136.00,67.416
4971,2,2916,3670.809629394832,554.039976536856,2019-07-15T13:22:49Z,46.14291667,12.59876667,1137.00,67.426
4972,2,2917,3671.809629394832,555.039976536856,2019-07-15T13:22:50Z,46.14293333,12.59895000,1138.00,67.437
4973,2,2918,3672.809629394832,556.039976536856,2019-07-15T13:22:51Z,46.14293333,12.59911667,1139.00,67.446
4974,2,2919,3673.809629394832,557.039976536856,2019-07-15T13:22:52Z,46.14290000,12.59926667,1139.00,67.451
4975,2,2920,3674.809629394832,558.039976536856,2019-07-15T13:22:53Z,46.14285000,12.59940000,1140.00,67.453
4976,2,2921,3675.809629394832,559.039976536856,2019-07-15T13:22:54Z,46.14278333,12.59950000,1140.00,67.453
4977,2,2922,3676.809629394832,560.039976536856,2019-07-15T13:22:55Z,46.14268333,12.59956667,1140.00,67.448
4978,2,2923,3677.809629394832,561.039976536856,2019-07-15T13:22:56Z,46.14258333,12.59958333,1139.00,67.441
4979,2,2924,3678.809629394832,562.039976536856,2019-07-15T13:22:57Z,46.14248333,12.59955000,1138.00,67.431
4980,2,2925,3679.809629394832,563.039976536856,2019-07-15T13:22:58Z,46.14240000,12.59950000,1138.00,67.422
4981,2,2926,3680.809629394832,564.039976536856,2019-07-15T13:22:59Z,46.14233333,12.59941667,1138.00,67.412
4982,2,2927,3681.809629394832,565.039976536856,2019-07-15T13:23:00Z,46.14225000,12.59933333,1138.00,67.401
4983,2,2928,3682.809629394832,566.039976536856,2019-07-15T13:23:01Z,46.14218333,12.59925000,1138.00,67.391
4984,2,2929,3683.809629394832,567.039976536856,2019-07-15T13:23:02Z,46.14211667,12.59916667,1137.00,67.381
4985,2,2930,3684.809629394832,568.039976536856,2019-07-15T13:23:03Z,46.14201667,12.59910000,1136.00,67.37
4986,2,2931,3685.809629394832,569.039976536856,2019-07-15T13:23:04Z,46.14191667,12.59905000,1135.00,67.359
4987,2,2932,3686.809629394832,570.039976536856,2019-07-15T13:23:05Z,46.14181667,12.59896667,1136.00,67.346
4988,2,2933,3687.809629394832,571.039976536856,2019-07-15T13:23:06Z,46.14175000,12.59885000,1137.00,67.335
4989,2,2934,3688.809629394832,572.039976536856,2019-07-15T13:23:07Z,46.14170000,12.59870000,1139.00,67.323
4990,2,2935,3689.809629394832,573.039976536856,2019-07-15T13:23:08Z,46.14166667,12.59855000,1140.00,67.312
4991,2,2936,3690.809629394832,574.039976536856,2019-07-15T13:23:09Z,46.14168333,12.59838333,1140.00,67.305
4992,2,2937,3691.809629394832,575.039976536856,2019-07-15T13:23:10Z,46.14171667,12.59820000,1140.00,67.298
4993,2,2938,3692.809629394832,576.039976536856,2019-07-15T13:23:11Z,46.14178333,12.59805000,1139.00,67.296
4994,2,2939,3693.809629394832,577.039976536856,2019-07-15T13:23:12Z,46.14190000,12.59791667,1137.00,67.298
4995,2,2940,3694.809629394832,578.039976536856,2019-07-15T13:23:13Z,46.14205000,12.59783333,1136.00,67.306
4996,2,2941,3695.809629394832,579.039976536856,2019-07-15T13:23:14Z,46.14221667,12.59781667,1135.00,67.319
4997,2,2942,3696.809629394832,580.039976536856,2019-07-15T13:23:15Z,46.14236667,12.59785000,1134.00,67.333
4998,2,2943,3697.809629394832,581.039976536856,2019-07-15T13:23:16Z,46.14251667,12.59793333,1134.00,67.35
4999,2,2944,3698.809629394832,582.039976536856,2019-07-15T13:23:17Z,46.14263333,12.59806667,1134.00,67.367
5000,2,2945,3699.809629394832,583.039976536856,2019-07-15T13:23:18Z,46.14275000,12.59820000,1134.00,67.383
5001,2,2946,3700.809629394832,584.039976536856,2019-07-15T13:23:19Z,46.14283333,12.59836667,1135.00,67.399
5002,2,2947,3701.809629394832,585.039976536856,2019-07-15T13:23:20Z,46.14291667,12.59853333,1137.00,67.414
5003,2,2948,3702.809629394832,586.039976536856,2019-07-15T13:23:21Z,46.14298333,12.59870000,1138.00,67.428
5004,2,2949,3703.809629394832,587.039976536856,2019-07-15T13:23:22Z,46.14303333,12.59885000,1139.00,67.44
5005,2,2950,3704.809629394832,588.039976536856,2019-07-15T13:23:23Z,46.14308333,12.59901667,1140.00,67.453
5006,2,2951,3705.809629394832,589.039976536856,2019-07-15T13:23:24Z,46.14313333,12.59918333,1140.00,67.466
5007,2,2952,3706.809629394832,590.039976536856,2019-07-15T13:23:25Z,46.14316667,12.59938333,1140.00,67.479
5008,2,2953,3707.809629394832,591.039976536856,2019-07-15T13:23:26Z,46.14320000,12.59956667,1140.00,67.491
5009,2,2954,3708.809629394832,592.039976536856,2019-07-15T13:23:27Z,46.14321667,12.59975000,1140.00,67.502
5010,2,2955,3709.809629394832,593.039976536856,2019-07-15T13:23:28Z,46.14320000,12.59991667,1140.00,67.509
5011,2,2956,3710.809629394832,594.039976536856,2019-07-15T13:23:29Z,46.14316667,12.60006667,1139.00,67.514
5012,2,2957,3711.809629394832,595.039976536856,2019-07-15T13:23:30Z,46.14311667,12.60020000,1140.00,67.517
5013,2,2958,3712.809629394832,596.039976536856,2019-07-15T13:23:31Z,46.14305000,12.60031667,1140.00,67.518
5014,2,2959,3713.809629394832,597.039976536856,2019-07-15T13:23:32Z,46.14296667,12.60041667,1140.00,67.516
5015,2,2960,3714.809629394832,598.039976536856,2019-07-15T13:23:33Z,46.14288333,12.60046667,1141.00,67.512
5016,2,2961,3715.809629394832,599.039976536856,2019-07-15T13:23:34Z,46.14278333,12.60050000,1141.00,67.505
5017,2,2962,3716.809629394832,600.039976536856,2019-07-15T13:23:35Z,46.14268333,12.60046667,1142.00,67.495
5018,2,2963,3717.809629394832,601.039976536856,2019-07-15T13:23:36Z,46.14260000,12.60040000,1142.00,67.485
5019,2,2964,3718.809629394832,602.039976536856,2019-07-15T13:23:37Z,46.14251667,12.60030000,1142.00,67.473
5020,2,2965,3719.809629394832,603.039976536856,2019-07-15T13:23:38Z,46.14245000,12.60016667,1142.00,67.461
5021,2,2966,3720.809629394832,604.039976536856,2019-07-15T13:23:39Z,46.14240000,12.60001667,1143.00,67.449
5022,2,2967,3721.809629394832,605.039976536856,2019-07-15T13:23:40Z,46.14238333,12.59985000,1143.00,67.439
5023,2,2968,3722.809629394832,606.039976536856,2019-07-15T13:23:41Z,46.14240000,12.59966667,1143.00,67.43
5024,2,2969,3723.809629394832,607.039976536856,2019-07-15T13:23:42Z,46.14243333,12.59946667,1144.00,67.423
5025,2,2970,3724.809629394832,608.039976536856,2019-07-15T13:23:43Z,46.14253333,12.59928333,1144.00,67.421
5026,2,2971,3725.809629394832,609.039976536856,2019-07-15T13:23:44Z,46.14265000,12.59911667,1144.00,67.422
5027,2,2972,3726.809629394832,610.039976536856,2019-07-15T13:23:45Z,46.14278333,12.59898333,1146.00,67.426
5028,2,2973,3727.809629394832,611.039976536856,2019-07-15T13:23:46Z,46.14293333,12.59886667,1148.00,67.433
5029,2,2974,3728.809629394832,612.039976536856,2019-07-15T13:23:47Z,46.14308333,12.59881667,1150.00,67.442
5030,2,2975,3729.809629394832,613.039976536856,2019-07-15T13:23:48Z,46.14323333,12.59880000,1152.00,67.454
5031,2,2976,3730.809629394832,614.039976536856,2019-07-15T13:23:49Z,46.14338333,12.59885000,1153.00,67.469
5032,2,2977,3731.809629394832,615.039976536856,2019-07-15T13:23:50Z,46.14351667,12.59896667,1153.00,67.486
5033,2,2978,3732.809629394832,616.039976536856,2019-07-15T13:23:51Z,46.14363333,12.59913333,1153.00,67.504
5034,2,2979,3733.809629394832,617.039976536856,2019-07-15T13:23:52Z,46.14368333,12.59933333,1152.00,67.519
5035,2,2980,3734.809629394832,618.039976536856,2019-07-15T13:23:53Z,46.14368333,12.59953333,1152.00,67.529
5036,2,2981,3735.809629394832,619.039976536856,2019-07-15T13:23:54Z,46.14365000,12.59971667,1151.00,67.536
5037,2,2982,3736.809629394832,620.039976536856,2019-07-15T13:23:55Z,46.14360000,12.59985000,1151.00,67.538
5038,2,2983,3737.809629394832,621.039976536856,2019-07-15T13:23:56Z,46.14353333,12.59996667,1153.00,67.539
5039,2,2984,3738.809629394832,622.039976536856,2019-07-15T13:23:57Z,46.14345000,12.60006667,1155.00,67.537
5040,2,2985,3739.809629394832,623.039976536856,2019-07-15T13:23:58Z,46.14336667,12.60013333,1156.00,67.534
5041,2,2986,3740.809629394832,624.039976536856,2019-07-15T13:23:59Z,46.14326667,12.60016667,1156.00,67.528
5042,2,2987,3741.809629394832,625.039976536856,2019-07-15T13:24:00Z,46.14316667,12.60015000,1156.00,67.518
5043,2,2988,3742.809629394832,626.039976536856,2019-07-15T13:24:01Z,46.14306667,12.60011667,1156.00,67.509
5044,2,2989,3743.809629394832,627.039976536856,2019-07-15T13:24:02Z,46.14296667,12.60006667,1156.00,67.498
5045,2,2990,3744.809629394832,628.039976536856,2019-07-15T13:24:03Z,46.14288333,12.59996667,1157.00,67.486
5046,2,2991,3745.809629394832,629.039976536856,2019-07-15T13:24:04Z,46.14280000,12.59986667,1158.00,67.474
5047,2,2992,3746.809629394832,630.039976536856,2019-07-15T13:24:05Z,46.14275000,12.59975000,1159.00,67.463
5048,2,2993,3747.809629394832,631.039976536856,2019-07-15T13:24:06Z,46.14270000,12.59961667,1160.00,67.452
5049,2,2994,3748.809629394832,632.039976536856,2019-07-15T13:24:07Z,46.14266667,12.59948333,1161.00,67.443
5050,2,2995,3749.809629394832,633.039976536856,2019-07-15T13:24:08Z,46.14265000,12.59933333,1161.00,67.434
5051,2,2996,3750.809629394832,634.039976536856,2019-07-15T13:24:09Z,46.14265000,12.59918333,1162.00,67.426
5052,2,2997,3751.809629394832,635.039976536856,2019-07-15T13:24:10Z,46.14265000,12.59901667,1162.00,67.417
5053,2,2998,3752.809629394832,636.039976536856,2019-07-15T13:24:11Z,46.14266667,12.59883333,1162.00,67.409
5054,2,2999,3753.809629394832,637.039976536856,2019-07-15T13:24:12Z,46.14271667,12.59865000,1162.00,67.404
5055,2,3000,3754.809629394832,638.039976536856,2019-07-15T13:24:13Z,46.14278333,12.59848333,1162.00,67.4
5056,2,3001,3755.809629394832,639.039976536856,2019-07-15T13:24:14Z,46.14288333,12.59831667,1162.00,67.4
5057,2,3002,3756.809629394832,640.039976536856,2019-07-15T13:24:15Z,46.14300000,12.59818333,1163.00,67.403
5058,2,3003,3757.809629394832,641.039976536856,2019-07-15T13:24:16Z,46.14313333,12.59810000,1164.00,67.41
5059,2,3004,3758.809629394832,642.039976536856,2019-07-15T13:24:17Z,46.14328333,12.59806667,1164.00,67.42
5060,2,3005,3759.809629394832,643.039976536856,2019-07-15T13:24:18Z,46.14345000,12.59810000,1165.00,67.436
5061,2,3006,3760.809629394832,644.039976536856,2019-07-15T13:24:19Z,46.14361667,12.59818333,1166.00,67.454
5062,2,3007,3761.809629394832,645.039976536856,2019-07-15T13:24:20Z,46.14375000,12.59833333,1166.00,67.473
5063,2,3008,3762.809629394832,646.039976536856,2019-07-15T13:24:21Z,46.14385000,12.59853333,1165.00,67.491
5064,2,3009,3763.809629394832,647.039976536856,2019-07-15T13:24:22Z,46.14390000,12.59873333,1165.00,67.506
5065,2,3010,3764.809629394832,648.039976536856,2019-07-15T13:24:23Z,46.14391667,12.59893333,1166.00,67.517
5066,2,3011,3765.809629394832,649.039976536856,2019-07-15T13:24:24Z,46.14390000,12.59910000,1168.00,67.524
5067,2,3012,3766.809629394832,650.039976536856,2019-07-15T13:24:25Z,46.14385000,12.59923333,1170.00,67.527
5068,2,3013,3767.809629394832,651.039976536856,2019-07-15T13:24:26Z,46.14378333,12.59933333,1172.00,67.527
5069,2,3014,3768.809629394832,652.039976536856,2019-07-15T13:24:27Z,46.14370000,12.59938333,1173.00,67.523
5070,2,3015,3769.809629394832,653.039976536856,2019-07-15T13:24:28Z,46.14360000,12.59938333,1174.00,67.514
5071,2,3016,3770.809629394832,654.039976536856,2019-07-15T13:24:29Z,46.14350000,12.59935000,1176.00,67.504
5072,2,3017,3771.809629394832,655.039976536856,2019-07-15T13:24:30Z,46.14343333,12.59926667,1177.00,67.495
5073,2,3018,3772.809629394832,656.039976536856,2019-07-15T13:24:31Z,46.14336667,12.59916667,1177.00,67.484
5074,2,3019,3773.809629394832,657.039976536856,2019-07-15T13:24:32Z,46.14331667,12.59901667,1178.00,67.472
5075,2,3020,3774.809629394832,658.039976536856,2019-07-15T13:24:33Z,46.14331667,12.59885000,1178.00,67.463
5076,2,3021,3775.809629394832,659.039976536856,2019-07-15T13:24:34Z,46.14333333,12.59866667,1177.00,67.455
5077,2,3022,3776.809629394832,660.039976536856,2019-07-15T13:24:35Z,46.14340000,12.59850000,1177.00,67.452
5078,2,3023,3777.809629394832,661.039976536856,2019-07-15T13:24:36Z,46.14350000,12.59835000,1176.00,67.453
5079,2,3024,3778.809629394832,662.039976536856,2019-07-15T13:24:37Z,46.14363333,12.59823333,1174.00,67.458
5080,2,3025,3779.809629394832,663.039976536856,2019-07-15T13:24:38Z,46.14381667,12.59818333,1173.00,67.47
5081,2,3026,3780.809629394832,664.039976536856,2019-07-15T13:24:39Z,46.14400000,12.59821667,1173.00,67.487
5082,2,3027,3781.809629394832,665.039976536856,2019-07-15T13:24:40Z,46.14418333,12.59833333,1173.00,67.509
5083,2,3028,3782.809629394832,666.039976536856,2019-07-15T13:24:41Z,46.14430000,12.59851667,1173.00,67.528
5084,2,3029,3783.809629394832,667.039976536856,2019-07-15T13:24:42Z,46.14440000,12.59870000,1175.00,67.545
5085,2,3030,3784.809629394832,668.039976536856,2019-07-15T13:24:43Z,46.14446667,12.59890000,1177.00,67.561
5086,2,3031,3785.809629394832,669.039976536856,2019-07-15T13:24:44Z,46.14448333,12.59910000,1178.00,67.573
5087,2,3032,3786.809629394832,670.039976536856,2019-07-15T13:24:45Z,46.14448333,12.59930000,1179.00,67.583
5088,2,3033,3787.809629394832,671.039976536856,2019-07-15T13:24:46Z,46.14446667,12.59948333,1181.00,67.591
5089,2,3034,3788.809629394832,672.039976536856,2019-07-15T13:24:47Z,46.14441667,12.59963333,1182.00,67.595
5090,2,3035,3789.809629394832,673.039976536856,2019-07-15T13:24:48Z,46.14436667,12.59976667,1184.00,67.597
5091,2,3036,3790.809629394832,674.039976536856,2019-07-15T13:24:49Z,46.14428333,12.59986667,1186.00,67.596
5092,2,3037,3791.809629394832,675.039976536856,2019-07-15T13:24:50Z,46.14420000,12.59990000,1187.00,67.591
5093,2,3038,3792.809629394832,676.039976536856,2019-07-15T13:24:51Z,46.14411667,12.59990000,1187.00,67.584
5094,2,3039,3793.809629394832,677.039976536856,2019-07-15T13:24:52Z,46.14401667,12.59985000,1187.00,67.573
5095,2,3040,3794.809629394832,678.039976536856,2019-07-15T13:24:53Z,46.14395000,12.59975000,1188.00,67.562
5096,2,3041,3795.809629394832,679.039976536856,2019-07-15T13:24:54Z,46.14390000,12.59961667,1188.00,67.551
5097,2,3042,3796.809629394832,680.039976536856,2019-07-15T13:24:55Z,46.14385000,12.59948333,1188.00,67.54
5098,2,3043,3797.809629394832,681.039976536856,2019-07-15T13:24:56Z,46.14385000,12.59931667,1189.00,67.532
5099,2,3044,3798.809629394832,682.039976536856,2019-07-15T13:24:57Z,46.14386667,12.59915000,1189.00,67.524
5100,2,3045,3799.809629394832,683.039976536856,2019-07-15T13:24:58Z,46.14391667,12.59898333,1189.00,67.52
5101,2,3046,3800.809629394832,684.039976536856,2019-07-15T13:24:59Z,46.14401667,12.59883333,1189.00,67.52
5102,2,3047,3801.809629394832,685.039976536856,2019-07-15T13:25:00Z,46.14415000,12.59871667,1188.00,67.525
5103,2,3048,3802.809629394832,686.039976536856,2019-07-15T13:25:01Z,46.14430000,12.59863333,1188.00,67.534
5104,2,3049,3803.809629394832,687.039976536856,2019-07-15T13:25:02Z,46.14446667,12.59860000,1188.00,67.546
5105,2,3050,3804.809629394832,688.039976536856,2019-07-15T13:25:03Z,46.14465000,12.59861667,1187.00,67.562
5106,2,3051,3805.809629394832,689.039976536856,2019-07-15T13:25:04Z,46.14483333,12.59868333,1187.00,67.581
5107,2,3052,3806.809629394832,690.039976536856,2019-07-15T13:25:05Z,46.14500000,12.59878333,1188.00,67.6
5108,2,3053,3807.809629394832,691.039976536856,2019-07-15T13:25:06Z,46.14515000,12.59893333,1189.00,67.62
5109,2,3054,3808.809629394832,692.039976536856,2019-07-15T13:25:07Z,46.14528333,12.59908333,1190.00,67.638
5110,2,3055,3809.809629394832,693.039976536856,2019-07-15T13:25:08Z,46.14538333,12.59926667,1191.00,67.656
5111,2,3056,3810.809629394832,694.039976536856,2019-07-15T13:25:09Z,46.14545000,12.59945000,1191.00,67.671
5112,2,3057,3811.809629394832,695.039976536856,2019-07-15T13:25:10Z,46.14548333,12.59963333,1192.00,67.683
5113,2,3058,3812.809629394832,696.039976536856,2019-07-15T13:25:11Z,46.14548333,12.59981667,1192.00,67.693
5114,2,3059,3813.809629394832,697.039976536856,2019-07-15T13:25:12Z,46.14545000,12.59998333,1192.00,67.698
5115,2,3060,3814.809629394832,698.039976536856,2019-07-15T13:25:13Z,46.14540000,12.60010000,1194.00,67.7
5116,2,3061,3815.809629394832,699.039976536856,2019-07-15T13:25:14Z,46.14533333,12.60018333,1194.00,67.699
5117,2,3062,3816.809629394832,700.039976536856,2019-07-15T13:25:15Z,46.14525000,12.60023333,1195.00,67.695
5118,2,3063,3817.809629394832,701.039976536856,2019-07-15T13:25:16Z,46.14515000,12.60023333,1194.00,67.686
5119,2,3064,3818.809629394832,702.039976536856,2019-07-15T13:25:17Z,46.14506667,12.60016667,1194.00,67.676
5120,2,3065,3819.809629394832,703.039976536856,2019-07-15T13:25:18Z,46.14498333,12.60006667,1194.00,67.664
5121,2,3066,3820.809629394832,704.039976536856,2019-07-15T13:25:19Z,46.14491667,12.59995000,1195.00,67.652
5122,2,3067,3821.809629394832,705.039976536856,2019-07-15T13:25:20Z,46.14488333,12.59980000,1196.00,67.642
5123,2,3068,3822.809629394832,706.039976536856,2019-07-15T13:25:21Z,46.14486667,12.59965000,1198.00,67.633
5124,2,3069,3823.809629394832,707.039976536856,2019-07-15T13:25:22Z,46.14486667,12.59948333,1199.00,67.624
5125,2,3070,3824.809629394832,708.039976536856,2019-07-15T13:25:23Z,46.14490000,12.59930000,1200.00,67.618
5126,2,3071,3825.809629394832,709.039976536856,2019-07-15T13:25:24Z,46.14493333,12.59911667,1201.00,67.611
5127,2,3072,3826.809629394832,710.039976536856,2019-07-15T13:25:25Z,46.14500000,12.59893333,1202.00,67.607
5128,2,3073,3827.809629394832,711.039976536856,2019-07-15T13:25:26Z,46.14506667,12.59876667,1202.00,67.604
5129,2,3074,3828.809629394832,712.039976536856,2019-07-15T13:25:27Z,46.14516667,12.59860000,1202.00,67.604
5130,2,3075,3829.809629394832,713.039976536856,2019-07-15T13:25:28Z,46.14528333,12.59845000,1203.00,67.606
5131,2,3076,3830.809629394832,714.039976536856,2019-07-15T13:25:29Z,46.14541667,12.59833333,1203.00,67.611
5132,2,3077,3831.809629394832,715.039976536856,2019-07-15T13:25:30Z,46.14556667,12.59825000,1202.00,67.62
5133,2,3078,3832.809629394832,716.039976536856,2019-07-15T13:25:31Z,46.14575000,12.59823333,1202.00,67.634
5134,2,3079,3833.809629394832,717.039976536856,2019-07-15T13:25:32Z,46.14591667,12.59828333,1202.00,67.651
5135,2,3080,3834.809629394832,718.039976536856,2019-07-15T13:25:33Z,46.14608333,12.59838333,1202.00,67.67
5136,2,3081,3835.809629394832,719.039976536856,2019-07-15T13:25:34Z,46.14620000,12.59853333,1203.00,67.687
5137,2,3082,3836.809629394832,720.039976536856,2019-07-15T13:25:35Z,46.14630000,12.59870000,1203.00,67.704
5138,2,3083,3837.809629394832,721.039976536856,2019-07-15T13:25:36Z,46.14635000,12.59886667,1202.00,67.717
5139,2,3084,3838.809629394832,722.039976536856,2019-07-15T13:25:37Z,46.14635000,12.59905000,1201.00,67.726
5140,2,3085,3839.809629394832,723.039976536856,2019-07-15T13:25:38Z,46.14631667,12.59923333,1199.00,67.732
5141,2,3086,3840.809629394832,724.039976536856,2019-07-15T13:25:39Z,46.14626667,12.59940000,1198.00,67.737
5142,2,3087,3841.809629394832,725.039976536856,2019-07-15T13:25:40Z,46.14620000,12.59955000,1198.00,67.739
5143,2,3088,3842.809629394832,726.039976536856,2019-07-15T13:25:41Z,46.14616667,12.59970000,1199.00,67.744
5144,2,3089,3843.809629394832,727.039976536856,2019-07-15T13:25:42Z,46.14611667,12.59983333,1200.00,67.746
5145,2,3090,3844.809629394832,728.039976536856,2019-07-15T13:25:43Z,46.14606667,12.59995000,1202.00,67.748
5146,2,3091,3845.809629394832,729.039976536856,2019-07-15T13:25:44Z,46.14603333,12.60006667,1202.00,67.751
5147,2,3092,3846.809629394832,730.039976536856,2019-07-15T13:25:45Z,46.14596667,12.60016667,1203.00,67.751
5148,2,3093,3847.809629394832,731.039976536856,2019-07-15T13:25:46Z,46.14588333,12.60023333,1203.00,67.747
5149,2,3094,3848.809629394832,732.039976536856,2019-07-15T13:25:47Z,46.14580000,12.60028333,1204.00,67.743
5150,2,3095,3849.809629394832,733.039976536856,2019-07-15T13:25:48Z,46.14571667,12.60030000,1204.00,67.737
5151,2,3096,3850.809629394832,734.039976536856,2019-07-15T13:25:49Z,46.14563333,12.60031667,1204.00,67.731
5152,2,3097,3851.809629394832,735.039976536856,2019-07-15T13:25:50Z,46.14553333,12.60030000,1204.00,67.721
5153,2,3098,3852.809629394832,736.039976536856,2019-07-15T13:25:51Z,46.14545000,12.60026667,1203.00,67.713
5154,2,3099,3853.809629394832,737.039976536856,2019-07-15T13:25:52Z,46.14536667,12.60018333,1203.00,67.702
5155,2,3100,3854.809629394832,738.039976536856,2019-07-15T13:25:53Z,46.14530000,12.60006667,1203.00,67.69
5156,2,3101,3855.809629394832,739.039976536856,2019-07-15T13:25:54Z,46.14526667,12.59993333,1203.00,67.681
5157,2,3102,3856.809629394832,740.039976536856,2019-07-15T13:25:55Z,46.14523333,12.59978333,1203.00,67.67
5158,2,3103,3857.809629394832,741.039976536856,2019-07-15T13:25:56Z,46.14523333,12.59963333,1203.00,67.662
5159,2,3104,3858.809629394832,742.039976536856,2019-07-15T13:25:57Z,46.14523333,12.59945000,1202.00,67.653
5160,2,3105,3859.809629394832,743.039976536856,2019-07-15T13:25:58Z,46.14526667,12.59926667,1201.00,67.646
5161,2,3106,3860.809629394832,744.039976536856,2019-07-15T13:25:59Z,46.14531667,12.59910000,1201.00,67.642
5162,2,3107,3861.809629394832,745.039976536856,2019-07-15T13:26:00Z,46.14540000,12.59891667,1201.00,67.64
5163,2,3108,3862.809629394832,746.039976536856,2019-07-15T13:26:01Z,46.14551667,12.59876667,1200.00,67.642
5164,2,3109,3863.809629394832,747.039976536856,2019-07-15T13:26:02Z,46.14566667,12.59865000,1200.00,67.648
5165,2,3110,3864.809629394832,748.039976536856,2019-07-15T13:26:03Z,46.14583333,12.59858333,1199.00,67.659
5166,2,3111,3865.809629394832,749.039976536856,2019-07-15T13:26:04Z,46.14601667,12.59856667,1198.00,67.673
5167,2,3112,3866.809629394832,750.039976536856,2019-07-15T13:26:05Z,46.14620000,12.59860000,1197.00,67.691
5168,2,3113,3867.809629394832,751.039976536856,2019-07-15T13:26:06Z,46.14636667,12.59868333,1197.00,67.709
5169,2,3114,3868.809629394832,752.039976536856,2019-07-15T13:26:07Z,46.14650000,12.59881667,1197.00,67.727
5170,2,3115,3869.809629394832,753.039976536856,2019-07-15T13:26:08Z,46.14661667,12.59896667,1196.00,67.744
5171,2,3116,3870.809629394832,754.039976536856,2019-07-15T13:26:09Z,46.14668333,12.59915000,1196.00,67.759
5172,2,3117,3871.809629394832,755.039976536856,2019-07-15T13:26:10Z,46.14673333,12.59933333,1194.00,67.772
5173,2,3118,3872.809629394832,756.039976536856,2019-07-15T13:26:11Z,46.14673333,12.59951667,1193.00,67.782
5174,2,3119,3873.809629394832,757.039976536856,2019-07-15T13:26:12Z,46.14671667,12.59970000,1191.00,67.79
5175,2,3120,3874.809629394832,758.039976536856,2019-07-15T13:26:13Z,46.14668333,12.59985000,1191.00,67.794
5176,2,3121,3875.809629394832,759.039976536856,2019-07-15T13:26:14Z,46.14665000,12.59998333,1192.00,67.798
5177,2,3122,3876.809629394832,760.039976536856,2019-07-15T13:26:15Z,46.14660000,12.60011667,1192.00,67.801
5178,2,3123,3877.809629394832,761.039976536856,2019-07-15T13:26:16Z,46.14655000,12.60023333,1193.00,67.803
5179,2,3124,3878.809629394832,762.039976536856,2019-07-15T13:26:17Z,46.14651667,12.60038333,1193.00,67.808
5180,2,3125,3879.809629394832,763.039976536856,2019-07-15T13:26:18Z,46.14648333,12.60051667,1193.00,67.812
5181,2,3126,3880.809629394832,764.039976536856,2019-07-15T13:26:19Z,46.14645000,12.60065000,1193.00,67.816
5182,2,3127,3881.809629394832,765.039976536856,2019-07-15T13:26:20Z,46.14641667,12.60078333,1193.00,67.82
5183,2,3128,3882.809629394832,766.039976536856,2019-07-15T13:26:21Z,46.14636667,12.60091667,1192.00,67.822
5184,2,3129,3883.809629394832,767.039976536856,2019-07-15T13:26:22Z,46.14633333,12.60105000,1190.00,67.826
5185,2,3130,3884.809629394832,768.039976536856,2019-07-15T13:26:23Z,46.14626667,12.60116667,1189.00,67.827
5186,2,3131,3885.809629394832,769.039976536856,2019-07-15T13:26:24Z,46.14618333,12.60125000,1187.00,67.824
5187,2,3132,3886.809629394832,770.039976536856,2019-07-15T13:26:25Z,46.14610000,12.60130000,1186.00,67.82
5188,2,3133,3887.809629394832,771.039976536856,2019-07-15T13:26:26Z,46.14600000,12.60133333,1186.00,67.813
5189,2,3134,3888.809629394832,772.039976536856,2019-07-15T13:26:27Z,46.14590000,12.60133333,1186.00,67.805
5190,2,3135,3889.809629394832,773.039976536856,2019-07-15T13:26:28Z,46.14581667,12.60131667,1185.00,67.797
5191,2,3136,3890.809629394832,774.039976536856,2019-07-15T13:26:29Z,46.14571667,12.60126667,1184.00,67.786
5192,2,3137,3891.809629394832,775.039976536856,2019-07-15T13:26:30Z,46.14561667,12.60120000,1183.00,67.775
5193,2,3138,3892.809629394832,776.039976536856,2019-07-15T13:26:31Z,46.14553333,12.60113333,1181.00,67.764
5194,2,3139,3893.809629394832,777.039976536856,2019-07-15T13:26:32Z,46.14543333,12.60101667,1180.00,67.75
5195,2,3140,3894.809629394832,778.039976536856,2019-07-15T13:26:33Z,46.14535000,12.60090000,1179.00,67.737
5196,2,3141,3895.809629394832,779.039976536856,2019-07-15T13:26:34Z,46.14526667,12.60078333,1177.00,67.724
5197,2,3142,3896.809629394832,780.039976536856,2019-07-15T13:26:35Z,46.14518333,12.60065000,1177.00,67.71
5198,2,3143,3897.809629394832,781.039976536856,2019-07-15T13:26:36Z,46.14511667,12.60051667,1175.00,67.698
5199,2,3144,3898.809629394832,782.039976536856,2019-07-15T13:26:37Z,46.14505000,12.60036667,1174.00,67.685
5200,2,3145,3899.809629394832,783.039976536856,2019-07-15T13:26:38Z,46.14498333,12.60021667,1173.00,67.672
5201,2,3146,3900.809629394832,784.039976536856,2019-07-15T13:26:39Z,46.14491667,12.60008333,1173.00,67.659
5202,2,3147,3901.809629394832,785.039976536856,2019-07-15T13:26:40Z,46.14485000,12.59995000,1173.00,67.647
5203,2,3148,3902.809629394832,786.039976536856,2019-07-15T13:26:41Z,46.14480000,12.59983333,1173.00,67.637
5204,2,3149,3903.809629394832,787.039976536856,2019-07-15T13:26:42Z,46.14475000,12.59971667,1174.00,67.627
5205,2,3150,3904.809629394832,788.039976536856,2019-07-15T13:26:43Z,46.14468333,12.59960000,1174.00,67.615
5206,2,3151,3905.809629394832,789.039976536856,2019-07-15T13:26:44Z,46.14463333,12.59950000,1174.00,67.606
5207,2,3152,3906.809629394832,790.039976536856,2019-07-15T13:26:45Z,46.14455000,12.59938333,1173.00,67.593
5208,2,3153,3907.809629394832,791.039976536856,2019-07-15T13:26:46Z,46.14448333,12.59928333,1172.00,67.582
5209,2,3154,3908.809629394832,792.039976536856,2019-07-15T13:26:47Z,46.14441667,12.59918333,1170.00,67.572
5210,2,3155,3909.809629394832,793.039976536856,2019-07-15T13:26:48Z,46.14435000,12.59908333,1170.00,67.561
5211,2,3156,3910.809629394832,794.039976536856,2019-07-15T13:26:49Z,46.14430000,12.59898333,1171.00,67.552
5212,2,3157,3911.809629394832,795.039976536856,2019-07-15T13:26:50Z,46.14423333,12.59890000,1171.00,67.542
5213,2,3158,3912.809629394832,796.039976536856,2019-07-15T13:26:51Z,46.14418333,12.59880000,1171.00,67.533
5214,2,3159,3913.809629394832,797.039976536856,2019-07-15T13:26:52Z,46.14411667,12.59871667,1170.00,67.523
5215,2,3160,3914.809629394832,798.039976536856,2019-07-15T13:26:53Z,46.14405000,12.59863333,1170.00,67.513
5216,2,3161,3915.809629394832,799.039976536856,2019-07-15T13:26:54Z,46.14396667,12.59855000,1170.00,67.502
5217,2,3162,3916.809629394832,800.039976536856,2019-07-15T13:26:55Z,46.14390000,12.59846667,1169.00,67.492
5218,2,3163,3917.809629394832,801.039976536856,2019-07-15T13:26:56Z,46.14385000,12.59838333,1168.00,67.483
5219,2,3164,3918.809629394832,802.039976536856,2019-07-15T13:26:57Z,46.14378333,12.59830000,1168.00,67.474
5220,2,3165,3919.809629394832,803.039976536856,2019-07-15T13:26:58Z,46.14373333,12.59820000,1167.00,67.464
5221,2,3166,3920.809629394832,804.039976536856,2019-07-15T13:26:59Z,46.14366667,12.59811667,1166.00,67.455
5222,2,3167,3921.809629394832,805.039976536856,2019-07-15T13:27:00Z,46.14360000,12.59801667,1165.00,67.444
5223,2,3168,3922.809629394832,806.039976536856,2019-07-15T13:27:01Z,46.14355000,12.59791667,1164.00,67.435
5224,2,3169,3923.809629394832,807.039976536856,2019-07-15T13:27:02Z,46.14348333,12.59780000,1164.00,67.423
5225,2,3170,3924.809629394832,808.039976536856,2019-07-15T13:27:03Z,46.14343333,12.59768333,1164.00,67.413
5226,2,3171,3925.809629394832,809.039976536856,2019-07-15T13:27:04Z,46.14336667,12.59756667,1164.00,67.401
5227,2,3172,3926.809629394832,810.039976536856,2019-07-15T13:27:05Z,46.14331667,12.59743333,1164.00,67.391
5228,2,3173,3927.809629394832,811.039976536856,2019-07-15T13:27:06Z,46.14325000,12.59731667,1164.00,67.379
5229,2,3174,3928.809629394832,812.039976536856,2019-07-15T13:27:07Z,46.14320000,12.59718333,1164.00,67.368
5230,2,3175,3929.809629394832,813.039976536856,2019-07-15T13:27:08Z,46.14313333,12.59706667,1164.00,67.356
5231,2,3176,3930.809629394832,814.039976536856,2019-07-15T13:27:09Z,46.14306667,12.59693333,1164.00,67.344
5232,2,3177,3931.809629394832,815.039976536856,2019-07-15T13:27:10Z,46.14301667,12.59680000,1164.00,67.333
5233,2,3178,3932.809629394832,816.039976536856,2019-07-15T13:27:11Z,46.14295000,12.59668333,1165.00,67.322
5234,2,3179,3933.809629394832,817.039976536856,2019-07-15T13:27:12Z,46.14288333,12.59656667,1165.00,67.31
5235,2,3180,3934.809629394832,818.039976536856,2019-07-15T13:27:13Z,46.14281667,12.59643333,1166.00,67.298
5236,2,3181,3935.809629394832,819.039976536856,2019-07-15T13:27:14Z,46.14275000,12.59631667,1166.00,67.286
5237,2,3182,3936.809629394832,820.039976536856,2019-07-15T13:27:15Z,46.14268333,12.59618333,1166.00,67.274
5238,2,3183,3937.809629394832,821.039976536856,2019-07-15T13:27:16Z,46.14263333,12.59605000,1167.00,67.263
5239,2,3184,3938.809629394832,822.039976536856,2019-07-15T13:27:17Z,46.14258333,12.59593333,1167.00,67.253
5240,2,3185,3939.809629394832,823.039976536856,2019-07-15T13:27:18Z,46.14255000,12.59580000,1168.00,67.243
5241,2,3186,3940.809629394832,824.039976536856,2019-07-15T13:27:19Z,46.14250000,12.59566667,1169.00,67.232
5242,2,3187,3941.809629394832,825.039976536856,2019-07-15T13:27:20Z,46.14246667,12.59555000,1169.00,67.223
5243,2,3188,3942.809629394832,826.039976536856,2019-07-15T13:27:21Z,46.14241667,12.59541667,1169.00,67.213
5244,2,3189,3943.809629394832,827.039976536856,2019-07-15T13:27:22Z,46.14238333,12.59528333,1169.00,67.203
5245,2,3190,3944.809629394832,828.039976536856,2019-07-15T13:27:23Z,46.14235000,12.59515000,1169.00,67.193
5246,2,3191,3945.809629394832,829.039976536856,2019-07-15T13:27:24Z,46.14230000,12.59500000,1169.00,67.182
5247,2,3192,3946.809629394832,830.039976536856,2019-07-15T13:27:25Z,46.14226667,12.59486667,1169.00,67.172
5248,2,3193,3947.809629394832,831.039976536856,2019-07-15T13:27:26Z,46.14221667,12.59473333,1170.00,67.161
5249,2,3194,3948.809629394832,832.039976536856,2019-07-15T13:27:27Z,46.14216667,12.59460000,1171.00,67.15
5250,2,3195,3949.809629394832,833.039976536856,2019-07-15T13:27:28Z,46.14213333,12.59446667,1172.00,67.14
5251,2,3196,3950.809629394832,834.039976536856,2019-07-15T13:27:29Z,46.14208333,12.59431667,1172.00,67.129
5252,2,3197,3951.809629394832,835.039976536856,2019-07-15T13:27:30Z,46.14205000,12.59415000,1170.00,67.117
5253,2,3198,3952.809629394832,836.039976536856,2019-07-15T13:27:31Z,46.14198333,12.59400000,1169.00,67.104
5254,2,3199,3953.809629394832,837.039976536856,2019-07-15T13:27:32Z,46.14191667,12.59385000,1169.00,67.091
5255,2,3200,3954.809629394832,838.039976536856,2019-07-15T13:27:33Z,46.14185000,12.59376667,1169.00,67.081
5256,2,3201,3955.809629394832,839.039976536856,2019-07-15T13:27:34Z,46.14175000,12.59373333,1170.00,67.071
5257,2,3202,3956.809629394832,840.039976536856,2019-07-15T13:27:35Z,46.14163333,12.59373333,1170.00,67.061
5258,2,3203,3957.809629394832,841.039976536856,2019-07-15T13:27:36Z,46.14151667,12.59380000,1168.00,67.055
5259,2,3204,3958.809629394832,842.039976536856,2019-07-15T13:27:37Z,46.14141667,12.59390000,1166.00,67.052
5260,2,3205,3959.809629394832,843.039976536856,2019-07-15T13:27:38Z,46.14133333,12.59400000,1164.00,67.05
5261,2,3206,3960.809629394832,844.039976536856,2019-07-15T13:27:39Z,46.14123333,12.59410000,1168.00,67.047
5262,2,3207,3961.809629394832,845.039976536856,2019-07-15T13:27:40Z,46.14115000,12.59420000,1169.00,67.045
5263,2,3208,3962.809629394832,846.039976536856,2019-07-15T13:27:41Z,46.14108333,12.59431667,1171.00,67.045
5264,2,3209,3963.809629394832,847.039976536856,2019-07-15T13:27:42Z,46.14103333,12.59446667,1171.00,67.049
5265,2,3210,3964.809629394832,848.039976536856,2019-07-15T13:27:43Z,46.14103333,12.59465000,1171.00,67.058
5266,2,3211,3965.809629394832,849.039976536856,2019-07-15T13:27:44Z,46.14106667,12.59483333,1172.00,67.07
5267,2,3212,3966.809629394832,850.039976536856,2019-07-15T13:27:45Z,46.14113333,12.59503333,1172.00,67.086
5268,2,3213,3967.809629394832,851.039976536856,2019-07-15T13:27:46Z,46.14123333,12.59520000,1170.00,67.103
5269,2,3214,3968.809629394832,852.039976536856,2019-07-15T13:27:47Z,46.14136667,12.59535000,1168.00,67.122
5270,2,3215,3969.809629394832,853.039976536856,2019-07-15T13:27:48Z,46.14153333,12.59543333,1166.00,67.14
5271,2,3216,3970.809629394832,854.039976536856,2019-07-15T13:27:49Z,46.14170000,12.59548333,1165.00,67.156
5272,2,3217,3971.809629394832,855.039976536856,2019-07-15T13:27:50Z,46.14185000,12.59548333,1164.00,67.169
5273,2,3218,3972.809629394832,856.039976536856,2019-07-15T13:27:51Z,46.14201667,12.59543333,1164.00,67.18
5274,2,3219,3973.809629394832,857.039976536856,2019-07-15T13:27:52Z,46.14215000,12.59531667,1165.00,67.185
5275,2,3220,3974.809629394832,858.039976536856,2019-07-15T13:27:53Z,46.14226667,12.59518333,1165.00,67.188
5276,2,3221,3975.809629394832,859.039976536856,2019-07-15T13:27:54Z,46.14236667,12.59503333,1167.00,67.189
5277,2,3222,3976.809629394832,860.039976536856,2019-07-15T13:27:55Z,46.14243333,12.59488333,1168.00,67.187
5278,2,3223,3977.809629394832,861.039976536856,2019-07-15T13:27:56Z,46.14250000,12.59471667,1169.00,67.184
5279,2,3224,3978.809629394832,862.039976536856,2019-07-15T13:27:57Z,46.14253333,12.59451667,1169.00,67.176
5280,2,3225,3979.809629394832,863.039976536856,2019-07-15T13:27:58Z,46.14253333,12.59431667,1168.00,67.166
5281,2,3226,3980.809629394832,864.039976536856,2019-07-15T13:27:59Z,46.14250000,12.59411667,1168.00,67.153
5282,2,3227,3981.809629394832,865.039976536856,2019-07-15T13:28:00Z,46.14243333,12.59395000,1166.00,67.139
5283,2,3228,3982.809629394832,866.039976536856,2019-07-15T13:28:01Z,46.14235000,12.59381667,1168.00,67.126
5284,2,3229,3983.809629394832,867.039976536856,2019-07-15T13:28:02Z,46.14225000,12.59371667,1168.00,67.112
5285,2,3230,3984.809629394832,868.039976536856,2019-07-15T13:28:03Z,46.14215000,12.59365000,1168.00,67.1
5286,2,3231,3985.809629394832,869.039976536856,2019-07-15T13:28:04Z,46.14203333,12.59358333,1167.00,67.087
5287,2,3232,3986.809629394832,870.039976536856,2019-07-15T13:28:05Z,46.14190000,12.59353333,1165.00,67.074
5288,2,3233,3987.809629394832,871.039976536856,2019-07-15T13:28:06Z,46.14178333,12.59350000,1166.00,67.062
5289,2,3234,3988.809629394832,872.039976536856,2019-07-15T13:28:07Z,46.14165000,12.59345000,1166.00,67.048
5290,2,3235,3989.809629394832,873.039976536856,2019-07-15T13:28:08Z,46.14153333,12.59340000,1166.00,67.036
5291,2,3236,3990.809629394832,874.039976536856,2019-07-15T13:28:09Z,46.14141667,12.59335000,1167.00,67.024
5292,2,3237,3991.809629394832,875.039976536856,2019-07-15T13:28:10Z,46.14130000,12.59328333,1167.00,67.011
5293,2,3238,3992.809629394832,876.039976536856,2019-07-15T13:28:11Z,46.14120000,12.59323333,1167.00,67.0
5294,2,3239,3993.809629394832,877.039976536856,2019-07-15T13:28:12Z,46.14108333,12.59318333,1168.00,66.988
5295,2,3240,3994.809629394832,878.039976536856,2019-07-15T13:28:13Z,46.14098333,12.59313333,1167.00,66.977
5296,2,3241,3995.809629394832,879.039976536856,2019-07-15T13:28:14Z,46.14088333,12.59311667,1167.00,66.967
5297,2,3242,3996.809629394832,880.039976536856,2019-07-15T13:28:15Z,46.14076667,12.59308333,1166.00,66.956
5298,2,3243,3997.809629394832,881.039976536856,2019-07-15T13:28:16Z,46.14065000,12.59306667,1165.00,66.945
5299,2,3244,3998.809629394832,882.039976536856,2019-07-15T13:28:17Z,46.14053333,12.59303333,1165.00,66.934
5300,2,3245,3999.809629394832,883.039976536856,2019-07-15T13:28:18Z,46.14043333,12.59300000,1165.00,66.924
5301,2,3246,4000.809629394832,884.039976536856,2019-07-15T13:28:19Z,46.14035000,12.59295000,1165.00,66.914
5302,2,3247,4001.809629394832,885.039976536856,2019-07-15T13:28:20Z,46.14025000,12.59288333,1166.00,66.903
5303,2,3248,4002.809629394832,886.039976536856,2019-07-15T13:28:21Z,46.14016667,12.59281667,1165.00,66.892
5304,2,3249,4003.809629394832,887.039976536856,2019-07-15T13:28:22Z,46.14006667,12.59273333,1164.00,66.88
5305,2,3250,4004.809629394832,888.039976536856,2019-07-15T13:28:23Z,46.13996667,12.59266667,1163.00,66.868
5306,2,3251,4005.809629394832,889.039976536856,2019-07-15T13:28:24Z,46.13986667,12.59258333,1164.00,66.856
5307,2,3252,4006.809629394832,890.039976536856,2019-07-15T13:28:25Z,46.13978333,12.59253333,1161.00,66.846
5308,2,3253,4007.809629394832,891.039976536856,2019-07-15T13:28:26Z,46.13968333,12.59248333,1163.00,66.835
5309,2,3254,4008.809629394832,892.039976536856,2019-07-15T13:28:27Z,46.13960000,12.59245000,1163.00,66.827
5310,2,3255,4009.809629394832,893.039976536856,2019-07-15T13:28:28Z,46.13950000,12.59240000,1159.00,66.816
5311,2,3256,4010.809629394832,894.039976536856,2019-07-15T13:28:29Z,46.13941667,12.59236667,1161.00,66.807
5312,2,3257,4011.809629394832,895.039976536856,2019-07-15T13:28:30Z,46.13933333,12.59231667,1161.00,66.798
5313,2,3258,4012.809629394832,896.039976536856,2019-07-15T13:28:31Z,46.13925000,12.59225000,1160.00,66.787
5314,2,3259,4013.809629394832,897.039976536856,2019-07-15T13:28:32Z,46.13916667,12.59218333,1159.00,66.777
5315,2,3260,4014.809629394832,898.039976536856,2019-07-15T13:28:33Z,46.13910000,12.59210000,1159.00,66.767
5316,2,3261,4015.809629394832,899.039976536856,2019-07-15T13:28:34Z,46.13903333,12.59201667,1160.00,66.757
5317,2,3262,4016.809629394832,900.039976536856,2019-07-15T13:28:35Z,46.13896667,12.59191667,1159.00,66.747
5318,2,3263,4017.809629394832,901.039976536856,2019-07-15T13:28:36Z,46.13888333,12.59181667,1159.00,66.735
5319,2,3264,4018.809629394832,902.039976536856,2019-07-15T13:28:37Z,46.13881667,12.59168333,1157.00,66.722
5320,2,3265,4019.809629394832,903.039976536856,2019-07-15T13:28:38Z,46.13873333,12.59158333,1156.00,66.71
5321,2,3266,4020.809629394832,904.039976536856,2019-07-15T13:28:39Z,46.13863333,12.59148333,1158.00,66.697
5322,2,3267,4021.809629394832,905.039976536856,2019-07-15T13:28:40Z,46.13855000,12.59141667,1159.00,66.686
5323,2,3268,4022.809629394832,906.039976536856,2019-07-15T13:28:41Z,46.13846667,12.59136667,1160.00,66.677
5324,2,3269,4023.809629394832,907.039976536856,2019-07-15T13:28:42Z,46.13838333,12.59133333,1162.00,66.668
5325,2,3270,4024.809629394832,908.039976536856,2019-07-15T13:28:43Z,46.13831667,12.59131667,1163.00,66.662
5326,2,3271,4025.809629394832,909.039976536856,2019-07-15T13:28:44Z,46.13823333,12.59130000,1163.00,66.654
5327,2,3272,4026.809629394832,910.039976536856,2019-07-15T13:28:45Z,46.13813333,12.59126667,1163.00,66.644
5328,2,3273,4027.809629394832,911.039976536856,2019-07-15T13:28:46Z,46.13805000,12.59125000,1163.00,66.636
5329,2,3274,4028.809629394832,912.039976536856,2019-07-15T13:28:47Z,46.13795000,12.59120000,1162.00,66.626
5330,2,3275,4029.809629394832,913.039976536856,2019-07-15T13:28:48Z,46.13785000,12.59115000,1162.00,66.615
5331,2,3276,4030.809629394832,914.039976536856,2019-07-15T13:28:49Z,46.13775000,12.59108333,1162.00,66.603
5332,2,3277,4031.809629394832,915.039976536856,2019-07-15T13:28:50Z,46.13765000,12.59101667,1162.00,66.591
5333,2,3278,4032.809629394832,916.039976536856,2019-07-15T13:28:51Z,46.13753333,12.59093333,1163.00,66.577
5334,2,3279,4033.809629394832,917.039976536856,2019-07-15T13:28:52Z,46.13743333,12.59083333,1163.00,66.564
5335,2,3280,4034.809629394832,918.039976536856,2019-07-15T13:28:53Z,46.13735000,12.59071667,1163.00,66.551
5336,2,3281,4035.809629394832,919.039976536856,2019-07-15T13:28:54Z,46.13726667,12.59058333,1162.00,66.537
5337,2,3282,4036.809629394832,920.039976536856,2019-07-15T13:28:55Z,46.13718333,12.59045000,1161.00,66.524
5338,2,3283,4037.809629394832,921.039976536856,2019-07-15T13:28:56Z,46.13711667,12.59031667,1163.00,66.511
5339,2,3284,4038.809629394832,922.039976536856,2019-07-15T13:28:57Z,46.13705000,12.59018333,1165.00,66.499
5340,2,3285,4039.809629394832,923.039976536856,2019-07-15T13:28:58Z,46.13696667,12.59006667,1166.00,66.486
5341,2,3286,4040.809629394832,924.039976536856,2019-07-15T13:28:59Z,46.13690000,12.58996667,1166.00,66.475
5342,2,3287,4041.809629394832,925.039976536856,2019-07-15T13:29:00Z,46.13681667,12.58988333,1166.00,66.464
5343,2,3288,4042.809629394832,926.039976536856,2019-07-15T13:29:01Z,46.13673333,12.58981667,1165.00,66.454
5344,2,3289,4043.809629394832,927.039976536856,2019-07-15T13:29:02Z,46.13663333,12.58978333,1166.00,66.444
5345,2,3290,4044.809629394832,928.039976536856,2019-07-15T13:29:03Z,46.13653333,12.58976667,1166.00,66.435
5346,2,3291,4045.809629394832,929.039976536856,2019-07-15T13:29:04Z,46.13643333,12.58978333,1165.00,66.427
5347,2,3292,4046.809629394832,930.039976536856,2019-07-15T13:29:05Z,46.13633333,12.58983333,1165.00,66.421
5348,2,3293,4047.809629394832,931.039976536856,2019-07-15T13:29:06Z,46.13623333,12.58990000,1165.00,66.417
5349,2,3294,4048.809629394832,932.039976536856,2019-07-15T13:29:07Z,46.13615000,12.58998333,1166.00,66.414
5350,2,3295,4049.809629394832,933.039976536856,2019-07-15T13:29:08Z,46.13608333,12.59008333,1167.00,66.414
5351,2,3296,4050.809629394832,934.039976536856,2019-07-15T13:29:09Z,46.13603333,12.59018333,1168.00,66.415
5352,2,3297,4051.809629394832,935.039976536856,2019-07-15T13:29:10Z,46.13598333,12.59031667,1168.00,66.418
5353,2,3298,4052.809629394832,936.039976536856,2019-07-15T13:29:11Z,46.13595000,12.59045000,1169.00,66.422
5354,2,3299,4053.809629394832,937.039976536856,2019-07-15T13:29:12Z,46.13591667,12.59061667,1169.00,66.428
5355,2,3300,4054.809629394832,938.039976536856,2019-07-15T13:29:13Z,46.13591667,12.59078333,1168.00,66.437
5356,2,3301,4055.809629394832,939.039976536856,2019-07-15T13:29:14Z,46.13593333,12.59098333,1167.00,66.448
5357,2,3302,4056.809629394832,940.039976536856,2019-07-15T13:29:15Z,46.13595000,12.59118333,1164.00,66.46
5358,2,3303,4057.809629394832,941.039976536856,2019-07-15T13:29:16Z,46.13598333,12.59140000,1162.00,66.474
5359,2,3304,4058.809629394832,942.039976536856,2019-07-15T13:29:17Z,46.13601667,12.59161667,1159.00,66.488
5360,2,3305,4059.809629394832,943.039976536856,2019-07-15T13:29:18Z,46.13600000,12.59181667,1160.00,66.497
5361,2,3306,4060.809629394832,944.039976536856,2019-07-15T13:29:19Z,46.13595000,12.59198333,1160.00,66.502
5362,2,3307,4061.809629394832,945.039976536856,2019-07-15T13:29:20Z,46.13585000,12.59211667,1159.00,66.501
5363,2,3308,4062.809629394832,946.039976536856,2019-07-15T13:29:21Z,46.13573333,12.59218333,1156.00,66.495
5364,2,3309,4063.809629394832,947.039976536856,2019-07-15T13:29:22Z,46.13560000,12.59223333,1152.00,66.487
5365,2,3310,4064.809629394832,948.039976536856,2019-07-15T13:29:23Z,46.13546667,12.59225000,1153.00,66.477
5366,2,3311,4065.809629394832,949.039976536856,2019-07-15T13:29:24Z,46.13535000,12.59226667,1153.00,66.468
5367,2,3312,4066.809629394832,950.039976536856,2019-07-15T13:29:25Z,46.13523333,12.59226667,1153.00,66.459
5368,2,3313,4067.809629394832,951.039976536856,2019-07-15T13:29:26Z,46.13511667,12.59226667,1153.00,66.449
5369,2,3314,4068.809629394832,952.039976536856,2019-07-15T13:29:27Z,46.13500000,12.59228333,1157.00,66.441
5370,2,3315,4069.809629394832,953.039976536856,2019-07-15T13:29:28Z,46.13490000,12.59228333,1159.00,66.433
5371,2,3316,4070.809629394832,954.039976536856,2019-07-15T13:29:29Z,46.13481667,12.59228333,1162.00,66.426
5372,2,3317,4071.809629394832,955.039976536856,2019-07-15T13:29:30Z,46.13471667,12.59230000,1163.00,66.419
5373,2,3318,4072.809629394832,956.039976536856,2019-07-15T13:29:31Z,46.13463333,12.59233333,1164.00,66.414
5374,2,3319,4073.809629394832,957.039976536856,2019-07-15T13:29:32Z,46.13453333,12.59236667,1166.00,66.407
5375,2,3320,4074.809629394832,958.039976536856,2019-07-15T13:29:33Z,46.13443333,12.59245000,1167.00,66.404
5376,2,3321,4075.809629394832,959.039976536856,2019-07-15T13:29:34Z,46.13435000,12.59258333,1169.00,66.404
5377,2,3322,4076.809629394832,960.039976536856,2019-07-15T13:29:35Z,46.13431667,12.59278333,1171.00,66.412
5378,2,3323,4077.809629394832,961.039976536856,2019-07-15T13:29:36Z,46.13431667,12.59298333,1173.00,66.423
5379,2,3324,4078.809629394832,962.039976536856,2019-07-15T13:29:37Z,46.13438333,12.59316667,1176.00,66.438
5380,2,3325,4079.809629394832,963.039976536856,2019-07-15T13:29:38Z,46.13446667,12.59330000,1178.00,66.452
5381,2,3326,4080.809629394832,964.039976536856,2019-07-15T13:29:39Z,46.13458333,12.59340000,1181.00,66.466
5382,2,3327,4081.809629394832,965.039976536856,2019-07-15T13:29:40Z,46.13470000,12.59346667,1184.00,66.479
5383,2,3328,4082.809629394832,966.039976536856,2019-07-15T13:29:41Z,46.13485000,12.59346667,1185.00,66.491
5384,2,3329,4083.809629394832,967.039976536856,2019-07-15T13:29:42Z,46.13498333,12.59341667,1186.00,66.499
5385,2,3330,4084.809629394832,968.039976536856,2019-07-15T13:29:43Z,46.13511667,12.59326667,1186.00,66.502
5386,2,3331,4085.809629394832,969.039976536856,2019-07-15T13:29:44Z,46.13520000,12.59308333,1187.00,66.499
5387,2,3332,4086.809629394832,970.039976536856,2019-07-15T13:29:45Z,46.13526667,12.59290000,1187.00,66.495
5388,2,3333,4087.809629394832,971.039976536856,2019-07-15T13:29:46Z,46.13530000,12.59271667,1189.00,66.488
5389,2,3334,4088.809629394832,972.039976536856,2019-07-15T13:29:47Z,46.13530000,12.59253333,1190.00,66.478
5390,2,3335,4089.809629394832,973.039976536856,2019-07-15T13:29:48Z,46.13530000,12.59238333,1192.00,66.47
5391,2,3336,4090.809629394832,974.039976536856,2019-07-15T13:29:49Z,46.13528333,12.59223333,1193.00,66.461
5392,2,3337,4091.809629394832,975.039976536856,2019-07-15T13:29:50Z,46.13525000,12.59210000,1195.00,66.451
5393,2,3338,4092.809629394832,976.039976536856,2019-07-15T13:29:51Z,46.13520000,12.59198333,1198.00,66.441
5394,2,3339,4093.809629394832,977.039976536856,2019-07-15T13:29:52Z,46.13513333,12.59188333,1201.00,66.43
5395,2,3340,4094.809629394832,978.039976536856,2019-07-15T13:29:53Z,46.13508333,12.59181667,1204.00,66.423
5396,2,3341,4095.809629394832,979.039976536856,2019-07-15T13:29:54Z,46.13500000,12.59178333,1206.00,66.414
5397,2,3342,4096.809629394832,980.039976536856,2019-07-15T13:29:55Z,46.13493333,12.59178333,1209.00,66.409
5398,2,3343,4097.809629394832,981.039976536856,2019-07-15T13:29:56Z,46.13486667,12.59185000,1210.00,66.407
5399,2,3344,4098.809629394832,982.039976536856,2019-07-15T13:29:57Z,46.13481667,12.59195000,1212.00,66.408
5400,2,3345,4099.809629394832,983.039976536856,2019-07-15T13:29:58Z,46.13478333,12.59211667,1213.00,66.414
5401,2,3346,4100.809629394832,984.039976536856,2019-07-15T13:29:59Z,46.13480000,12.59230000,1215.00,66.425
5402,2,3347,4101.809629394832,985.039976536856,2019-07-15T13:30:00Z,46.13485000,12.59250000,1218.00,66.44
5403,2,3348,4102.809629394832,986.039976536856,2019-07-15T13:30:01Z,46.13493333,12.59265000,1220.00,66.455
5404,2,3349,4103.809629394832,987.039976536856,2019-07-15T13:30:02Z,46.13501667,12.59280000,1223.00,66.469
5405,2,3350,4104.809629394832,988.039976536856,2019-07-15T13:30:03Z,46.13511667,12.59293333,1226.00,66.484
5406,2,3351,4105.809629394832,989.039976536856,2019-07-15T13:30:04Z,46.13521667,12.59306667,1228.00,66.5
5407,2,3352,4106.809629394832,990.039976536856,2019-07-15T13:30:05Z,46.13528333,12.59323333,1230.00,66.514
5408,2,3353,4107.809629394832,991.039976536856,2019-07-15T13:30:06Z,46.13533333,12.59340000,1233.00,66.527
5409,2,3354,4108.809629394832,992.039976536856,2019-07-15T13:30:07Z,46.13533333,12.59358333,1235.00,66.536
5410,2,3355,4109.809629394832,993.039976536856,2019-07-15T13:30:08Z,46.13531667,12.59376667,1237.00,66.545
5411,2,3356,4110.809629394832,994.039976536856,2019-07-15T13:30:09Z,46.13525000,12.59393333,1238.00,66.548
5412,2,3357,4111.809629394832,995.039976536856,2019-07-15T13:30:10Z,46.13515000,12.59408333,1238.00,66.548
5413,2,3358,4112.809629394832,996.039976536856,2019-07-15T13:30:11Z,46.13503333,12.59418333,1239.00,66.544
5414,2,3359,4113.809629394832,997.039976536856,2019-07-15T13:30:12Z,46.13491667,12.59425000,1242.00,66.538
5415,2,3360,4114.809629394832,998.039976536856,2019-07-15T13:30:13Z,46.13478333,12.59425000,1245.00,66.528
5416,2,3361,4115.809629394832,999.039976536856,2019-07-15T13:30:14Z,46.13466667,12.59421667,1247.00,66.517
5417,2,3362,4116.809629394832,1000.039976536856,2019-07-15T13:30:15Z,46.13456667,12.59410000,1249.00,66.502
5418,2,3363,4117.809629394832,1001.039976536856,2019-07-15T13:30:16Z,46.13448333,12.59393333,1248.00,66.487
5419,2,3364,4118.809629394832,1002.039976536856,2019-07-15T13:30:17Z,46.13443333,12.59375000,1249.00,66.473
5420,2,3365,4119.809629394832,1003.039976536856,2019-07-15T13:30:18Z,46.13440000,12.59356667,1251.00,66.461
5421,2,3366,4120.809629394832,1004.039976536856,2019-07-15T13:30:19Z,46.13436667,12.59338333,1255.00,66.448
5422,2,3367,4121.809629394832,1005.039976536856,2019-07-15T13:30:20Z,46.13433333,12.59320000,1258.00,66.436
5423,2,3368,4122.809629394832,1006.039976536856,2019-07-15T13:30:21Z,46.13431667,12.59303333,1263.00,66.425
5424,2,3369,4123.809629394832,1007.039976536856,2019-07-15T13:30:22Z,46.13430000,12.59286667,1266.00,66.415
5425,2,3370,4124.809629394832,1008.039976536856,2019-07-15T13:30:23Z,46.13430000,12.59270000,1268.00,66.406
5426,2,3371,4125.809629394832,1009.039976536856,2019-07-15T13:30:24Z,46.13433333,12.59250000,1269.00,66.398
5427,2,3372,4126.809629394832,1010.039976536856,2019-07-15T13:30:25Z,46.13440000,12.59231667,1270.00,66.394
5428,2,3373,4127.809629394832,1011.039976536856,2019-07-15T13:30:26Z,46.13450000,12.59213333,1270.00,66.392
5429,2,3374,4128.809629394832,1012.039976536856,2019-07-15T13:30:27Z,46.13463333,12.59198333,1271.00,66.395
5430,2,3375,4129.809629394832,1013.039976536856,2019-07-15T13:30:28Z,46.13480000,12.59186667,1271.00,66.402
5431,2,3376,4130.809629394832,1014.039976536856,2019-07-15T13:30:29Z,46.13498333,12.59180000,1273.00,66.414
5432,2,3377,4131.809629394832,1015.039976536856,2019-07-15T13:30:30Z,46.13515000,12.59178333,1276.00,66.426
5433,2,3378,4132.809629394832,1016.039976536856,2019-07-15T13:30:31Z,46.13533333,12.59180000,1279.00,66.442
5434,2,3379,4133.809629394832,1017.039976536856,2019-07-15T13:30:32Z,46.13548333,12.59186667,1281.00,66.458
5435,2,3380,4134.809629394832,1018.039976536856,2019-07-15T13:30:33Z,46.13563333,12.59196667,1283.00,66.475
5436,2,3381,4135.809629394832,1019.039976536856,2019-07-15T13:30:34Z,46.13575000,12.59210000,1284.00,66.492
5437,2,3382,4136.809629394832,1020.039976536856,2019-07-15T13:30:35Z,46.13585000,12.59226667,1286.00,66.509
5438,2,3383,4137.809629394832,1021.039976536856,2019-07-15T13:30:36Z,46.13595000,12.59245000,1289.00,66.526
5439,2,3384,4138.809629394832,1022.039976536856,2019-07-15T13:30:37Z,46.13603333,12.59265000,1291.00,66.544
5440,2,3385,4139.809629394832,1023.039976536856,2019-07-15T13:30:38Z,46.13608333,12.59286667,1292.00,66.559
5441,2,3386,4140.809629394832,1024.039976536856,2019-07-15T13:30:39Z,46.13613333,12.59308333,1294.00,66.575
5442,2,3387,4141.809629394832,1025.039976536856,2019-07-15T13:30:40Z,46.13613333,12.59330000,1296.00,66.586
5443,2,3388,4142.809629394832,1026.039976536856,2019-07-15T13:30:41Z,46.13613333,12.59351667,1298.00,66.598
5444,2,3389,4143.809629394832,1027.039976536856,2019-07-15T13:30:42Z,46.13611667,12.59371667,1301.00,66.607
5445,2,3390,4144.809629394832,1028.039976536856,2019-07-15T13:30:43Z,46.13606667,12.59391667,1304.00,66.613
5446,2,3391,4145.809629394832,1029.039976536856,2019-07-15T13:30:44Z,46.13601667,12.59408333,1306.00,66.618
5447,2,3392,4146.809629394832,1030.039976536856,2019-07-15T13:30:45Z,46.13593333,12.59421667,1308.00,66.618
5448,2,3393,4147.809629394832,1031.039976536856,2019-07-15T13:30:46Z,46.13583333,12.59431667,1311.00,66.616
5449,2,3394,4148.809629394832,1032.039976536856,2019-07-15T13:30:47Z,46.13571667,12.59436667,1313.00,66.609
5450,2,3395,4149.809629394832,1033.039976536856,2019-07-15T13:30:48Z,46.13558333,12.59438333,1313.00,66.599
5451,2,3396,4150.809629394832,1034.039976536856,2019-07-15T13:30:49Z,46.13546667,12.59435000,1314.00,66.588
5452,2,3397,4151.809629394832,1035.039976536856,2019-07-15T13:30:50Z,46.13533333,12.59426667,1315.00,66.573
5453,2,3398,4152.809629394832,1036.039976536856,2019-07-15T13:30:51Z,46.13520000,12.59415000,1315.00,66.556
5454,2,3399,4153.809629394832,1037.039976536856,2019-07-15T13:30:52Z,46.13510000,12.59400000,1316.00,66.54
5455,2,3400,4154.809629394832,1038.039976536856,2019-07-15T13:30:53Z,46.13500000,12.59383333,1318.00,66.523
5456,2,3401,4155.809629394832,1039.039976536856,2019-07-15T13:30:54Z,46.13493333,12.59366667,1320.00,66.509
5457,2,3402,4156.809629394832,1040.039976536856,2019-07-15T13:30:55Z,46.13490000,12.59346667,1323.00,66.495
5458,2,3403,4157.809629394832,1041.039976536856,2019-07-15T13:30:56Z,46.13490000,12.59326667,1325.00,66.485
5459,2,3404,4158.809629394832,1042.039976536856,2019-07-15T13:30:57Z,46.13491667,12.59306667,1327.00,66.475
5460,2,3405,4159.809629394832,1043.039976536856,2019-07-15T13:30:58Z,46.13496667,12.59286667,1329.00,66.469
5461,2,3406,4160.809629394832,1044.039976536856,2019-07-15T13:30:59Z,46.13505000,12.59268333,1329.00,66.466
5462,2,3407,4161.809629394832,1045.039976536856,2019-07-15T13:31:00Z,46.13513333,12.59250000,1330.00,66.463
5463,2,3408,4162.809629394832,1046.039976536856,2019-07-15T13:31:01Z,46.13523333,12.59231667,1330.00,66.461
5464,2,3409,4163.809629394832,1047.039976536856,2019-07-15T13:31:02Z,46.13536667,12.59213333,1331.00,66.462
5465,2,3410,4164.809629394832,1048.039976536856,2019-07-15T13:31:03Z,46.13551667,12.59198333,1331.00,66.467
5466,2,3411,4165.809629394832,1049.039976536856,2019-07-15T13:31:04Z,46.13566667,12.59185000,1332.00,66.472
5467,2,3412,4166.809629394832,1050.039976536856,2019-07-15T13:31:05Z,46.13585000,12.59173333,1332.00,66.481
5468,2,3413,4167.809629394832,1051.039976536856,2019-07-15T13:31:06Z,46.13603333,12.59163333,1335.00,66.49
5469,2,3414,4168.809629394832,1052.039976536856,2019-07-15T13:31:07Z,46.13620000,12.59155000,1337.00,66.5
5470,2,3415,4169.809629394832,1053.039976536856,2019-07-15T13:31:08Z,46.13636667,12.59150000,1341.00,66.511
5471,2,3416,4170.809629394832,1054.039976536856,2019-07-15T13:31:09Z,46.13653333,12.59146667,1345.00,66.523
5472,2,3417,4171.809629394832,1055.039976536856,2019-07-15T13:31:10Z,46.13668333,12.59146667,1348.00,66.535
5473,2,3418,4172.809629394832,1056.039976536856,2019-07-15T13:31:11Z,46.13685000,12.59151667,1350.00,66.551
5474,2,3419,4173.809629394832,1057.039976536856,2019-07-15T13:31:12Z,46.13701667,12.59161667,1351.00,66.57
5475,2,3420,4174.809629394832,1058.039976536856,2019-07-15T13:31:13Z,46.13716667,12.59176667,1351.00,66.59
5476,2,3421,4175.809629394832,1059.039976536856,2019-07-15T13:31:14Z,46.13731667,12.59195000,1351.00,66.612
5477,2,3422,4176.809629394832,1060.039976536856,2019-07-15T13:31:15Z,46.13743333,12.59215000,1352.00,66.632
5478,2,3423,4177.809629394832,1061.039976536856,2019-07-15T13:31:16Z,46.13751667,12.59236667,1354.00,66.65
5479,2,3424,4178.809629394832,1062.039976536856,2019-07-15T13:31:17Z,46.13758333,12.59260000,1355.00,66.668
5480,2,3425,4179.809629394832,1063.039976536856,2019-07-15T13:31:18Z,46.13760000,12.59283333,1356.00,66.681
5481,2,3426,4180.809629394832,1064.039976536856,2019-07-15T13:31:19Z,46.13760000,12.59306667,1357.00,66.693
5482,2,3427,4181.809629394832,1065.039976536856,2019-07-15T13:31:20Z,46.13755000,12.59328333,1359.00,66.701
5483,2,3428,4182.809629394832,1066.039976536856,2019-07-15T13:31:21Z,46.13746667,12.59348333,1361.00,66.704
5484,2,3429,4183.809629394832,1067.039976536856,2019-07-15T13:31:22Z,46.13736667,12.59363333,1363.00,66.704
5485,2,3430,4184.809629394832,1068.039976536856,2019-07-15T13:31:23Z,46.13726667,12.59375000,1366.00,66.702
5486,2,3431,4185.809629394832,1069.039976536856,2019-07-15T13:31:24Z,46.13715000,12.59383333,1369.00,66.697
5487,2,3432,4186.809629394832,1070.039976536856,2019-07-15T13:31:25Z,46.13703333,12.59386667,1373.00,66.689
5488,2,3433,4187.809629394832,1071.039976536856,2019-07-15T13:31:26Z,46.13690000,12.59386667,1375.00,66.678
5489,2,3434,4188.809629394832,1072.039976536856,2019-07-15T13:31:27Z,46.13678333,12.59381667,1376.00,66.666
5490,2,3435,4189.809629394832,1073.039976536856,2019-07-15T13:31:28Z,46.13666667,12.59371667,1377.00,66.651
5491,2,3436,4190.809629394832,1074.039976536856,2019-07-15T13:31:29Z,46.13656667,12.59358333,1379.00,66.636
5492,2,3437,4191.809629394832,1075.039976536856,2019-07-15T13:31:30Z,46.13648333,12.59340000,1380.00,66.62
5493,2,3438,4192.809629394832,1076.039976536856,2019-07-15T13:31:31Z,46.13643333,12.59320000,1380.00,66.605
5494,2,3439,4193.809629394832,1077.039976536856,2019-07-15T13:31:32Z,46.13640000,12.59296667,1381.00,66.59
5495,2,3440,4194.809629394832,1078.039976536856,2019-07-15T13:31:33Z,46.13640000,12.59273333,1383.00,66.578
5496,2,3441,4195.809629394832,1079.039976536856,2019-07-15T13:31:34Z,46.13643333,12.59251667,1384.00,66.569
5497,2,3442,4196.809629394832,1080.039976536856,2019-07-15T13:31:35Z,46.13651667,12.59228333,1386.00,66.564
5498,2,3443,4197.809629394832,1081.039976536856,2019-07-15T13:31:36Z,46.13660000,12.59206667,1387.00,66.559
5499,2,3444,4198.809629394832,1082.039976536856,2019-07-15T13:31:37Z,46.13671667,12.59185000,1388.00,66.558
5500,2,3445,4199.809629394832,1083.039976536856,2019-07-15T13:31:38Z,46.13683333,12.59165000,1390.00,66.557
5501,2,3446,4200.809629394832,1084.039976536856,2019-07-15T13:31:39Z,46.13696667,12.59146667,1391.00,66.558
5502,2,3447,4201.809629394832,1085.039976536856,2019-07-15T13:31:40Z,46.13710000,12.59128333,1393.00,66.56
5503,2,3448,4202.809629394832,1086.039976536856,2019-07-15T13:31:41Z,46.13723333,12.59113333,1396.00,66.563
5504,2,3449,4203.809629394832,1087.039976536856,2019-07-15T13:31:42Z,46.13738333,12.59101667,1399.00,66.569
5505,2,3450,4204.809629394832,1088.039976536856,2019-07-15T13:31:43Z,46.13755000,12.59095000,1403.00,66.58
5506,2,3451,4205.809629394832,1089.039976536856,2019-07-15T13:31:44Z,46.13771667,12.59091667,1406.00,66.592
5507,2,3452,4206.809629394832,1090.039976536856,2019-07-15T13:31:45Z,46.13788333,12.59091667,1409.00,66.605
5508,2,3453,4207.809629394832,1091.039976536856,2019-07-15T13:31:46Z,46.13805000,12.59096667,1412.00,66.622
5509,2,3454,4208.809629394832,1092.039976536856,2019-07-15T13:31:47Z,46.13820000,12.59105000,1414.00,66.639
5510,2,3455,4209.809629394832,1093.039976536856,2019-07-15T13:31:48Z,46.13833333,12.59116667,1415.00,66.656
5511,2,3456,4210.809629394832,1094.039976536856,2019-07-15T13:31:49Z,46.13846667,12.59130000,1415.00,66.673
5512,2,3457,4211.809629394832,1095.039976536856,2019-07-15T13:31:50Z,46.13858333,12.59146667,1414.00,66.692
5513,2,3458,4212.809629394832,1096.039976536856,2019-07-15T13:31:51Z,46.13870000,12.59165000,1413.00,66.711
5514,2,3459,4213.809629394832,1097.039976536856,2019-07-15T13:31:52Z,46.13881667,12.59186667,1412.00,66.732
5515,2,3460,4214.809629394832,1098.039976536856,2019-07-15T13:31:53Z,46.13888333,12.59210000,1412.00,66.749
5516,2,3461,4215.809629394832,1099.039976536856,2019-07-15T13:31:54Z,46.13893333,12.59233333,1411.00,66.765
5517,2,3462,4216.809629394832,1100.039976536856,2019-07-15T13:31:55Z,46.13893333,12.59258333,1412.00,66.778
5518,2,3463,4217.809629394832,1101.039976536856,2019-07-15T13:31:56Z,46.13888333,12.59281667,1413.00,66.786
5519,2,3464,4218.809629394832,1102.039976536856,2019-07-15T13:31:57Z,46.13881667,12.59303333,1415.00,66.792
5520,2,3465,4219.809629394832,1103.039976536856,2019-07-15T13:31:58Z,46.13873333,12.59320000,1417.00,66.793
5521,2,3466,4220.809629394832,1104.039976536856,2019-07-15T13:31:59Z,46.13863333,12.59333333,1419.00,66.792
5522,2,3467,4221.809629394832,1105.039976536856,2019-07-15T13:32:00Z,46.13853333,12.59346667,1422.00,66.791
5523,2,3468,4222.809629394832,1106.039976536856,2019-07-15T13:32:01Z,46.13841667,12.59356667,1427.00,66.786
5524,2,3469,4223.809629394832,1107.039976536856,2019-07-15T13:32:02Z,46.13831667,12.59366667,1430.00,66.783
5525,2,3470,4224.809629394832,1108.039976536856,2019-07-15T13:32:03Z,46.13820000,12.59375000,1434.00,66.778
5526,2,3471,4225.809629394832,1109.039976536856,2019-07-15T13:32:04Z,46.13810000,12.59383333,1438.00,66.774
5527,2,3472,4226.809629394832,1110.039976536856,2019-07-15T13:32:05Z,46.13800000,12.59390000,1441.00,66.77
5528,2,3473,4227.809629394832,1111.039976536856,2019-07-15T13:32:06Z,46.13788333,12.59391667,1442.00,66.761
5529,2,3474,4228.809629394832,1112.039976536856,2019-07-15T13:32:07Z,46.13776667,12.59390000,1444.00,66.751
5530,2,3475,4229.809629394832,1113.039976536856,2019-07-15T13:32:08Z,46.13765000,12.59385000,1445.00,66.738
5531,2,3476,4230.809629394832,1114.039976536856,2019-07-15T13:32:09Z,46.13753333,12.59371667,1445.00,66.722
5532,2,3477,4231.809629394832,1115.039976536856,2019-07-15T13:32:10Z,46.13745000,12.59355000,1445.00,66.706
5533,2,3478,4232.809629394832,1116.039976536856,2019-07-15T13:32:11Z,46.13740000,12.59335000,1445.00,66.692
5534,2,3479,4233.809629394832,1117.039976536856,2019-07-15T13:32:12Z,46.13738333,12.59311667,1446.00,66.678
5535,2,3480,4234.809629394832,1118.039976536856,2019-07-15T13:32:13Z,46.13738333,12.59290000,1446.00,66.667
5536,2,3481,4235.809629394832,1119.039976536856,2019-07-15T13:32:14Z,46.13743333,12.59268333,1448.00,66.66
5537,2,3482,4236.809629394832,1120.039976536856,2019-07-15T13:32:15Z,46.13750000,12.59248333,1449.00,66.655
5538,2,3483,4237.809629394832,1121.039976536856,2019-07-15T13:32:16Z,46.13761667,12.59230000,1450.00,66.655
5539,2,3484,4238.809629394832,1122.039976536856,2019-07-15T13:32:17Z,46.13776667,12.59215000,1453.00,66.659
5540,2,3485,4239.809629394832,1123.039976536856,2019-07-15T13:32:18Z,46.13791667,12.59205000,1455.00,66.667
5541,2,3486,4240.809629394832,1124.039976536856,2019-07-15T13:32:19Z,46.13806667,12.59198333,1459.00,66.676
5542,2,3487,4241.809629394832,1125.039976536856,2019-07-15T13:32:20Z,46.13821667,12.59193333,1464.00,66.685
5543,2,3488,4242.809629394832,1126.039976536856,2019-07-15T13:32:21Z,46.13836667,12.59190000,1467.00,66.696
5544,2,3489,4243.809629394832,1127.039976536856,2019-07-15T13:32:22Z,46.13853333,12.59188333,1470.00,66.709
5545,2,3490,4244.809629394832,1128.039976536856,2019-07-15T13:32:23Z,46.13870000,12.59190000,1471.00,66.724
5546,2,3491,4245.809629394832,1129.039976536856,2019-07-15T13:32:24Z,46.13886667,12.59196667,1472.00,66.741
5547,2,3492,4246.809629394832,1130.039976536856,2019-07-15T13:32:25Z,46.13903333,12.59206667,1473.00,66.76
5548,2,3493,4247.809629394832,1131.039976536856,2019-07-15T13:32:26Z,46.13920000,12.59223333,1473.00,66.782
5549,2,3494,4248.809629394832,1132.039976536856,2019-07-15T13:32:27Z,46.13933333,12.59245000,1474.00,66.804
5550,2,3495,4249.809629394832,1133.039976536856,2019-07-15T13:32:28Z,46.13941667,12.59268333,1474.00,66.823
5551,2,3496,4250.809629394832,1134.039976536856,2019-07-15T13:32:29Z,46.13945000,12.59291667,1476.00,66.838
5552,2,3497,4251.809629394832,1135.039976536856,2019-07-15T13:32:30Z,46.13946667,12.59315000,1478.00,66.851
5553,2,3498,4252.809629394832,1136.039976536856,2019-07-15T13:32:31Z,46.13943333,12.59336667,1482.00,66.86
5554,2,3499,4253.809629394832,1137.039976536856,2019-07-15T13:32:32Z,46.13936667,12.59355000,1485.00,66.864
5555,2,3500,4254.809629394832,1138.039976536856,2019-07-15T13:32:33Z,46.13928333,12.59370000,1489.00,66.865
5556,2,3501,4255.809629394832,1139.039976536856,2019-07-15T13:32:34Z,46.13915000,12.59380000,1491.00,66.859
5557,2,3502,4256.809629394832,1140.039976536856,2019-07-15T13:32:35Z,46.13903333,12.59386667,1494.00,66.853
5558,2,3503,4257.809629394832,1141.039976536856,2019-07-15T13:32:36Z,46.13891667,12.59390000,1498.00,66.845
5559,2,3504,4258.809629394832,1142.039976536856,2019-07-15T13:32:37Z,46.13880000,12.59390000,1502.00,66.835
5560,2,3505,4259.809629394832,1143.039976536856,2019-07-15T13:32:38Z,46.13868333,12.59386667,1504.00,66.824
5561,2,3506,4260.809629394832,1144.039976536856,2019-07-15T13:32:39Z,46.13858333,12.59381667,1507.00,66.813
5562,2,3507,4261.809629394832,1145.039976536856,2019-07-15T13:32:40Z,46.13846667,12.59373333,1509.00,66.799
5563,2,3508,4262.809629394832,1146.039976536856,2019-07-15T13:32:41Z,46.13838333,12.59363333,1510.00,66.787
5564,2,3509,4263.809629394832,1147.039976536856,2019-07-15T13:32:42Z,46.13830000,12.59348333,1511.00,66.772
5565,2,3510,4264.809629394832,1148.039976536856,2019-07-15T13:32:43Z,46.13823333,12.59331667,1512.00,66.758
5566,2,3511,4265.809629394832,1149.039976536856,2019-07-15T13:32:44Z,46.13818333,12.59311667,1511.00,66.744
5567,2,3512,4266.809629394832,1150.039976536856,2019-07-15T13:32:45Z,46.13815000,12.59290000,1512.00,66.73
5568,2,3513,4267.809629394832,1151.039976536856,2019-07-15T13:32:46Z,46.13813333,12.59268333,1513.00,66.717
5569,2,3514,4268.809629394832,1152.039976536856,2019-07-15T13:32:47Z,46.13813333,12.59246667,1515.00,66.706
5570,2,3515,4269.809629394832,1153.039976536856,2019-07-15T13:32:48Z,46.13815000,12.59225000,1516.00,66.696
5571,2,3516,4270.809629394832,1154.039976536856,2019-07-15T13:32:49Z,46.13820000,12.59203333,1516.00,66.689
5572,2,3517,4271.809629394832,1155.039976536856,2019-07-15T13:32:50Z,46.13828333,12.59181667,1517.00,66.685
5573,2,3518,4272.809629394832,1156.039976536856,2019-07-15T13:32:51Z,46.13838333,12.59163333,1519.00,66.684
5574,2,3519,4273.809629394832,1157.039976536856,2019-07-15T13:32:52Z,46.13851667,12.59146667,1521.00,66.686
5575,2,3520,4274.809629394832,1158.039976536856,2019-07-15T13:32:53Z,46.13865000,12.59133333,1523.00,66.69
5576,2,3521,4275.809629394832,1159.039976536856,2019-07-15T13:32:54Z,46.13880000,12.59123333,1526.00,66.698
5577,2,3522,4276.809629394832,1160.039976536856,2019-07-15T13:32:55Z,46.13895000,12.59116667,1529.00,66.707
5578,2,3523,4277.809629394832,1161.039976536856,2019-07-15T13:32:56Z,46.13911667,12.59111667,1531.00,66.718
5579,2,3524,4278.809629394832,1162.039976536856,2019-07-15T13:32:57Z,46.13930000,12.59110000,1533.00,66.733
5580,2,3525,4279.809629394832,1163.039976536856,2019-07-15T13:32:58Z,46.13946667,12.59110000,1533.00,66.747
5581,2,3526,4280.809629394832,1164.039976536856,2019-07-15T13:32:59Z,46.13965000,12.59115000,1533.00,66.764
5582,2,3527,4281.809629394832,1165.039976536856,2019-07-15T13:33:00Z,46.13985000,12.59121667,1533.00,66.785
5583,2,3528,4282.809629394832,1166.039976536856,2019-07-15T13:33:01Z,46.14003333,12.59133333,1533.00,66.806
5584,2,3529,4283.809629394832,1167.039976536856,2019-07-15T13:33:02Z,46.14020000,12.59148333,1533.00,66.827
5585,2,3530,4284.809629394832,1168.039976536856,2019-07-15T13:33:03Z,46.14033333,12.59168333,1533.00,66.849
5586,2,3531,4285.809629394832,1169.039976536856,2019-07-15T13:33:04Z,46.14045000,12.59190000,1533.00,66.869
5587,2,3532,4286.809629394832,1170.039976536856,2019-07-15T13:33:05Z,46.14055000,12.59213333,1535.00,66.89
5588,2,3533,4287.809629394832,1171.039976536856,2019-07-15T13:33:06Z,46.14061667,12.59238333,1536.00,66.908
5589,2,3534,4288.809629394832,1172.039976536856,2019-07-15T13:33:07Z,46.14065000,12.59263333,1538.00,66.923
5590,2,3535,4289.809629394832,1173.039976536856,2019-07-15T13:33:08Z,46.14066667,12.59288333,1540.00,66.937
5591,2,3536,4290.809629394832,1174.039976536856,2019-07-15T13:33:09Z,46.14065000,12.59313333,1541.00,66.949
5592,2,3537,4291.809629394832,1175.039976536856,2019-07-15T13:33:10Z,46.14060000,12.59335000,1541.00,66.956
5593,2,3538,4292.809629394832,1176.039976536856,2019-07-15T13:33:11Z,46.14053333,12.59355000,1542.00,66.96
5594,2,3539,4293.809629394832,1177.039976536856,2019-07-15T13:33:12Z,46.14045000,12.59373333,1544.00,66.963
5595,2,3540,4294.809629394832,1178.039976536856,2019-07-15T13:33:13Z,46.14035000,12.59386667,1546.00,66.961
5596,2,3541,4295.809629394832,1179.039976536856,2019-07-15T13:33:14Z,46.14025000,12.59396667,1549.00,66.958
5597,2,3542,4296.809629394832,1180.039976536856,2019-07-15T13:33:15Z,46.14013333,12.59403333,1553.00,66.952
5598,2,3543,4297.809629394832,1181.039976536856,2019-07-15T13:33:16Z,46.14001667,12.59406667,1556.00,66.944
5599,2,3544,4298.809629394832,1182.039976536856,2019-07-15T13:33:17Z,46.13990000,12.59406667,1557.00,66.934
5600,2,3545,4299.809629394832,1183.039976536856,2019-07-15T13:33:18Z,46.13978333,12.59400000,1558.00,66.921
5601,2,3546,4300.809629394832,1184.039976536856,2019-07-15T13:33:19Z,46.13965000,12.59388333,1558.00,66.904
5602,2,3547,4301.809629394832,1185.039976536856,2019-07-15T13:33:20Z,46.13953333,12.59373333,1559.00,66.887
5603,2,3548,4302.809629394832,1186.039976536856,2019-07-15T13:33:21Z,46.13945000,12.59358333,1560.00,66.872
5604,2,3549,4303.809629394832,1187.039976536856,2019-07-15T13:33:22Z,46.13936667,12.59340000,1562.00,66.856
5605,2,3550,4304.809629394832,1188.039976536856,2019-07-15T13:33:23Z,46.13930000,12.59323333,1564.00,66.842
5606,2,3551,4305.809629394832,1189.039976536856,2019-07-15T13:33:24Z,46.13925000,12.59305000,1566.00,66.828
5607,2,3552,4306.809629394832,1190.039976536856,2019-07-15T13:33:25Z,46.13920000,12.59286667,1568.00,66.815
5608,2,3553,4307.809629394832,1191.039976536856,2019-07-15T13:33:26Z,46.13918333,12.59266667,1568.00,66.803
5609,2,3554,4308.809629394832,1192.039976536856,2019-07-15T13:33:27Z,46.13918333,12.59245000,1570.00,66.792
5610,2,3555,4309.809629394832,1193.039976536856,2019-07-15T13:33:28Z,46.13920000,12.59221667,1570.00,66.781
5611,2,3556,4310.809629394832,1194.039976536856,2019-07-15T13:33:29Z,46.13923333,12.59200000,1571.00,66.773
5612,2,3557,4311.809629394832,1195.039976536856,2019-07-15T13:33:30Z,46.13928333,12.59178333,1571.00,66.766
5613,2,3558,4312.809629394832,1196.039976536856,2019-07-15T13:33:31Z,46.13938333,12.59158333,1572.00,66.764
5614,2,3559,4313.809629394832,1197.039976536856,2019-07-15T13:33:32Z,46.13948333,12.59141667,1571.00,66.764
5615,2,3560,4314.809629394832,1198.039976536856,2019-07-15T13:33:33Z,46.13963333,12.59128333,1572.00,66.77
5616,2,3561,4315.809629394832,1199.039976536856,2019-07-15T13:33:34Z,46.13980000,12.59120000,1572.00,66.779
5617,2,3562,4316.809629394832,1200.039976536856,2019-07-15T13:33:35Z,46.13998333,12.59115000,1571.00,66.792
5618,2,3563,4317.809629394832,1201.039976536856,2019-07-15T13:33:36Z,46.14018333,12.59115000,1571.00,66.809
5619,2,3564,4318.809629394832,1202.039976536856,2019-07-15T13:33:37Z,46.14038333,12.59116667,1572.00,66.827
5620,2,3565,4319.809629394832,1203.039976536856,2019-07-15T13:33:38Z,46.14058333,12.59125000,1573.00,66.848
5621,2,3566,4320.809629394832,1204.039976536856,2019-07-15T13:33:39Z,46.14075000,12.59135000,1572.00,66.867
5622,2,3567,4321.809629394832,1205.039976536856,2019-07-15T13:33:40Z,46.14091667,12.59151667,1571.00,66.889
5623,2,3568,4322.809629394832,1206.039976536856,2019-07-15T13:33:41Z,46.14106667,12.59173333,1570.00,66.913
5624,2,3569,4323.809629394832,1207.039976536856,2019-07-15T13:33:42Z,46.14118333,12.59196667,1569.00,66.934
5625,2,3570,4324.809629394832,1208.039976536856,2019-07-15T13:33:43Z,46.14126667,12.59221667,1568.00,66.954
5626,2,3571,4325.809629394832,1209.039976536856,2019-07-15T13:33:44Z,46.14133333,12.59248333,1568.00,66.973
5627,2,3572,4326.809629394832,1210.039976536856,2019-07-15T13:33:45Z,46.14138333,12.59273333,1570.00,66.99
5628,2,3573,4327.809629394832,1211.039976536856,2019-07-15T13:33:46Z,46.14141667,12.59296667,1571.00,67.004
5629,2,3574,4328.809629394832,1212.039976536856,2019-07-15T13:33:47Z,46.14141667,12.59320000,1573.00,67.016
5630,2,3575,4329.809629394832,1213.039976536856,2019-07-15T13:33:48Z,46.14138333,12.59343333,1574.00,67.025
5631,2,3576,4330.809629394832,1214.039976536856,2019-07-15T13:33:49Z,46.14135000,12.59365000,1576.00,67.034
5632,2,3577,4331.809629394832,1215.039976536856,2019-07-15T13:33:50Z,46.14130000,12.59386667,1578.00,67.04
5633,2,3578,4332.809629394832,1216.039976536856,2019-07-15T13:33:51Z,46.14125000,12.59406667,1580.00,67.046
5634,2,3579,4333.809629394832,1217.039976536856,2019-07-15T13:33:52Z,46.14118333,12.59425000,1581.00,67.05
5635,2,3580,4334.809629394832,1218.039976536856,2019-07-15T13:33:53Z,46.14111667,12.59440000,1583.00,67.052
5636,2,3581,4335.809629394832,1219.039976536856,2019-07-15T13:33:54Z,46.14103333,12.59453333,1585.00,67.052
5637,2,3582,4336.809629394832,1220.039976536856,2019-07-15T13:33:55Z,46.14093333,12.59465000,1587.00,67.05
5638,2,3583,4337.809629394832,1221.039976536856,2019-07-15T13:33:56Z,46.14081667,12.59471667,1589.00,67.044
5639,2,3584,4338.809629394832,1222.039976536856,2019-07-15T13:33:57Z,46.14070000,12.59476667,1591.00,67.037
5640,2,3585,4339.809629394832,1223.039976536856,2019-07-15T13:33:58Z,46.14056667,12.59476667,1591.00,67.026
5641,2,3586,4340.809629394832,1224.039976536856,2019-07-15T13:33:59Z,46.14043333,12.59475000,1592.00,67.014
5642,2,3587,4341.809629394832,1225.039976536856,2019-07-15T13:34:00Z,46.14030000,12.59468333,1593.00,66.999
5643,2,3588,4342.809629394832,1226.039976536856,2019-07-15T13:34:01Z,46.14018333,12.59461667,1595.00,66.986
5644,2,3589,4343.809629394832,1227.039976536856,2019-07-15T13:34:02Z,46.14006667,12.59451667,1597.00,66.971
5645,2,3590,4344.809629394832,1228.039976536856,2019-07-15T13:34:03Z,46.13998333,12.59438333,1598.00,66.958
5646,2,3591,4345.809629394832,1229.039976536856,2019-07-15T13:34:04Z,46.13991667,12.59423333,1600.00,66.944
5647,2,3592,4346.809629394832,1230.039976536856,2019-07-15T13:34:05Z,46.13986667,12.59406667,1601.00,66.932
5648,2,3593,4347.809629394832,1231.039976536856,2019-07-15T13:34:06Z,46.13985000,12.59388333,1601.00,66.921
5649,2,3594,4348.809629394832,1232.039976536856,2019-07-15T13:34:07Z,46.13986667,12.59368333,1601.00,66.912
5650,2,3595,4349.809629394832,1233.039976536856,2019-07-15T13:34:08Z,46.13991667,12.59348333,1602.00,66.906
5651,2,3596,4350.809629394832,1234.039976536856,2019-07-15T13:34:09Z,46.14000000,12.59330000,1603.00,66.903
5652,2,3597,4351.809629394832,1235.039976536856,2019-07-15T13:34:10Z,46.14010000,12.59313333,1604.00,66.903
5653,2,3598,4352.809629394832,1236.039976536856,2019-07-15T13:34:11Z,46.14023333,12.59300000,1606.00,66.907
5654,2,3599,4353.809629394832,1237.039976536856,2019-07-15T13:34:12Z,46.14035000,12.59290000,1608.00,66.912
5655,2,3600,4354.809629394832,1238.039976536856,2019-07-15T13:34:13Z,46.14050000,12.59283333,1609.00,66.921
5656,2,3601,4355.809629394832,1239.039976536856,2019-07-15T13:34:14Z,46.14065000,12.59278333,1610.00,66.931
5657,2,3602,4356.809629394832,1240.039976536856,2019-07-15T13:34:15Z,46.14080000,12.59280000,1611.00,66.944
5658,2,3603,4357.809629394832,1241.039976536856,2019-07-15T13:34:16Z,46.14096667,12.59286667,1613.00,66.962
5659,2,3604,4358.809629394832,1242.039976536856,2019-07-15T13:34:17Z,46.14113333,12.59296667,1614.00,66.981
5660,2,3605,4359.809629394832,1243.039976536856,2019-07-15T13:34:18Z,46.14126667,12.59311667,1615.00,66.999
5661,2,3606,4360.809629394832,1244.039976536856,2019-07-15T13:34:19Z,46.14138333,12.59330000,1617.00,67.019
5662,2,3607,4361.809629394832,1245.039976536856,2019-07-15T13:34:20Z,46.14146667,12.59348333,1620.00,67.035
5663,2,3608,4362.809629394832,1246.039976536856,2019-07-15T13:34:21Z,46.14151667,12.59366667,1623.00,67.048
5664,2,3609,4363.809629394832,1247.039976536856,2019-07-15T13:34:22Z,46.14156667,12.59386667,1626.00,67.063
5665,2,3610,4364.809629394832,1248.039976536856,2019-07-15T13:34:23Z,46.14156667,12.59406667,1628.00,67.073
5666,2,3611,4365.809629394832,1249.039976536856,2019-07-15T13:34:24Z,46.14156667,12.59425000,1629.00,67.082
5667,2,3612,4366.809629394832,1250.039976536856,2019-07-15T13:34:25Z,46.14153333,12.59443333,1630.00,67.089
5668,2,3613,4367.809629394832,1251.039976536856,2019-07-15T13:34:26Z,46.14148333,12.59460000,1631.00,67.093
5669,2,3614,4368.809629394832,1252.039976536856,2019-07-15T13:34:27Z,46.14141667,12.59478333,1631.00,67.097
5670,2,3615,4369.809629394832,1253.039976536856,2019-07-15T13:34:28Z,46.14131667,12.59493333,1632.00,67.096
5671,2,3616,4370.809629394832,1254.039976536856,2019-07-15T13:34:29Z,46.14120000,12.59506667,1633.00,67.093
5672,2,3617,4371.809629394832,1255.039976536856,2019-07-15T13:34:30Z,46.14110000,12.59518333,1635.00,67.091
5673,2,3618,4372.809629394832,1256.039976536856,2019-07-15T13:34:31Z,46.14100000,12.59530000,1637.00,67.089
5674,2,3619,4373.809629394832,1257.039976536856,2019-07-15T13:34:32Z,46.14090000,12.59538333,1639.00,67.085
5675,2,3620,4374.809629394832,1258.039976536856,2019-07-15T13:34:33Z,46.14081667,12.59545000,1642.00,67.082
5676,2,3621,4375.809629394832,1259.039976536856,2019-07-15T13:34:34Z,46.14070000,12.59548333,1643.00,67.074
5677,2,3622,4376.809629394832,1260.039976536856,2019-07-15T13:34:35Z,46.14060000,12.59546667,1643.00,67.064
5678,2,3623,4377.809629394832,1261.039976536856,2019-07-15T13:34:36Z,46.14048333,12.59541667,1641.00,67.052
5679,2,3624,4378.809629394832,1262.039976536856,2019-07-15T13:34:37Z,46.14038333,12.59531667,1641.00,67.039
5680,2,3625,4379.809629394832,1263.039976536856,2019-07-15T13:34:38Z,46.14030000,12.59520000,1641.00,67.026
5681,2,3626,4380.809629394832,1264.039976536856,2019-07-15T13:34:39Z,46.14025000,12.59506667,1640.00,67.015
5682,2,3627,4381.809629394832,1265.039976536856,2019-07-15T13:34:40Z,46.14020000,12.59491667,1640.00,67.003
5683,2,3628,4382.809629394832,1266.039976536856,2019-07-15T13:34:41Z,46.14018333,12.59478333,1639.00,66.995
5684,2,3629,4383.809629394832,1267.039976536856,2019-07-15T13:34:42Z,46.14018333,12.59463333,1639.00,66.987
5685,2,3630,4384.809629394832,1268.039976536856,2019-07-15T13:34:43Z,46.14020000,12.59446667,1638.00,66.98
5686,2,3631,4385.809629394832,1269.039976536856,2019-07-15T13:34:44Z,46.14023333,12.59426667,1635.00,66.972
5687,2,3632,4386.809629394832,1270.039976536856,2019-07-15T13:34:45Z,46.14028333,12.59406667,1632.00,66.966
5688,2,3633,4387.809629394832,1271.039976536856,2019-07-15T13:34:46Z,46.14038333,12.59385000,1630.00,66.963
5689,2,3634,4388.809629394832,1272.039976536856,2019-07-15T13:34:47Z,46.14050000,12.59368333,1630.00,66.964
5690,2,3635,4389.809629394832,1273.039976536856,2019-07-15T13:34:48Z,46.14061667,12.59355000,1630.00,66.967
5691,2,3636,4390.809629394832,1274.039976536856,2019-07-15T13:34:49Z,46.14075000,12.59346667,1632.00,66.974
5692,2,3637,4391.809629394832,1275.039976536856,2019-07-15T13:34:50Z,46.14090000,12.59341667,1633.00,66.984
5693,2,3638,4392.809629394832,1276.039976536856,2019-07-15T13:34:51Z,46.14105000,12.59341667,1634.00,66.997
5694,2,3639,4393.809629394832,1277.039976536856,2019-07-15T13:34:52Z,46.14120000,12.59346667,1634.00,67.012
5695,2,3640,4394.809629394832,1278.039976536856,2019-07-15T13:34:53Z,46.14136667,12.59355000,1634.00,67.03
5696,2,3641,4395.809629394832,1279.039976536856,2019-07-15T13:34:54Z,46.14151667,12.59368333,1633.00,67.049
5697,2,3642,4396.809629394832,1280.039976536856,2019-07-15T13:34:55Z,46.14163333,12.59385000,1633.00,67.067
5698,2,3643,4397.809629394832,1281.039976536856,2019-07-15T13:34:56Z,46.14175000,12.59400000,1635.00,67.085
5699,2,3644,4398.809629394832,1282.039976536856,2019-07-15T13:34:57Z,46.14185000,12.59416667,1638.00,67.102
5700,2,3645,4399.809629394832,1283.039976536856,2019-07-15T13:34:58Z,46.14191667,12.59433333,1641.00,67.116
5701,2,3646,4400.809629394832,1284.039976536856,2019-07-15T13:34:59Z,46.14198333,12.59451667,1643.00,67.131
5702,2,3647,4401.809629394832,1285.039976536856,2019-07-15T13:35:00Z,46.14201667,12.59468333,1645.00,67.142
5703,2,3648,4402.809629394832,1286.039976536856,2019-07-15T13:35:01Z,46.14205000,12.59488333,1646.00,67.155
5704,2,3649,4403.809629394832,1287.039976536856,2019-07-15T13:35:02Z,46.14208333,12.59508333,1648.00,67.168
5705,2,3650,4404.809629394832,1288.039976536856,2019-07-15T13:35:03Z,46.14210000,12.59528333,1648.00,67.179
5706,2,3651,4405.809629394832,1289.039976536856,2019-07-15T13:35:04Z,46.14211667,12.59550000,1649.00,67.192
5707,2,3652,4406.809629394832,1290.039976536856,2019-07-15T13:35:05Z,46.14216667,12.59570000,1651.00,67.206
5708,2,3653,4407.809629394832,1291.039976536856,2019-07-15T13:35:06Z,46.14223333,12.59586667,1653.00,67.22
5709,2,3654,4408.809629394832,1292.039976536856,2019-07-15T13:35:07Z,46.14235000,12.59600000,1655.00,67.237
5710,2,3655,4409.809629394832,1293.039976536856,2019-07-15T13:35:08Z,46.14248333,12.59608333,1656.00,67.252
5711,2,3656,4410.809629394832,1294.039976536856,2019-07-15T13:35:09Z,46.14265000,12.59613333,1657.00,67.269
5712,2,3657,4411.809629394832,1295.039976536856,2019-07-15T13:35:10Z,46.14281667,12.59616667,1657.00,67.284
5713,2,3658,4412.809629394832,1296.039976536856,2019-07-15T13:35:11Z,46.14298333,12.59620000,1656.00,67.3
5714,2,3659,4413.809629394832,1297.039976536856,2019-07-15T13:35:12Z,46.14316667,12.59626667,1656.00,67.318
5715,2,3660,4414.809629394832,1298.039976536856,2019-07-15T13:35:13Z,46.14331667,12.59640000,1658.00,67.338
5716,2,3661,4415.809629394832,1299.039976536856,2019-07-15T13:35:14Z,46.14343333,12.59660000,1659.00,67.358
5717,2,3662,4416.809629394832,1300.039976536856,2019-07-15T13:35:15Z,46.14350000,12.59683333,1661.00,67.375
5718,2,3663,4417.809629394832,1301.039976536856,2019-07-15T13:35:16Z,46.14351667,12.59706667,1663.00,67.388
5719,2,3664,4418.809629394832,1302.039976536856,2019-07-15T13:35:17Z,46.14348333,12.59728333,1664.00,67.397
5720,2,3665,4419.809629394832,1303.039976536856,2019-07-15T13:35:18Z,46.14341667,12.59748333,1665.00,67.401
5721,2,3666,4420.809629394832,1304.039976536856,2019-07-15T13:35:19Z,46.14333333,12.59763333,1667.00,67.402
5722,2,3667,4421.809629394832,1305.039976536856,2019-07-15T13:35:20Z,46.14321667,12.59773333,1668.00,67.398
5723,2,3668,4422.809629394832,1306.039976536856,2019-07-15T13:35:21Z,46.14306667,12.59778333,1669.00,67.388
5724,2,3669,4423.809629394832,1307.039976536856,2019-07-15T13:35:22Z,46.14293333,12.59775000,1669.00,67.375
5725,2,3670,4424.809629394832,1308.039976536856,2019-07-15T13:35:23Z,46.14278333,12.59770000,1670.00,67.36
5726,2,3671,4425.809629394832,1309.039976536856,2019-07-15T13:35:24Z,46.14265000,12.59763333,1671.00,67.346
5727,2,3672,4426.809629394832,1310.039976536856,2019-07-15T13:35:25Z,46.14253333,12.59753333,1674.00,67.331
5728,2,3673,4427.809629394832,1311.039976536856,2019-07-15T13:35:26Z,46.14243333,12.59743333,1677.00,67.317
5729,2,3674,4428.809629394832,1312.039976536856,2019-07-15T13:35:27Z,46.14235000,12.59731667,1679.00,67.304
5730,2,3675,4429.809629394832,1313.039976536856,2019-07-15T13:35:28Z,46.14228333,12.59718333,1681.00,67.292
5731,2,3676,4430.809629394832,1314.039976536856,2019-07-15T13:35:29Z,46.14221667,12.59703333,1682.00,67.279
5732,2,3677,4431.809629394832,1315.039976536856,2019-07-15T13:35:30Z,46.14216667,12.59688333,1682.00,67.267
5733,2,3678,4432.809629394832,1316.039976536856,2019-07-15T13:35:31Z,46.14213333,12.59671667,1683.00,67.256
5734,2,3679,4433.809629394832,1317.039976536856,2019-07-15T13:35:32Z,46.14211667,12.59653333,1683.00,67.245
5735,2,3680,4434.809629394832,1318.039976536856,2019-07-15T13:35:33Z,46.14210000,12.59635000,1682.00,67.234
5736,2,3681,4435.809629394832,1319.039976536856,2019-07-15T13:35:34Z,46.14211667,12.59616667,1682.00,67.226
5737,2,3682,4436.809629394832,1320.039976536856,2019-07-15T13:35:35Z,46.14213333,12.59596667,1680.00,67.217
5738,2,3683,4437.809629394832,1321.039976536856,2019-07-15T13:35:36Z,46.14215000,12.59575000,1679.00,67.207
5739,2,3684,4438.809629394832,1322.039976536856,2019-07-15T13:35:37Z,46.14220000,12.59555000,1679.00,67.201
5740,2,3685,4439.809629394832,1323.039976536856,2019-07-15T13:35:38Z,46.14226667,12.59535000,1679.00,67.197
5741,2,3686,4440.809629394832,1324.039976536856,2019-07-15T13:35:39Z,46.14235000,12.59518333,1679.00,67.195
5742,2,3687,4441.809629394832,1325.039976536856,2019-07-15T13:35:40Z,46.14245000,12.59503333,1679.00,67.196
5743,2,3688,4442.809629394832,1326.039976536856,2019-07-15T13:35:41Z,46.14258333,12.59491667,1679.00,67.201
5744,2,3689,4443.809629394832,1327.039976536856,2019-07-15T13:35:42Z,46.14273333,12.59481667,1678.00,67.208
5745,2,3690,4444.809629394832,1328.039976536856,2019-07-15T13:35:43Z,46.14288333,12.59476667,1679.00,67.218
5746,2,3691,4445.809629394832,1329.039976536856,2019-07-15T13:35:44Z,46.14305000,12.59475000,1679.00,67.232
5747,2,3692,4446.809629394832,1330.039976536856,2019-07-15T13:35:45Z,46.14320000,12.59475000,1681.00,67.244
5748,2,3693,4447.809629394832,1331.039976536856,2019-07-15T13:35:46Z,46.14333333,12.59476667,1683.00,67.256
5749,2,3694,4448.809629394832,1332.039976536856,2019-07-15T13:35:47Z,46.14348333,12.59481667,1685.00,67.271
5750,2,3695,4449.809629394832,1333.039976536856,2019-07-15T13:35:48Z,46.14361667,12.59490000,1686.00,67.287
5751,2,3696,4450.809629394832,1334.039976536856,2019-07-15T13:35:49Z,46.14375000,12.59500000,1688.00,67.303
5752,2,3697,4451.809629394832,1335.039976536856,2019-07-15T13:35:50Z,46.14386667,12.59513333,1689.00,67.319
5753,2,3698,4452.809629394832,1336.039976536856,2019-07-15T13:35:51Z,46.14396667,12.59531667,1689.00,67.337
5754,2,3699,4453.809629394832,1337.039976536856,2019-07-15T13:35:52Z,46.14405000,12.59551667,1689.00,67.354
5755,2,3700,4454.809629394832,1338.039976536856,2019-07-15T13:35:53Z,46.14413333,12.59573333,1689.00,67.372
5756,2,3701,4455.809629394832,1339.039976536856,2019-07-15T13:35:54Z,46.14418333,12.59595000,1690.00,67.387
5757,2,3702,4456.809629394832,1340.039976536856,2019-07-15T13:35:55Z,46.14421667,12.59615000,1692.00,67.4
5758,2,3703,4457.809629394832,1341.039976536856,2019-07-15T13:35:56Z,46.14423333,12.59635000,1694.00,67.412
5759,2,3704,4458.809629394832,1342.039976536856,2019-07-15T13:35:57Z,46.14421667,12.59653333,1696.00,67.42
5760,2,3705,4459.809629394832,1343.039976536856,2019-07-15T13:35:58Z,46.14420000,12.59670000,1699.00,67.427
5761,2,3706,4460.809629394832,1344.039976536856,2019-07-15T13:35:59Z,46.14413333,12.59685000,1701.00,67.429
5762,2,3707,4461.809629394832,1345.039976536856,2019-07-15T13:36:00Z,46.14406667,12.59696667,1702.00,67.429
5763,2,3708,4462.809629394832,1346.039976536856,2019-07-15T13:36:01Z,46.14396667,12.59706667,1702.00,67.426
5764,2,3709,4463.809629394832,1347.039976536856,2019-07-15T13:36:02Z,46.14386667,12.59713333,1703.00,67.421
5765,2,3710,4464.809629394832,1348.039976536856,2019-07-15T13:36:03Z,46.14373333,12.59718333,1703.00,67.412
5766,2,3711,4465.809629394832,1349.039976536856,2019-07-15T13:36:04Z,46.14360000,12.59721667,1703.00,67.403
5767,2,3712,4466.809629394832,1350.039976536856,2019-07-15T13:36:05Z,46.14346667,12.59721667,1703.00,67.392
5768,2,3713,4467.809629394832,1351.039976536856,2019-07-15T13:36:06Z,46.14335000,12.59720000,1704.00,67.381
5769,2,3714,4468.809629394832,1352.039976536856,2019-07-15T13:36:07Z,46.14323333,12.59716667,1706.00,67.37
5770,2,3715,4469.809629394832,1353.039976536856,2019-07-15T13:36:08Z,46.14315000,12.59713333,1709.00,67.361
5771,2,3716,4470.809629394832,1354.039976536856,2019-07-15T13:36:09Z,46.14306667,12.59706667,1710.00,67.351
5772,2,3717,4471.809629394832,1355.039976536856,2019-07-15T13:36:10Z,46.14298333,12.59698333,1710.00,67.34
5773,2,3718,4472.809629394832,1356.039976536856,2019-07-15T13:36:11Z,46.14291667,12.59690000,1711.00,67.33
5774,2,3719,4473.809629394832,1357.039976536856,2019-07-15T13:36:12Z,46.14285000,12.59678333,1711.00,67.318
5775,2,3720,4474.809629394832,1358.039976536856,2019-07-15T13:36:13Z,46.14276667,12.59666667,1710.00,67.306
5776,2,3721,4475.809629394832,1359.039976536856,2019-07-15T13:36:14Z,46.14270000,12.59653333,1710.00,67.293
5777,2,3722,4476.809629394832,1360.039976536856,2019-07-15T13:36:15Z,46.14265000,12.59640000,1710.00,67.282
5778,2,3723,4477.809629394832,1361.039976536856,2019-07-15T13:36:16Z,46.14258333,12.59626667,1711.00,67.27
5779,2,3724,4478.809629394832,1362.039976536856,2019-07-15T13:36:17Z,46.14253333,12.59613333,1712.00,67.259
5780,2,3725,4479.809629394832,1363.039976536856,2019-07-15T13:36:18Z,46.14250000,12.59598333,1711.00,67.248
5781,2,3726,4480.809629394832,1364.039976536856,2019-07-15T13:36:19Z,46.14246667,12.59581667,1711.00,67.237
5782,2,3727,4481.809629394832,1365.039976536856,2019-07-15T13:36:20Z,46.14246667,12.59563333,1711.00,67.228
5783,2,3728,4482.809629394832,1366.039976536856,2019-07-15T13:36:21Z,46.14248333,12.59543333,1710.00,67.219
5784,2,3729,4483.809629394832,1367.039976536856,2019-07-15T13:36:22Z,46.14253333,12.59523333,1709.00,67.213
5785,2,3730,4484.809629394832,1368.039976536856,2019-07-15T13:36:23Z,46.14260000,12.59505000,1708.00,67.209
5786,2,3731,4485.809629394832,1369.039976536856,2019-07-15T13:36:24Z,46.14270000,12.59488333,1706.00,67.209
5787,2,3732,4486.809629394832,1370.039976536856,2019-07-15T13:36:25Z,46.14283333,12.59473333,1705.00,67.213
5788,2,3733,4487.809629394832,1371.039976536856,2019-07-15T13:36:26Z,46.14300000,12.59465000,1704.00,67.222
5789,2,3734,4488.809629394832,1372.039976536856,2019-07-15T13:36:27Z,46.14315000,12.59460000,1703.00,67.232
5790,2,3735,4489.809629394832,1373.039976536856,2019-07-15T13:36:28Z,46.14331667,12.59460000,1703.00,67.246
5791,2,3736,4490.809629394832,1374.039976536856,2019-07-15T13:36:29Z,46.14348333,12.59463333,1701.00,67.262
5792,2,3737,4491.809629394832,1375.039976536856,2019-07-15T13:36:30Z,46.14365000,12.59470000,1699.00,67.279
5793,2,3738,4492.809629394832,1376.039976536856,2019-07-15T13:36:31Z,46.14381667,12.59480000,1697.00,67.298
5794,2,3739,4493.809629394832,1377.039976536856,2019-07-15T13:36:32Z,46.14396667,12.59493333,1696.00,67.318
5795,2,3740,4494.809629394832,1378.039976536856,2019-07-15T13:36:33Z,46.14410000,12.59505000,1697.00,67.335
5796,2,3741,4495.809629394832,1379.039976536856,2019-07-15T13:36:34Z,46.14421667,12.59516667,1700.00,67.351
5797,2,3742,4496.809629394832,1380.039976536856,2019-07-15T13:36:35Z,46.14431667,12.59530000,1702.00,67.366
5798,2,3743,4497.809629394832,1381.039976536856,2019-07-15T13:36:36Z,46.14440000,12.59543333,1704.00,67.379
5799,2,3744,4498.809629394832,1382.039976536856,2019-07-15T13:36:37Z,46.14446667,12.59558333,1705.00,67.393
5800,2,3745,4499.809629394832,1383.039976536856,2019-07-15T13:36:38Z,46.14451667,12.59576667,1706.00,67.406
5801,2,3746,4500.809629394832,1384.039976536856,2019-07-15T13:36:39Z,46.14453333,12.59593333,1706.00,67.416
5802,2,3747,4501.809629394832,1385.039976536856,2019-07-15T13:36:40Z,46.14453333,12.59610000,1707.00,67.424
5803,2,3748,4502.809629394832,1386.039976536856,2019-07-15T13:36:41Z,46.14453333,12.59626667,1708.00,67.433
5804,2,3749,4503.809629394832,1387.039976536856,2019-07-15T13:36:42Z,46.14450000,12.59643333,1708.00,67.438
5805,2,3750,4504.809629394832,1388.039976536856,2019-07-15T13:36:43Z,46.14445000,12.59658333,1708.00,67.442
5806,2,3751,4505.809629394832,1389.039976536856,2019-07-15T13:36:44Z,46.14440000,12.59673333,1708.00,67.445
5807,2,3752,4506.809629394832,1390.039976536856,2019-07-15T13:36:45Z,46.14433333,12.59686667,1708.00,67.446
5808,2,3753,4507.809629394832,1391.039976536856,2019-07-15T13:36:46Z,46.14425000,12.59698333,1708.00,67.445
5809,2,3754,4508.809629394832,1392.039976536856,2019-07-15T13:36:47Z,46.14416667,12.59708333,1708.00,67.443
5810,2,3755,4509.809629394832,1393.039976536856,2019-07-15T13:36:48Z,46.14408333,12.59718333,1708.00,67.442
5811,2,3756,4510.809629394832,1394.039976536856,2019-07-15T13:36:49Z,46.14400000,12.59725000,1709.00,67.438
5812,2,3757,4511.809629394832,1395.039976536856,2019-07-15T13:36:50Z,46.14391667,12.59733333,1709.00,67.435
5813,2,3758,4512.809629394832,1396.039976536856,2019-07-15T13:36:51Z,46.14383333,12.59740000,1710.00,67.432
5814,2,3759,4513.809629394832,1397.039976536856,2019-07-15T13:36:52Z,46.14375000,12.59746667,1710.00,67.428
5815,2,3760,4514.809629394832,1398.039976536856,2019-07-15T13:36:53Z,46.14365000,12.59753333,1709.00,67.423
5816,2,3761,4515.809629394832,1399.039976536856,2019-07-15T13:36:54Z,46.14355000,12.59760000,1709.00,67.418
5817,2,3762,4516.809629394832,1400.039976536856,2019-07-15T13:36:55Z,46.14345000,12.59765000,1708.00,67.413
5818,2,3763,4517.809629394832,1401.039976536856,2019-07-15T13:36:56Z,46.14333333,12.59768333,1708.00,67.405
5819,2,3764,4518.809629394832,1402.039976536856,2019-07-15T13:36:57Z,46.14323333,12.59768333,1708.00,67.396
5820,2,3765,4519.809629394832,1403.039976536856,2019-07-15T13:36:58Z,46.14313333,12.59768333,1708.00,67.388
5821,2,3766,4520.809629394832,1404.039976536856,2019-07-15T13:36:59Z,46.14303333,12.59765000,1708.00,67.378
5822,2,3767,4521.809629394832,1405.039976536856,2019-07-15T13:37:00Z,46.14293333,12.59761667,1708.00,67.368
5823,2,3768,4522.809629394832,1406.039976536856,2019-07-15T13:37:01Z,46.14285000,12.59756667,1707.00,67.359
5824,2,3769,4523.809629394832,1407.039976536856,2019-07-15T13:37:02Z,46.14278333,12.59750000,1707.00,67.35
5825,2,3770,4524.809629394832,1408.039976536856,2019-07-15T13:37:03Z,46.14271667,12.59740000,1706.00,67.339
5826,2,3771,4525.809629394832,1409.039976536856,2019-07-15T13:37:04Z,46.14265000,12.59730000,1705.00,67.328
5827,2,3772,4526.809629394832,1410.039976536856,2019-07-15T13:37:05Z,46.14260000,12.59718333,1704.00,67.318
5828,2,3773,4527.809629394832,1411.039976536856,2019-07-15T13:37:06Z,46.14256667,12.59703333,1703.00,67.308
5829,2,3774,4528.809629394832,1412.039976536856,2019-07-15T13:37:07Z,46.14255000,12.59688333,1701.00,67.299
5830,2,3775,4529.809629394832,1413.039976536856,2019-07-15T13:37:08Z,46.14253333,12.59671667,1700.00,67.289
5831,2,3776,4530.809629394832,1414.039976536856,2019-07-15T13:37:09Z,46.14251667,12.59653333,1699.00,67.278
5832,2,3777,4531.809629394832,1415.039976536856,2019-07-15T13:37:10Z,46.14251667,12.59636667,1696.00,67.269
5833,2,3778,4532.809629394832,1416.039976536856,2019-07-15T13:37:11Z,46.14253333,12.59618333,1696.00,67.261
5834,2,3779,4533.809629394832,1417.039976536856,2019-07-15T13:37:12Z,46.14253333,12.59600000,1695.00,67.252
5835,2,3780,4534.809629394832,1418.039976536856,2019-07-15T13:37:13Z,46.14256667,12.59581667,1693.00,67.245
5836,2,3781,4535.809629394832,1419.039976536856,2019-07-15T13:37:14Z,46.14258333,12.59561667,1690.00,67.237
5837,2,3782,4536.809629394832,1420.039976536856,2019-07-15T13:37:15Z,46.14261667,12.59543333,1689.00,67.23
5838,2,3783,4537.809629394832,1421.039976536856,2019-07-15T13:37:16Z,46.14263333,12.59523333,1688.00,67.221
5839,2,3784,4538.809629394832,1422.039976536856,2019-07-15T13:37:17Z,46.14265000,12.59503333,1687.00,67.212
5840,2,3785,4539.809629394832,1423.039976536856,2019-07-15T13:37:18Z,46.14266667,12.59485000,1686.00,67.205
5841,2,3786,4540.809629394832,1424.039976536856,2019-07-15T13:37:19Z,46.14265000,12.59468333,1686.00,67.195
5842,2,3787,4541.809629394832,1425.039976536856,2019-07-15T13:37:20Z,46.14263333,12.59451667,1685.00,67.185
5843,2,3788,4542.809629394832,1426.039976536856,2019-07-15T13:37:21Z,46.14260000,12.59435000,1684.00,67.174
5844,2,3789,4543.809629394832,1427.039976536856,2019-07-15T13:37:22Z,46.14256667,12.59416667,1683.00,67.162
5845,2,3790,4544.809629394832,1428.039976536856,2019-07-15T13:37:23Z,46.14250000,12.59400000,1681.00,67.148
5846,2,3791,4545.809629394832,1429.039976536856,2019-07-15T13:37:24Z,46.14245000,12.59385000,1681.00,67.136
5847,2,3792,4546.809629394832,1430.039976536856,2019-07-15T13:37:25Z,46.14238333,12.59373333,1684.00,67.124
5848,2,3793,4547.809629394832,1431.039976536856,2019-07-15T13:37:26Z,46.14233333,12.59361667,1686.00,67.114
5849,2,3794,4548.809629394832,1432.039976536856,2019-07-15T13:37:27Z,46.14226667,12.59351667,1688.00,67.103
5850,2,3795,4549.809629394832,1433.039976536856,2019-07-15T13:37:28Z,46.14220000,12.59340000,1689.00,67.092
5851,2,3796,4550.809629394832,1434.039976536856,2019-07-15T13:37:29Z,46.14213333,12.59328333,1688.00,67.081
5852,2,3797,4551.809629394832,1435.039976536856,2019-07-15T13:37:30Z,46.14205000,12.59315000,1687.00,67.067
5853,2,3798,4552.809629394832,1436.039976536856,2019-07-15T13:37:31Z,46.14195000,12.59300000,1684.00,67.051
5854,2,3799,4553.809629394832,1437.039976536856,2019-07-15T13:37:32Z,46.14186667,12.59286667,1683.00,67.037
5855,2,3800,4554.809629394832,1438.039976536856,2019-07-15T13:37:33Z,46.14180000,12.59273333,1683.00,67.025
5856,2,3801,4555.809629394832,1439.039976536856,2019-07-15T13:37:34Z,46.14173333,12.59260000,1686.00,67.012
5857,2,3802,4556.809629394832,1440.039976536856,2019-07-15T13:37:35Z,46.14166667,12.59248333,1688.00,67.001
5858,2,3803,4557.809629394832,1441.039976536856,2019-07-15T13:37:36Z,46.14160000,12.59235000,1689.00,66.989
5859,2,3804,4558.809629394832,1442.039976536856,2019-07-15T13:37:37Z,46.14153333,12.59223333,1690.00,66.977
5860,2,3805,4559.809629394832,1443.039976536856,2019-07-15T13:37:38Z,46.14148333,12.59210000,1691.00,66.966
5861,2,3806,4560.809629394832,1444.039976536856,2019-07-15T13:37:39Z,46.14143333,12.59195000,1691.00,66.954
5862,2,3807,4561.809629394832,1445.039976536856,2019-07-15T13:37:40Z,46.14138333,12.59178333,1689.00,66.942
5863,2,3808,4562.809629394832,1446.039976536856,2019-07-15T13:37:41Z,46.14133333,12.59161667,1689.00,66.929
5864,2,3809,4563.809629394832,1447.039976536856,2019-07-15T13:37:42Z,46.14130000,12.59141667,1688.00,66.916
5865,2,3810,4564.809629394832,1448.039976536856,2019-07-15T13:37:43Z,46.14126667,12.59121667,1688.00,66.903
5866,2,3811,4565.809629394832,1449.039976536856,2019-07-15T13:37:44Z,46.14125000,12.59103333,1691.00,66.893
5867,2,3812,4566.809629394832,1450.039976536856,2019-07-15T13:37:45Z,46.14121667,12.59083333,1693.00,66.88
5868,2,3813,4567.809629394832,1451.039976536856,2019-07-15T13:37:46Z,46.14120000,12.59065000,1697.00,66.869
5869,2,3814,4568.809629394832,1452.039976536856,2019-07-15T13:37:47Z,46.14118333,12.59046667,1699.00,66.859
5870,2,3815,4569.809629394832,1453.039976536856,2019-07-15T13:37:48Z,46.14116667,12.59030000,1702.00,66.849
5871,2,3816,4570.809629394832,1454.039976536856,2019-07-15T13:37:49Z,46.14115000,12.59013333,1704.00,66.839
5872,2,3817,4571.809629394832,1455.039976536856,2019-07-15T13:37:50Z,46.14115000,12.58996667,1706.00,66.831
5873,2,3818,4572.809629394832,1456.039976536856,2019-07-15T13:37:51Z,46.14113333,12.58978333,1708.00,66.82
5874,2,3819,4573.809629394832,1457.039976536856,2019-07-15T13:37:52Z,46.14113333,12.58960000,1708.00,66.811
5875,2,3820,4574.809629394832,1458.039976536856,2019-07-15T13:37:53Z,46.14111667,12.58940000,1708.00,66.8
5876,2,3821,4575.809629394832,1459.039976536856,2019-07-15T13:37:54Z,46.14111667,12.58920000,1707.00,66.79
5877,2,3822,4576.809629394832,1460.039976536856,2019-07-15T13:37:55Z,46.14111667,12.58898333,1707.00,66.779
5878,2,3823,4577.809629394832,1461.039976536856,2019-07-15T13:37:56Z,46.14111667,12.58876667,1707.00,66.768
5879,2,3824,4578.809629394832,1462.039976536856,2019-07-15T13:37:57Z,46.14111667,12.58855000,1707.00,66.758
5880,2,3825,4579.809629394832,1463.039976536856,2019-07-15T13:37:58Z,46.14111667,12.58835000,1707.00,66.748
5881,2,3826,4580.809629394832,1464.039976536856,2019-07-15T13:37:59Z,46.14111667,12.58816667,1707.00,66.739
5882,2,3827,4581.809629394832,1465.039976536856,2019-07-15T13:38:00Z,46.14110000,12.58796667,1710.00,66.728
5883,2,3828,4582.809629394832,1466.039976536856,2019-07-15T13:38:01Z,46.14108333,12.58776667,1708.00,66.716
5884,2,3829,4583.809629394832,1467.039976536856,2019-07-15T13:38:02Z,46.14106667,12.58756667,1706.00,66.705
5885,2,3830,4584.809629394832,1468.039976536856,2019-07-15T13:38:03Z,46.14105000,12.58733333,1704.00,66.692
5886,2,3831,4585.809629394832,1469.039976536856,2019-07-15T13:38:04Z,46.14103333,12.58711667,1702.00,66.68
5887,2,3832,4586.809629394832,1470.039976536856,2019-07-15T13:38:05Z,46.14100000,12.58688333,1699.00,66.666
5888,2,3833,4587.809629394832,1471.039976536856,2019-07-15T13:38:06Z,46.14098333,12.58666667,1698.00,66.654
5889,2,3834,4588.809629394832,1472.039976536856,2019-07-15T13:38:07Z,46.14095000,12.58643333,1697.00,66.639
5890,2,3835,4589.809629394832,1473.039976536856,2019-07-15T13:38:08Z,46.14093333,12.58623333,1700.00,66.628
5891,2,3836,4590.809629394832,1474.039976536856,2019-07-15T13:38:09Z,46.14091667,12.58603333,1698.00,66.617
5892,2,3837,4591.809629394832,1475.039976536856,2019-07-15T13:38:10Z,46.14088333,12.58583333,1697.00,66.604
5893,2,3838,4592.809629394832,1476.039976536856,2019-07-15T13:38:11Z,46.14086667,12.58563333,1695.00,66.593
5894,2,3839,4593.809629394832,1477.039976536856,2019-07-15T13:38:12Z,46.14085000,12.58541667,1694.00,66.581
5895,2,3840,4594.809629394832,1478.039976536856,2019-07-15T13:38:13Z,46.14083333,12.58520000,1693.00,66.569
5896,2,3841,4595.809629394832,1479.039976536856,2019-07-15T13:38:14Z,46.14083333,12.58498333,1692.00,66.559
5897,2,3842,4596.809629394832,1480.039976536856,2019-07-15T13:38:15Z,46.14083333,12.58476667,1689.00,66.548
5898,2,3843,4597.809629394832,1481.039976536856,2019-07-15T13:38:16Z,46.14083333,12.58455000,1688.00,66.538
5899,2,3844,4598.809629394832,1482.039976536856,2019-07-15T13:38:17Z,46.14085000,12.58431667,1686.00,66.528
5900,2,3845,4599.809629394832,1483.039976536856,2019-07-15T13:38:18Z,46.14086667,12.58410000,1684.00,66.519
5901,2,3846,4600.809629394832,1484.039976536856,2019-07-15T13:38:19Z,46.14086667,12.58386667,1681.00,66.508
5902,2,3847,4601.809629394832,1485.039976536856,2019-07-15T13:38:20Z,46.14086667,12.58365000,1681.00,66.497
5903,2,3848,4602.809629394832,1486.039976536856,2019-07-15T13:38:21Z,46.14086667,12.58343333,1680.00,66.487
5904,2,3849,4603.809629394832,1487.039976536856,2019-07-15T13:38:22Z,46.14085000,12.58321667,1681.00,66.475
5905,2,3850,4604.809629394832,1488.039976536856,2019-07-15T13:38:23Z,46.14083333,12.58301667,1681.00,66.464
5906,2,3851,4605.809629394832,1489.039976536856,2019-07-15T13:38:24Z,46.14081667,12.58281667,1678.00,66.453
5907,2,3852,4606.809629394832,1490.039976536856,2019-07-15T13:38:25Z,46.14078333,12.58260000,1676.00,66.44
5908,2,3853,4607.809629394832,1491.039976536856,2019-07-15T13:38:26Z,46.14076667,12.58240000,1675.00,66.429
5909,2,3854,4608.809629394832,1492.039976536856,2019-07-15T13:38:27Z,46.14075000,12.58220000,1671.00,66.418
5910,2,3855,4609.809629394832,1493.039976536856,2019-07-15T13:38:28Z,46.14071667,12.58201667,1672.00,66.406
5911,2,3856,4610.809629394832,1494.039976536856,2019-07-15T13:38:29Z,46.14070000,12.58185000,1673.00,66.397
5912,2,3857,4611.809629394832,1495.039976536856,2019-07-15T13:38:30Z,46.14068333,12.58168333,1671.00,66.387
5913,2,3858,4612.809629394832,1496.039976536856,2019-07-15T13:38:31Z,46.14066667,12.58151667,1671.00,66.378
5914,2,3859,4613.809629394832,1497.039976536856,2019-07-15T13:38:32Z,46.14065000,12.58135000,1669.00,66.368
5915,2,3860,4614.809629394832,1498.039976536856,2019-07-15T13:38:33Z,46.14061667,12.58118333,1668.00,66.358
5916,2,3861,4615.809629394832,1499.039976536856,2019-07-15T13:38:34Z,46.14060000,12.58100000,1667.00,66.347
5917,2,3862,4616.809629394832,1500.039976536856,2019-07-15T13:38:35Z,46.14058333,12.58081667,1665.00,66.337
5918,2,3863,4617.809629394832,1501.039976536856,2019-07-15T13:38:36Z,46.14055000,12.58063333,1664.00,66.326
5919,2,3864,4618.809629394832,1502.039976536856,2019-07-15T13:38:37Z,46.14051667,12.58045000,1662.00,66.314
5920,2,3865,4619.809629394832,1503.039976536856,2019-07-15T13:38:38Z,46.14046667,12.58025000,1660.00,66.3
5921,2,3866,4620.809629394832,1504.039976536856,2019-07-15T13:38:39Z,46.14043333,12.58008333,1659.00,66.29
5922,2,3867,4621.809629394832,1505.039976536856,2019-07-15T13:38:40Z,46.14038333,12.57991667,1659.00,66.277
5923,2,3868,4622.809629394832,1506.039976536856,2019-07-15T13:38:41Z,46.14035000,12.57975000,1662.00,66.267
5924,2,3869,4623.809629394832,1507.039976536856,2019-07-15T13:38:42Z,46.14031667,12.57960000,1661.00,66.257
5925,2,3870,4624.809629394832,1508.039976536856,2019-07-15T13:38:43Z,46.14028333,12.57945000,1660.00,66.247
5926,2,3871,4625.809629394832,1509.039976536856,2019-07-15T13:38:44Z,46.14023333,12.57926667,1656.00,66.234
5927,2,3872,4626.809629394832,1510.039976536856,2019-07-15T13:38:45Z,46.14016667,12.57908333,1653.00,66.219
5928,2,3873,4627.809629394832,1511.039976536856,2019-07-15T13:38:46Z,46.14010000,12.57891667,1650.00,66.205
5929,2,3874,4628.809629394832,1512.039976536856,2019-07-15T13:38:47Z,46.14003333,12.57875000,1649.00,66.192
5930,2,3875,4629.809629394832,1513.039976536856,2019-07-15T13:38:48Z,46.13996667,12.57861667,1648.00,66.18
5931,2,3876,4630.809629394832,1514.039976536856,2019-07-15T13:38:49Z,46.13990000,12.57848333,1648.00,66.167
5932,2,3877,4631.809629394832,1515.039976536856,2019-07-15T13:38:50Z,46.13983333,12.57835000,1649.00,66.155
5933,2,3878,4632.809629394832,1516.039976536856,2019-07-15T13:38:51Z,46.13975000,12.57821667,1647.00,66.142
5934,2,3879,4633.809629394832,1517.039976536856,2019-07-15T13:38:52Z,46.13966667,12.57808333,1645.00,66.128
5935,2,3880,4634.809629394832,1518.039976536856,2019-07-15T13:38:53Z,46.13958333,12.57795000,1642.00,66.115
5936,2,3881,4635.809629394832,1519.039976536856,2019-07-15T13:38:54Z,46.13950000,12.57780000,1641.00,66.1
5937,2,3882,4636.809629394832,1520.039976536856,2019-07-15T13:38:55Z,46.13943333,12.57763333,1641.00,66.087
5938,2,3883,4637.809629394832,1521.039976536856,2019-07-15T13:38:56Z,46.13936667,12.57748333,1639.00,66.074
5939,2,3884,4638.809629394832,1522.039976536856,2019-07-15T13:38:57Z,46.13931667,12.57733333,1639.00,66.062
5940,2,3885,4639.809629394832,1523.039976536856,2019-07-15T13:38:58Z,46.13926667,12.57716667,1639.00,66.05
5941,2,3886,4640.809629394832,1524.039976536856,2019-07-15T13:38:59Z,46.13923333,12.57701667,1638.00,66.04
5942,2,3887,4641.809629394832,1525.039976536856,2019-07-15T13:39:00Z,46.13918333,12.57685000,1637.00,66.028
5943,2,3888,4642.809629394832,1526.039976536856,2019-07-15T13:39:01Z,46.13911667,12.57668333,1637.00,66.014
5944,2,3889,4643.809629394832,1527.039976536856,2019-07-15T13:39:02Z,46.13905000,12.57653333,1636.00,66.001
5945,2,3890,4644.809629394832,1528.039976536856,2019-07-15T13:39:03Z,46.13898333,12.57638333,1636.00,65.989
5946,2,3891,4645.809629394832,1529.039976536856,2019-07-15T13:39:04Z,46.13891667,12.57625000,1636.00,65.976
5947,2,3892,4646.809629394832,1530.039976536856,2019-07-15T13:39:05Z,46.13885000,12.57613333,1637.00,65.965
5948,2,3893,4647.809629394832,1531.039976536856,2019-07-15T13:39:06Z,46.13876667,12.57601667,1639.00,65.952
5949,2,3894,4648.809629394832,1532.039976536856,2019-07-15T13:39:07Z,46.13868333,12.57591667,1639.00,65.94
5950,2,3895,4649.809629394832,1533.039976536856,2019-07-15T13:39:08Z,46.13860000,12.57580000,1639.00,65.927
5951,2,3896,4650.809629394832,1534.039976536856,2019-07-15T13:39:09Z,46.13850000,12.57566667,1639.00,65.912
5952,2,3897,4651.809629394832,1535.039976536856,2019-07-15T13:39:10Z,46.13841667,12.57553333,1639.00,65.899
5953,2,3898,4652.809629394832,1536.039976536856,2019-07-15T13:39:11Z,46.13835000,12.57541667,1641.00,65.887
5954,2,3899,4653.809629394832,1537.039976536856,2019-07-15T13:39:12Z,46.13830000,12.57528333,1643.00,65.877
5955,2,3900,4654.809629394832,1538.039976536856,2019-07-15T13:39:13Z,46.13825000,12.57515000,1644.00,65.866
5956,2,3901,4655.809629394832,1539.039976536856,2019-07-15T13:39:14Z,46.13820000,12.57500000,1644.00,65.855
5957,2,3902,4656.809629394832,1540.039976536856,2019-07-15T13:39:15Z,46.13815000,12.57483333,1643.00,65.843
5958,2,3903,4657.809629394832,1541.039976536856,2019-07-15T13:39:16Z,46.13810000,12.57463333,1641.00,65.829
5959,2,3904,4658.809629394832,1542.039976536856,2019-07-15T13:39:17Z,46.13805000,12.57445000,1639.00,65.816
5960,2,3905,4659.809629394832,1543.039976536856,2019-07-15T13:39:18Z,46.13798333,12.57426667,1639.00,65.802
5961,2,3906,4660.809629394832,1544.039976536856,2019-07-15T13:39:19Z,46.13793333,12.57410000,1640.00,65.79
5962,2,3907,4661.809629394832,1545.039976536856,2019-07-15T13:39:20Z,46.13786667,12.57395000,1642.00,65.777
5963,2,3908,4662.809629394832,1546.039976536856,2019-07-15T13:39:21Z,46.13781667,12.57381667,1643.00,65.766
5964,2,3909,4663.809629394832,1547.039976536856,2019-07-15T13:39:22Z,46.13775000,12.57370000,1643.00,65.755
5965,2,3910,4664.809629394832,1548.039976536856,2019-07-15T13:39:23Z,46.13766667,12.57356667,1643.00,65.741
5966,2,3911,4665.809629394832,1549.039976536856,2019-07-15T13:39:24Z,46.13760000,12.57343333,1643.00,65.729
5967,2,3912,4666.809629394832,1550.039976536856,2019-07-15T13:39:25Z,46.13753333,12.57330000,1643.00,65.717
5968,2,3913,4667.809629394832,1551.039976536856,2019-07-15T13:39:26Z,46.13748333,12.57316667,1643.00,65.707
5969,2,3914,4668.809629394832,1552.039976536856,2019-07-15T13:39:27Z,46.13741667,12.57303333,1643.00,65.695
5970,2,3915,4669.809629394832,1553.039976536856,2019-07-15T13:39:28Z,46.13736667,12.57288333,1643.00,65.683
5971,2,3916,4670.809629394832,1554.039976536856,2019-07-15T13:39:29Z,46.13731667,12.57273333,1642.00,65.672
5972,2,3917,4671.809629394832,1555.039976536856,2019-07-15T13:39:30Z,46.13726667,12.57258333,1640.00,65.661
5973,2,3918,4672.809629394832,1556.039976536856,2019-07-15T13:39:31Z,46.13721667,12.57240000,1639.00,65.648
5974,2,3919,4673.809629394832,1557.039976536856,2019-07-15T13:39:32Z,46.13716667,12.57223333,1638.00,65.636
5975,2,3920,4674.809629394832,1558.039976536856,2019-07-15T13:39:33Z,46.13710000,12.57206667,1638.00,65.622
5976,2,3921,4675.809629394832,1559.039976536856,2019-07-15T13:39:34Z,46.13703333,12.57191667,1639.00,65.609
5977,2,3922,4676.809629394832,1560.039976536856,2019-07-15T13:39:35Z,46.13698333,12.57178333,1640.00,65.599
5978,2,3923,4677.809629394832,1561.039976536856,2019-07-15T13:39:36Z,46.13691667,12.57166667,1639.00,65.587
5979,2,3924,4678.809629394832,1562.039976536856,2019-07-15T13:39:37Z,46.13685000,12.57156667,1638.00,65.577
5980,2,3925,4679.809629394832,1563.039976536856,2019-07-15T13:39:38Z,46.13678333,12.57148333,1638.00,65.567
5981,2,3926,4680.809629394832,1564.039976536856,2019-07-15T13:39:39Z,46.13670000,12.57140000,1637.00,65.556
5982,2,3927,4681.809629394832,1565.039976536856,2019-07-15T13:39:40Z,46.13660000,12.57131667,1637.00,65.543
5983,2,3928,4682.809629394832,1566.039976536856,2019-07-15T13:39:41Z,46.13650000,12.57125000,1635.00,65.531
5984,2,3929,4683.809629394832,1567.039976536856,2019-07-15T13:39:42Z,46.13640000,12.57120000,1633.00,65.52
5985,2,3930,4684.809629394832,1568.039976536856,2019-07-15T13:39:43Z,46.13628333,12.57113333,1632.00,65.506
5986,2,3931,4685.809629394832,1569.039976536856,2019-07-15T13:39:44Z,46.13618333,12.57106667,1632.00,65.494
5987,2,3932,4686.809629394832,1570.039976536856,2019-07-15T13:39:45Z,46.13606667,12.57098333,1631.00,65.48
5988,2,3933,4687.809629394832,1571.039976536856,2019-07-15T13:39:46Z,46.13595000,12.57091667,1630.00,65.467
5989,2,3934,4688.809629394832,1572.039976536856,2019-07-15T13:39:47Z,46.13585000,12.57081667,1631.00,65.453
5990,2,3935,4689.809629394832,1573.039976536856,2019-07-15T13:39:48Z,46.13575000,12.57071667,1631.00,65.44
5991,2,3936,4690.809629394832,1574.039976536856,2019-07-15T13:39:49Z,46.13565000,12.57061667,1632.00,65.426
5992,2,3937,4691.809629394832,1575.039976536856,2019-07-15T13:39:50Z,46.13556667,12.57053333,1634.00,65.415
5993,2,3938,4692.809629394832,1576.039976536856,2019-07-15T13:39:51Z,46.13548333,12.57045000,1637.00,65.403
5994,2,3939,4693.809629394832,1577.039976536856,2019-07-15T13:39:52Z,46.13540000,12.57036667,1639.00,65.392
5995,2,3940,4694.809629394832,1578.039976536856,2019-07-15T13:39:53Z,46.13530000,12.57028333,1639.00,65.379
5996,2,3941,4695.809629394832,1579.039976536856,2019-07-15T13:39:54Z,46.13520000,12.57020000,1639.00,65.367
5997,2,3942,4696.809629394832,1580.039976536856,2019-07-15T13:39:55Z,46.13510000,12.57013333,1639.00,65.355
5998,2,3943,4697.809629394832,1581.039976536856,2019-07-15T13:39:56Z,46.13498333,12.57008333,1640.00,65.342
5999,2,3944,4698.809629394832,1582.039976536856,2019-07-15T13:39:57Z,46.13490000,12.57005000,1642.00,65.333
6000,2,3945,4699.809629394832,1583.039976536856,2019-07-15T13:39:58Z,46.13480000,12.57000000,1643.00,65.322
6001,2,3946,4700.809629394832,1584.039976536856,2019-07-15T13:39:59Z,46.13471667,12.56995000,1644.00,65.312
6002,2,3947,4701.809629394832,1585.039976536856,2019-07-15T13:40:00Z,46.13461667,12.56991667,1644.00,65.301
6003,2,3948,4702.809629394832,1586.039976536856,2019-07-15T13:40:01Z,46.13450000,12.56986667,1645.00,65.289
6004,2,3949,4703.809629394832,1587.039976536856,2019-07-15T13:40:02Z,46.13440000,12.56981667,1645.00,65.278
6005,2,3950,4704.809629394832,1588.039976536856,2019-07-15T13:40:03Z,46.13428333,12.56975000,1646.00,65.264
6006,2,3951,4705.809629394832,1589.039976536856,2019-07-15T13:40:04Z,46.13416667,12.56968333,1648.00,65.251
6007,2,3952,4706.809629394832,1590.039976536856,2019-07-15T13:40:05Z,46.13406667,12.56961667,1650.00,65.239
6008,2,3953,4707.809629394832,1591.039976536856,2019-07-15T13:40:06Z,46.13398333,12.56951667,1651.00,65.227
6009,2,3954,4708.809629394832,1592.039976536856,2019-07-15T13:40:07Z,46.13388333,12.56940000,1652.00,65.212
6010,2,3955,4709.809629394832,1593.039976536856,2019-07-15T13:40:08Z,46.13381667,12.56926667,1653.00,65.2
6011,2,3956,4710.809629394832,1594.039976536856,2019-07-15T13:40:09Z,46.13375000,12.56913333,1654.00,65.188
6012,2,3957,4711.809629394832,1595.039976536856,2019-07-15T13:40:10Z,46.13368333,12.56896667,1653.00,65.175
6013,2,3958,4712.809629394832,1596.039976536856,2019-07-15T13:40:11Z,46.13363333,12.56880000,1652.00,65.162
6014,2,3959,4713.809629394832,1597.039976536856,2019-07-15T13:40:12Z,46.13356667,12.56863333,1651.00,65.149
6015,2,3960,4714.809629394832,1598.039976536856,2019-07-15T13:40:13Z,46.13350000,12.56848333,1651.00,65.136
6016,2,3961,4715.809629394832,1599.039976536856,2019-07-15T13:40:14Z,46.13343333,12.56833333,1650.00,65.123
6017,2,3962,4716.809629394832,1600.039976536856,2019-07-15T13:40:15Z,46.13335000,12.56820000,1650.00,65.11
6018,2,3963,4717.809629394832,1601.039976536856,2019-07-15T13:40:16Z,46.13326667,12.56808333,1649.00,65.097
6019,2,3964,4718.809629394832,1602.039976536856,2019-07-15T13:40:17Z,46.13315000,12.56796667,1648.00,65.081
6020,2,3965,4719.809629394832,1603.039976536856,2019-07-15T13:40:18Z,46.13305000,12.56788333,1647.00,65.068
6021,2,3966,4720.809629394832,1604.039976536856,2019-07-15T13:40:19Z,46.13291667,12.56780000,1646.00,65.053
6022,2,3967,4721.809629394832,1605.039976536856,2019-07-15T13:40:20Z,46.13280000,12.56771667,1646.00,65.038
6023,2,3968,4722.809629394832,1606.039976536856,2019-07-15T13:40:21Z,46.13268333,12.56765000,1646.00,65.025
6024,2,3969,4723.809629394832,1607.039976536856,2019-07-15T13:40:22Z,46.13258333,12.56756667,1647.00,65.012
6025,2,3970,4724.809629394832,1608.039976536856,2019-07-15T13:40:23Z,46.13248333,12.56750000,1649.00,65.0
6026,2,3971,4725.809629394832,1609.039976536856,2019-07-15T13:40:24Z,46.13238333,12.56741667,1649.00,64.987
6027,2,3972,4726.809629394832,1610.039976536856,2019-07-15T13:40:25Z,46.13228333,12.56733333,1649.00,64.975
6028,2,3973,4727.809629394832,1611.039976536856,2019-07-15T13:40:26Z,46.13218333,12.56723333,1648.00,64.961
6029,2,3974,4728.809629394832,1612.039976536856,2019-07-15T13:40:27Z,46.13208333,12.56711667,1645.00,64.947
6030,2,3975,4729.809629394832,1613.039976536856,2019-07-15T13:40:28Z,46.13200000,12.56700000,1644.00,64.934
6031,2,3976,4730.809629394832,1614.039976536856,2019-07-15T13:40:29Z,46.13191667,12.56686667,1643.00,64.92
6032,2,3977,4731.809629394832,1615.039976536856,2019-07-15T13:40:30Z,46.13183333,12.56673333,1641.00,64.907
6033,2,3978,4732.809629394832,1616.039976536856,2019-07-15T13:40:31Z,46.13173333,12.56660000,1639.00,64.892
6034,2,3979,4733.809629394832,1617.039976536856,2019-07-15T13:40:32Z,46.13165000,12.56648333,1637.00,64.879
6035,2,3980,4734.809629394832,1618.039976536856,2019-07-15T13:40:33Z,46.13155000,12.56635000,1636.00,64.864
6036,2,3981,4735.809629394832,1619.039976536856,2019-07-15T13:40:34Z,46.13146667,12.56623333,1634.00,64.851
6037,2,3982,4736.809629394832,1620.039976536856,2019-07-15T13:40:35Z,46.13138333,12.56610000,1633.00,64.838
6038,2,3983,4737.809629394832,1621.039976536856,2019-07-15T13:40:36Z,46.13128333,12.56596667,1631.00,64.823
6039,2,3984,4738.809629394832,1622.039976536856,2019-07-15T13:40:37Z,46.13120000,12.56581667,1629.00,64.808
6040,2,3985,4739.809629394832,1623.039976536856,2019-07-15T13:40:38Z,46.13111667,12.56566667,1627.00,64.794
6041,2,3986,4740.809629394832,1624.039976536856,2019-07-15T13:40:39Z,46.13103333,12.56553333,1626.00,64.78
6042,2,3987,4741.809629394832,1625.039976536856,2019-07-15T13:40:40Z,46.13093333,12.56538333,1626.00,64.765
6043,2,3988,4742.809629394832,1626.039976536856,2019-07-15T13:40:41Z,46.13085000,12.56526667,1627.00,64.752
6044,2,3989,4743.809629394832,1627.039976536856,2019-07-15T13:40:42Z,46.13076667,12.56515000,1627.00,64.739
6045,2,3990,4744.809629394832,1628.039976536856,2019-07-15T13:40:43Z,46.13066667,12.56505000,1628.00,64.726
6046,2,3991,4745.809629394832,1629.039976536856,2019-07-15T13:40:44Z,46.13056667,12.56496667,1629.00,64.713
6047,2,3992,4746.809629394832,1630.039976536856,2019-07-15T13:40:45Z,46.13045000,12.56491667,1629.00,64.7
6048,2,3993,4747.809629394832,1631.039976536856,2019-07-15T13:40:46Z,46.13033333,12.56486667,1629.00,64.687
6049,2,3994,4748.809629394832,1632.039976536856,2019-07-15T13:40:47Z,46.13021667,12.56481667,1630.00,64.675
6050,2,3995,4749.809629394832,1633.039976536856,2019-07-15T13:40:48Z,46.13010000,12.56476667,1630.00,64.662
6051,2,3996,4750.809629394832,1634.039976536856,2019-07-15T13:40:49Z,46.12998333,12.56473333,1631.00,64.65
6052,2,3997,4751.809629394832,1635.039976536856,2019-07-15T13:40:50Z,46.12986667,12.56468333,1631.00,64.637
6053,2,3998,4752.809629394832,1636.039976536856,2019-07-15T13:40:51Z,46.12976667,12.56463333,1632.00,64.626
6054,2,3999,4753.809629394832,1637.039976536856,2019-07-15T13:40:52Z,46.12966667,12.56458333,1631.00,64.615
6055,2,4000,4754.809629394832,1638.039976536856,2019-07-15T13:40:53Z,46.12955000,12.56451667,1630.00,64.601
6056,2,4001,4755.809629394832,1639.039976536856,2019-07-15T13:40:54Z,46.12943333,12.56443333,1629.00,64.587
6057,2,4002,4756.809629394832,1640.039976536856,2019-07-15T13:40:55Z,46.12933333,12.56433333,1629.00,64.573
6058,2,4003,4757.809629394832,1641.039976536856,2019-07-15T13:40:56Z,46.12921667,12.56423333,1628.00,64.558
6059,2,4004,4758.809629394832,1642.039976536856,2019-07-15T13:40:57Z,46.12911667,12.56411667,1627.00,64.544
6060,2,4005,4759.809629394832,1643.039976536856,2019-07-15T13:40:58Z,46.12901667,12.56401667,1625.00,64.53
6061,2,4006,4760.809629394832,1644.039976536856,2019-07-15T13:40:59Z,46.12891667,12.56390000,1623.00,64.516
6062,2,4007,4761.809629394832,1645.039976536856,2019-07-15T13:41:00Z,46.12880000,12.56380000,1622.00,64.501
6063,2,4008,4762.809629394832,1646.039976536856,2019-07-15T13:41:01Z,46.12870000,12.56370000,1622.00,64.488
6064,2,4009,4763.809629394832,1647.039976536856,2019-07-15T13:41:02Z,46.12858333,12.56361667,1622.00,64.473
6065,2,4010,4764.809629394832,1648.039976536856,2019-07-15T13:41:03Z,46.12846667,12.56355000,1622.00,64.46
6066,2,4011,4765.809629394832,1649.039976536856,2019-07-15T13:41:04Z,46.12835000,12.56348333,1623.00,64.446
6067,2,4012,4766.809629394832,1650.039976536856,2019-07-15T13:41:05Z,46.12825000,12.56341667,1623.00,64.434
6068,2,4013,4767.809629394832,1651.039976536856,2019-07-15T13:41:06Z,46.12815000,12.56335000,1624.00,64.422
6069,2,4014,4768.809629394832,1652.039976536856,2019-07-15T13:41:07Z,46.12803333,12.56328333,1624.00,64.409
6070,2,4015,4769.809629394832,1653.039976536856,2019-07-15T13:41:08Z,46.12793333,12.56318333,1625.00,64.395
6071,2,4016,4770.809629394832,1654.039976536856,2019-07-15T13:41:09Z,46.12785000,12.56308333,1626.00,64.383
6072,2,4017,4771.809629394832,1655.039976536856,2019-07-15T13:41:10Z,46.12776667,12.56296667,1626.00,64.371
6073,2,4018,4772.809629394832,1656.039976536856,2019-07-15T13:41:11Z,46.12768333,12.56283333,1626.00,64.357
6074,2,4019,4773.809629394832,1657.039976536856,2019-07-15T13:41:12Z,46.12760000,12.56266667,1625.00,64.342
6075,2,4020,4774.809629394832,1658.039976536856,2019-07-15T13:41:13Z,46.12751667,12.56251667,1624.00,64.328
6076,2,4021,4775.809629394832,1659.039976536856,2019-07-15T13:41:14Z,46.12743333,12.56238333,1625.00,64.314
6077,2,4022,4776.809629394832,1660.039976536856,2019-07-15T13:41:15Z,46.12735000,12.56225000,1625.00,64.301
6078,2,4023,4777.809629394832,1661.039976536856,2019-07-15T13:41:16Z,46.12726667,12.56215000,1625.00,64.289
6079,2,4024,4778.809629394832,1662.039976536856,2019-07-15T13:41:17Z,46.12716667,12.56203333,1625.00,64.274
6080,2,4025,4779.809629394832,1663.039976536856,2019-07-15T13:41:18Z,46.12708333,12.56193333,1625.00,64.262
6081,2,4026,4780.809629394832,1664.039976536856,2019-07-15T13:41:19Z,46.12698333,12.56185000,1624.00,64.249
6082,2,4027,4781.809629394832,1665.039976536856,2019-07-15T13:41:20Z,46.12688333,12.56175000,1624.00,64.236
6083,2,4028,4782.809629394832,1666.039976536856,2019-07-15T13:41:21Z,46.12678333,12.56165000,1624.00,64.222
6084,2,4029,4783.809629394832,1667.039976536856,2019-07-15T13:41:22Z,46.12670000,12.56153333,1624.00,64.21
6085,2,4030,4784.809629394832,1668.039976536856,2019-07-15T13:41:23Z,46.12660000,12.56143333,1624.00,64.196
6086,2,4031,4785.809629394832,1669.039976536856,2019-07-15T13:41:24Z,46.12650000,12.56131667,1624.00,64.182
6087,2,4032,4786.809629394832,1670.039976536856,2019-07-15T13:41:25Z,46.12640000,12.56120000,1625.00,64.167
6088,2,4033,4787.809629394832,1671.039976536856,2019-07-15T13:41:26Z,46.12630000,12.56108333,1625.00,64.153
6089,2,4034,4788.809629394832,1672.039976536856,2019-07-15T13:41:27Z,46.12620000,12.56096667,1626.00,64.139
6090,2,4035,4789.809629394832,1673.039976536856,2019-07-15T13:41:28Z,46.12611667,12.56083333,1628.00,64.125
6091,2,4036,4790.809629394832,1674.039976536856,2019-07-15T13:41:29Z,46.12601667,12.56070000,1629.00,64.11
6092,2,4037,4791.809629394832,1675.039976536856,2019-07-15T13:41:30Z,46.12593333,12.56058333,1632.00,64.098
6093,2,4038,4792.809629394832,1676.039976536856,2019-07-15T13:41:31Z,46.12585000,12.56046667,1632.00,64.085
6094,2,4039,4793.809629394832,1677.039976536856,2019-07-15T13:41:32Z,46.12576667,12.56035000,1631.00,64.072
6095,2,4040,4794.809629394832,1678.039976536856,2019-07-15T13:41:33Z,46.12566667,12.56026667,1632.00,64.059
6096,2,4041,4795.809629394832,1679.039976536856,2019-07-15T13:41:34Z,46.12556667,12.56018333,1631.00,64.046
6097,2,4042,4796.809629394832,1680.039976536856,2019-07-15T13:41:35Z,46.12545000,12.56011667,1629.00,64.033
6098,2,4043,4797.809629394832,1681.039976536856,2019-07-15T13:41:36Z,46.12533333,12.56005000,1628.00,64.019
6099,2,4044,4798.809629394832,1682.039976536856,2019-07-15T13:41:37Z,46.12521667,12.55998333,1627.00,64.006
6100,2,4045,4799.809629394832,1683.039976536856,2019-07-15T13:41:38Z,46.12510000,12.55990000,1627.00,63.992
6101,2,4046,4800.809629394832,1684.039976536856,2019-07-15T13:41:39Z,46.12500000,12.55983333,1627.00,63.98
6102,2,4047,4801.809629394832,1685.039976536856,2019-07-15T13:41:40Z,46.12490000,12.55973333,1629.00,63.966
6103,2,4048,4802.809629394832,1686.039976536856,2019-07-15T13:41:41Z,46.12480000,12.55963333,1631.00,63.953
6104,2,4049,4803.809629394832,1687.039976536856,2019-07-15T13:41:42Z,46.12470000,12.55951667,1632.00,63.938
6105,2,4050,4804.809629394832,1688.039976536856,2019-07-15T13:41:43Z,46.12461667,12.55938333,1632.00,63.925
6106,2,4051,4805.809629394832,1689.039976536856,2019-07-15T13:41:44Z,46.12451667,12.55925000,1632.00,63.91
6107,2,4052,4806.809629394832,1690.039976536856,2019-07-15T13:41:45Z,46.12441667,12.55910000,1632.00,63.894
6108,2,4053,4807.809629394832,1691.039976536856,2019-07-15T13:41:46Z,46.12433333,12.55895000,1632.00,63.88
6109,2,4054,4808.809629394832,1692.039976536856,2019-07-15T13:41:47Z,46.12423333,12.55880000,1633.00,63.864
6110,2,4055,4809.809629394832,1693.039976536856,2019-07-15T13:41:48Z,46.12413333,12.55865000,1632.00,63.848
6111,2,4056,4810.809629394832,1694.039976536856,2019-07-15T13:41:49Z,46.12405000,12.55848333,1633.00,63.833
6112,2,4057,4811.809629394832,1695.039976536856,2019-07-15T13:41:50Z,46.12396667,12.55833333,1634.00,63.819
6113,2,4058,4812.809629394832,1696.039976536856,2019-07-15T13:41:51Z,46.12388333,12.55818333,1634.00,63.804
6114,2,4059,4813.809629394832,1697.039976536856,2019-07-15T13:41:52Z,46.12380000,12.55805000,1634.00,63.791
6115,2,4060,4814.809629394832,1698.039976536856,2019-07-15T13:41:53Z,46.12371667,12.55793333,1634.00,63.778
6116,2,4061,4815.809629394832,1699.039976536856,2019-07-15T13:41:54Z,46.12363333,12.55785000,1635.00,63.767
6117,2,4062,4816.809629394832,1700.039976536856,2019-07-15T13:41:55Z,46.12351667,12.55780000,1635.00,63.754
6118,2,4063,4817.809629394832,1701.039976536856,2019-07-15T13:41:56Z,46.12341667,12.55776667,1635.00,63.743
6119,2,4064,4818.809629394832,1702.039976536856,2019-07-15T13:41:57Z,46.12330000,12.55776667,1634.00,63.733
6120,2,4065,4819.809629394832,1703.039976536856,2019-07-15T13:41:58Z,46.12318333,12.55776667,1633.00,63.723
6121,2,4066,4820.809629394832,1704.039976536856,2019-07-15T13:41:59Z,46.12308333,12.55776667,1633.00,63.714
6122,2,4067,4821.809629394832,1705.039976536856,2019-07-15T13:42:00Z,46.12296667,12.55771667,1632.00,63.701
6123,2,4068,4822.809629394832,1706.039976536856,2019-07-15T13:42:01Z,46.12285000,12.55766667,1632.00,63.688
6124,2,4069,4823.809629394832,1707.039976536856,2019-07-15T13:42:02Z,46.12275000,12.55760000,1627.00,63.676
6125,2,4070,4824.809629394832,1708.039976536856,2019-07-15T13:42:03Z,46.12263333,12.55750000,1630.00,63.661
6126,2,4071,4825.809629394832,1709.039976536856,2019-07-15T13:42:04Z,46.12253333,12.55741667,1630.00,63.648
6127,2,4072,4826.809629394832,1710.039976536856,2019-07-15T13:42:05Z,46.12241667,12.55731667,1627.00,63.633
6128,2,4073,4827.809629394832,1711.039976536856,2019-07-15T13:42:06Z,46.12231667,12.55721667,1631.00,63.62
6129,2,4074,4828.809629394832,1712.039976536856,2019-07-15T13:42:07Z,46.12221667,12.55711667,1630.00,63.606
6130,2,4075,4829.809629394832,1713.039976536856,2019-07-15T13:42:08Z,46.12213333,12.55701667,1630.00,63.594
6131,2,4076,4830.809629394832,1714.039976536856,2019-07-15T13:42:09Z,46.12205000,12.55691667,1632.00,63.582
6132,2,4077,4831.809629394832,1715.039976536856,2019-07-15T13:42:10Z,46.12198333,12.55680000,1633.00,63.571
6133,2,4078,4832.809629394832,1716.039976536856,2019-07-15T13:42:11Z,46.12190000,12.55668333,1634.00,63.558
6134,2,4079,4833.809629394832,1717.039976536856,2019-07-15T13:42:12Z,46.12183333,12.55656667,1634.00,63.547
6135,2,4080,4834.809629394832,1718.039976536856,2019-07-15T13:42:13Z,46.12175000,12.55643333,1634.00,63.533
6136,2,4081,4835.809629394832,1719.039976536856,2019-07-15T13:42:14Z,46.12168333,12.55631667,1634.00,63.522
6137,2,4082,4836.809629394832,1720.039976536856,2019-07-15T13:42:15Z,46.12158333,12.55618333,1632.00,63.507
6138,2,4083,4837.809629394832,1721.039976536856,2019-07-15T13:42:16Z,46.12150000,12.55606667,1633.00,63.494
6139,2,4084,4838.809629394832,1722.039976536856,2019-07-15T13:42:17Z,46.12140000,12.55595000,1634.00,63.48
6140,2,4085,4839.809629394832,1723.039976536856,2019-07-15T13:42:18Z,46.12131667,12.55585000,1634.00,63.468
6141,2,4086,4840.809629394832,1724.039976536856,2019-07-15T13:42:19Z,46.12121667,12.55575000,1634.00,63.454
6142,2,4087,4841.809629394832,1725.039976536856,2019-07-15T13:42:20Z,46.12110000,12.55565000,1635.00,63.439
6143,2,4088,4842.809629394832,1726.039976536856,2019-07-15T13:42:21Z,46.12100000,12.55556667,1635.00,63.427
6144,2,4089,4843.809629394832,1727.039976536856,2019-07-15T13:42:22Z,46.12090000,12.55548333,1635.00,63.414
6145,2,4090,4844.809629394832,1728.039976536856,2019-07-15T13:42:23Z,46.12080000,12.55540000,1636.00,63.401
6146,2,4091,4845.809629394832,1729.039976536856,2019-07-15T13:42:24Z,46.12070000,12.55531667,1637.00,63.388
6147,2,4092,4846.809629394832,1730.039976536856,2019-07-15T13:42:25Z,46.12061667,12.55523333,1638.00,63.377
6148,2,4093,4847.809629394832,1731.039976536856,2019-07-15T13:42:26Z,46.12051667,12.55513333,1638.00,63.363
6149,2,4094,4848.809629394832,1732.039976536856,2019-07-15T13:42:27Z,46.12041667,12.55505000,1638.00,63.351
6150,2,4095,4849.809629394832,1733.039976536856,2019-07-15T13:42:28Z,46.12030000,12.55496667,1638.00,63.336
6151,2,4096,4850.809629394832,1734.039976536856,2019-07-15T13:42:29Z,46.12018333,12.55488333,1638.00,63.322
6152,2,4097,4851.809629394832,1735.039976536856,2019-07-15T13:42:30Z,46.12005000,12.55480000,1637.00,63.306
6153,2,4098,4852.809629394832,1736.039976536856,2019-07-15T13:42:31Z,46.11993333,12.55471667,1637.00,63.292
6154,2,4099,4853.809629394832,1737.039976536856,2019-07-15T13:42:32Z,46.11981667,12.55465000,1636.00,63.279
6155,2,4100,4854.809629394832,1738.039976536856,2019-07-15T13:42:33Z,46.11971667,12.55456667,1637.00,63.266
6156,2,4101,4855.809629394832,1739.039976536856,2019-07-15T13:42:34Z,46.11961667,12.55446667,1638.00,63.252
6157,2,4102,4856.809629394832,1740.039976536856,2019-07-15T13:42:35Z,46.11953333,12.55433333,1639.00,63.239
6158,2,4103,4857.809629394832,1741.039976536856,2019-07-15T13:42:36Z,46.11943333,12.55420000,1637.00,63.224
6159,2,4104,4858.809629394832,1742.039976536856,2019-07-15T13:42:37Z,46.11935000,12.55403333,1636.00,63.209
6160,2,4105,4859.809629394832,1743.039976536856,2019-07-15T13:42:38Z,46.11925000,12.55386667,1633.00,63.192
6161,2,4106,4860.809629394832,1744.039976536856,2019-07-15T13:42:39Z,46.11916667,12.55371667,1631.00,63.178
6162,2,4107,4861.809629394832,1745.039976536856,2019-07-15T13:42:40Z,46.11906667,12.55358333,1632.00,63.163
6163,2,4108,4862.809629394832,1746.039976536856,2019-07-15T13:42:41Z,46.11898333,12.55346667,1630.00,63.15
6164,2,4109,4863.809629394832,1747.039976536856,2019-07-15T13:42:42Z,46.11888333,12.55338333,1630.00,63.137
6165,2,4110,4864.809629394832,1748.039976536856,2019-07-15T13:42:43Z,46.11878333,12.55330000,1627.00,63.124
6166,2,4111,4865.809629394832,1749.039976536856,2019-07-15T13:42:44Z,46.11868333,12.55323333,1625.00,63.112
6167,2,4112,4866.809629394832,1750.039976536856,2019-07-15T13:42:45Z,46.11856667,12.55316667,1624.00,63.099
6168,2,4113,4867.809629394832,1751.039976536856,2019-07-15T13:42:46Z,46.11845000,12.55310000,1621.00,63.086
6169,2,4114,4868.809629394832,1752.039976536856,2019-07-15T13:42:47Z,46.11831667,12.55303333,1619.00,63.071
6170,2,4115,4869.809629394832,1753.039976536856,2019-07-15T13:42:48Z,46.11821667,12.55296667,1617.00,63.059
6171,2,4116,4870.809629394832,1754.039976536856,2019-07-15T13:42:49Z,46.11810000,12.55290000,1615.00,63.045
6172,2,4117,4871.809629394832,1755.039976536856,2019-07-15T13:42:50Z,46.11798333,12.55283333,1614.00,63.032
6173,2,4118,4872.809629394832,1756.039976536856,2019-07-15T13:42:51Z,46.11786667,12.55278333,1612.00,63.019
6174,2,4119,4873.809629394832,1757.039976536856,2019-07-15T13:42:52Z,46.11773333,12.55275000,1609.00,63.005
6175,2,4120,4874.809629394832,1758.039976536856,2019-07-15T13:42:53Z,46.11760000,12.55270000,1607.00,62.991
6176,2,4121,4875.809629394832,1759.039976536856,2019-07-15T13:42:54Z,46.11746667,12.55266667,1606.00,62.978
6177,2,4122,4876.809629394832,1760.039976536856,2019-07-15T13:42:55Z,46.11735000,12.55265000,1605.00,62.967
6178,2,4123,4877.809629394832,1761.039976536856,2019-07-15T13:42:56Z,46.11721667,12.55265000,1607.00,62.955
6179,2,4124,4878.809629394832,1762.039976536856,2019-07-15T13:42:57Z,46.11710000,12.55266667,1607.00,62.945
6180,2,4125,4879.809629394832,1763.039976536856,2019-07-15T13:42:58Z,46.11698333,12.55268333,1607.00,62.936
6181,2,4126,4880.809629394832,1764.039976536856,2019-07-15T13:42:59Z,46.11686667,12.55271667,1605.00,62.927
6182,2,4127,4881.809629394832,1765.039976536856,2019-07-15T13:43:00Z,46.11673333,12.55275000,1603.00,62.917
6183,2,4128,4882.809629394832,1766.039976536856,2019-07-15T13:43:01Z,46.11661667,12.55278333,1602.00,62.908
6184,2,4129,4883.809629394832,1767.039976536856,2019-07-15T13:43:02Z,46.11648333,12.55281667,1602.00,62.898
6185,2,4130,4884.809629394832,1768.039976536856,2019-07-15T13:43:03Z,46.11635000,12.55283333,1602.00,62.887
6186,2,4131,4885.809629394832,1769.039976536856,2019-07-15T13:43:04Z,46.11623333,12.55283333,1603.00,62.876
6187,2,4132,4886.809629394832,1770.039976536856,2019-07-15T13:43:05Z,46.11611667,12.55281667,1602.00,62.865
6188,2,4133,4887.809629394832,1771.039976536856,2019-07-15T13:43:06Z,46.11598333,12.55278333,1602.00,62.852
6189,2,4134,4888.809629394832,1772.039976536856,2019-07-15T13:43:07Z,46.11586667,12.55275000,1601.00,62.84
6190,2,4135,4889.809629394832,1773.039976536856,2019-07-15T13:43:08Z,46.11575000,12.55270000,1599.00,62.827
6191,2,4136,4890.809629394832,1774.039976536856,2019-07-15T13:43:09Z,46.11561667,12.55265000,1597.00,62.813
6192,2,4137,4891.809629394832,1775.039976536856,2019-07-15T13:43:10Z,46.11550000,12.55258333,1595.00,62.8
6193,2,4138,4892.809629394832,1776.039976536856,2019-07-15T13:43:11Z,46.11536667,12.55251667,1594.00,62.785
6194,2,4139,4893.809629394832,1777.039976536856,2019-07-15T13:43:12Z,46.11526667,12.55243333,1595.00,62.772
6195,2,4140,4894.809629394832,1778.039976536856,2019-07-15T13:43:13Z,46.11515000,12.55235000,1595.00,62.758
6196,2,4141,4895.809629394832,1779.039976536856,2019-07-15T13:43:14Z,46.11503333,12.55226667,1594.00,62.744
6197,2,4142,4896.809629394832,1780.039976536856,2019-07-15T13:43:15Z,46.11493333,12.55218333,1594.00,62.731
6198,2,4143,4897.809629394832,1781.039976536856,2019-07-15T13:43:16Z,46.11483333,12.55210000,1594.00,62.719
6199,2,4144,4898.809629394832,1782.039976536856,2019-07-15T13:43:17Z,46.11471667,12.55201667,1594.00,62.704
6200,2,4145,4899.809629394832,1783.039976536856,2019-07-15T13:43:18Z,46.11461667,12.55195000,1594.00,62.692
6201,2,4146,4900.809629394832,1784.039976536856,2019-07-15T13:43:19Z,46.11451667,12.55188333,1594.00,62.681
6202,2,4147,4901.809629394832,1785.039976536856,2019-07-15T13:43:20Z,46.11440000,12.55181667,1593.00,62.667
6203,2,4148,4902.809629394832,1786.039976536856,2019-07-15T13:43:21Z,46.11430000,12.55175000,1590.00,62.655
6204,2,4149,4903.809629394832,1787.039976536856,2019-07-15T13:43:22Z,46.11418333,12.55168333,1589.00,62.642
6205,2,4150,4904.809629394832,1788.039976536856,2019-07-15T13:43:23Z,46.11408333,12.55158333,1588.00,62.628
6206,2,4151,4905.809629394832,1789.039976536856,2019-07-15T13:43:24Z,46.11396667,12.55148333,1586.00,62.613
6207,2,4152,4906.809629394832,1790.039976536856,2019-07-15T13:43:25Z,46.11386667,12.55136667,1586.00,62.599
6208,2,4153,4907.809629394832,1791.039976536856,2019-07-15T13:43:26Z,46.11376667,12.55125000,1582.00,62.585
6209,2,4154,4908.809629394832,1792.039976536856,2019-07-15T13:43:27Z,46.11366667,12.55113333,1583.00,62.57
6210,2,4155,4909.809629394832,1793.039976536856,2019-07-15T13:43:28Z,46.11358333,12.55103333,1584.00,62.558
6211,2,4156,4910.809629394832,1794.039976536856,2019-07-15T13:43:29Z,46.11350000,12.55091667,1584.00,62.546
6212,2,4157,4911.809629394832,1795.039976536856,2019-07-15T13:43:30Z,46.11341667,12.55081667,1584.00,62.533
6213,2,4158,4912.809629394832,1796.039976536856,2019-07-15T13:43:31Z,46.11333333,12.55070000,1583.00,62.521
6214,2,4159,4913.809629394832,1797.039976536856,2019-07-15T13:43:32Z,46.11323333,12.55058333,1581.00,62.506
6215,2,4160,4914.809629394832,1798.039976536856,2019-07-15T13:43:33Z,46.11313333,12.55048333,1580.00,62.493
6216,2,4161,4915.809629394832,1799.039976536856,2019-07-15T13:43:34Z,46.11301667,12.55038333,1578.00,62.478
6217,2,4162,4916.809629394832,1800.039976536856,2019-07-15T13:43:35Z,46.11291667,12.55031667,1577.00,62.466
6218,2,4163,4917.809629394832,1801.039976536856,2019-07-15T13:43:36Z,46.11280000,12.55025000,1577.00,62.453
6219,2,4164,4918.809629394832,1802.039976536856,2019-07-15T13:43:37Z,46.11266667,12.55020000,1576.00,62.439
6220,2,4165,4919.809629394832,1803.039976536856,2019-07-15T13:43:38Z,46.11255000,12.55015000,1574.00,62.426
6221,2,4166,4920.809629394832,1804.039976536856,2019-07-15T13:43:39Z,46.11243333,12.55011667,1573.00,62.414
6222,2,4167,4921.809629394832,1805.039976536856,2019-07-15T13:43:40Z,46.11230000,12.55008333,1572.00,62.401
6223,2,4168,4922.809629394832,1806.039976536856,2019-07-15T13:43:41Z,46.11218333,12.55006667,1572.00,62.39
6224,2,4169,4923.809629394832,1807.039976536856,2019-07-15T13:43:42Z,46.11205000,12.55003333,1570.00,62.377
6225,2,4170,4924.809629394832,1808.039976536856,2019-07-15T13:43:43Z,46.11193333,12.55000000,1567.00,62.365
6226,2,4171,4925.809629394832,1809.039976536856,2019-07-15T13:43:44Z,46.11180000,12.54996667,1565.00,62.352
6227,2,4172,4926.809629394832,1810.039976536856,2019-07-15T13:43:45Z,46.11166667,12.54991667,1564.00,62.338
6228,2,4173,4927.809629394832,1811.039976536856,2019-07-15T13:43:46Z,46.11155000,12.54986667,1564.00,62.325
6229,2,4174,4928.809629394832,1812.039976536856,2019-07-15T13:43:47Z,46.11141667,12.54981667,1564.00,62.311
6230,2,4175,4929.809629394832,1813.039976536856,2019-07-15T13:43:48Z,46.11130000,12.54976667,1564.00,62.299
6231,2,4176,4930.809629394832,1814.039976536856,2019-07-15T13:43:49Z,46.11118333,12.54970000,1563.00,62.285
6232,2,4177,4931.809629394832,1815.039976536856,2019-07-15T13:43:50Z,46.11106667,12.54965000,1562.00,62.273
6233,2,4178,4932.809629394832,1816.039976536856,2019-07-15T13:43:51Z,46.11096667,12.54958333,1561.00,62.261
6234,2,4179,4933.809629394832,1817.039976536856,2019-07-15T13:43:52Z,46.11085000,12.54950000,1560.00,62.247
6235,2,4180,4934.809629394832,1818.039976536856,2019-07-15T13:43:53Z,46.11071667,12.54943333,1560.00,62.232
6236,2,4181,4935.809629394832,1819.039976536856,2019-07-15T13:43:54Z,46.11060000,12.54935000,1560.00,62.218
6237,2,4182,4936.809629394832,1820.039976536856,2019-07-15T13:43:55Z,46.11050000,12.54928333,1561.00,62.206
6238,2,4183,4937.809629394832,1821.039976536856,2019-07-15T13:43:56Z,46.11038333,12.54921667,1561.00,62.193
6239,2,4184,4938.809629394832,1822.039976536856,2019-07-15T13:43:57Z,46.11026667,12.54913333,1561.00,62.179
6240,2,4185,4939.809629394832,1823.039976536856,2019-07-15T13:43:58Z,46.11015000,12.54905000,1560.00,62.164
6241,2,4186,4940.809629394832,1824.039976536856,2019-07-15T13:43:59Z,46.11003333,12.54898333,1558.00,62.151
6242,2,4187,4941.809629394832,1825.039976536856,2019-07-15T13:44:00Z,46.10991667,12.54890000,1554.00,62.137
6243,2,4188,4942.809629394832,1826.039976536856,2019-07-15T13:44:01Z,46.10978333,12.54880000,1551.00,62.121
6244,2,4189,4943.809629394832,1827.039976536856,2019-07-15T13:44:02Z,46.10965000,12.54871667,1550.00,62.105
6245,2,4190,4944.809629394832,1828.039976536856,2019-07-15T13:44:03Z,46.10953333,12.54865000,1549.00,62.092
6246,2,4191,4945.809629394832,1829.039976536856,2019-07-15T13:44:04Z,46.10940000,12.54858333,1548.00,62.077
6247,2,4192,4946.809629394832,1830.039976536856,2019-07-15T13:44:05Z,46.10928333,12.54853333,1545.00,62.064
6248,2,4193,4947.809629394832,1831.039976536856,2019-07-15T13:44:06Z,46.10915000,12.54848333,1545.00,62.051
6249,2,4194,4948.809629394832,1832.039976536856,2019-07-15T13:44:07Z,46.10903333,12.54845000,1543.00,62.039
6250,2,4195,4949.809629394832,1833.039976536856,2019-07-15T13:44:08Z,46.10891667,12.54843333,1541.00,62.028
6251,2,4196,4950.809629394832,1834.039976536856,2019-07-15T13:44:09Z,46.10880000,12.54840000,1540.00,62.016
6252,2,4197,4951.809629394832,1835.039976536856,2019-07-15T13:44:10Z,46.10868333,12.54838333,1538.00,62.006
6253,2,4198,4952.809629394832,1836.039976536856,2019-07-15T13:44:11Z,46.10855000,12.54836667,1536.00,61.993
6254,2,4199,4953.809629394832,1837.039976536856,2019-07-15T13:44:12Z,46.10843333,12.54833333,1535.00,61.982
6255,2,4200,4954.809629394832,1838.039976536856,2019-07-15T13:44:13Z,46.10830000,12.54828333,1534.00,61.968
6256,2,4201,4955.809629394832,1839.039976536856,2019-07-15T13:44:14Z,46.10816667,12.54823333,1532.00,61.954
6257,2,4202,4956.809629394832,1840.039976536856,2019-07-15T13:44:15Z,46.10803333,12.54818333,1531.00,61.94
6258,2,4203,4957.809629394832,1841.039976536856,2019-07-15T13:44:16Z,46.10791667,12.54811667,1529.00,61.927
6259,2,4204,4958.809629394832,1842.039976536856,2019-07-15T13:44:17Z,46.10780000,12.54803333,1528.00,61.913
6260,2,4205,4959.809629394832,1843.039976536856,2019-07-15T13:44:18Z,46.10768333,12.54795000,1527.00,61.899
6261,2,4206,4960.809629394832,1844.039976536856,2019-07-15T13:44:19Z,46.10756667,12.54786667,1525.00,61.885
6262,2,4207,4961.809629394832,1845.039976536856,2019-07-15T13:44:20Z,46.10743333,12.54778333,1523.00,61.869
6263,2,4208,4962.809629394832,1846.039976536856,2019-07-15T13:44:21Z,46.10730000,12.54770000,1520.00,61.854
6264,2,4209,4963.809629394832,1847.039976536856,2019-07-15T13:44:22Z,46.10716667,12.54761667,1520.00,61.838
6265,2,4210,4964.809629394832,1848.039976536856,2019-07-15T13:44:23Z,46.10703333,12.54755000,1519.00,61.823
6266,2,4211,4965.809629394832,1849.039976536856,2019-07-15T13:44:24Z,46.10691667,12.54748333,1519.00,61.81
6267,2,4212,4966.809629394832,1850.039976536856,2019-07-15T13:44:25Z,46.10678333,12.54743333,1519.00,61.796
6268,2,4213,4967.809629394832,1851.039976536856,2019-07-15T13:44:26Z,46.10666667,12.54736667,1518.00,61.783
6269,2,4214,4968.809629394832,1852.039976536856,2019-07-15T13:44:27Z,46.10655000,12.54730000,1517.00,61.77
6270,2,4215,4969.809629394832,1853.039976536856,2019-07-15T13:44:28Z,46.10643333,12.54723333,1515.00,61.757
6271,2,4216,4970.809629394832,1854.039976536856,2019-07-15T13:44:29Z,46.10631667,12.54716667,1515.00,61.743
6272,2,4217,4971.809629394832,1855.039976536856,2019-07-15T13:44:30Z,46.10621667,12.54708333,1513.00,61.731
6273,2,4218,4972.809629394832,1856.039976536856,2019-07-15T13:44:31Z,46.10610000,12.54698333,1512.00,61.716
6274,2,4219,4973.809629394832,1857.039976536856,2019-07-15T13:44:32Z,46.10600000,12.54690000,1511.00,61.703
6275,2,4220,4974.809629394832,1858.039976536856,2019-07-15T13:44:33Z,46.10588333,12.54681667,1510.00,61.689
6276,2,4221,4975.809629394832,1859.039976536856,2019-07-15T13:44:34Z,46.10580000,12.54673333,1509.00,61.678
6277,2,4222,4976.809629394832,1860.039976536856,2019-07-15T13:44:35Z,46.10570000,12.54665000,1508.00,61.665
6278,2,4223,4977.809629394832,1861.039976536856,2019-07-15T13:44:36Z,46.10558333,12.54655000,1507.00,61.651
6279,2,4224,4978.809629394832,1862.039976536856,2019-07-15T13:44:37Z,46.10548333,12.54646667,1506.00,61.638
6280,2,4225,4979.809629394832,1863.039976536856,2019-07-15T13:44:38Z,46.10536667,12.54635000,1505.00,61.622
6281,2,4226,4980.809629394832,1864.039976536856,2019-07-15T13:44:39Z,46.10526667,12.54625000,1505.00,61.609
6282,2,4227,4981.809629394832,1865.039976536856,2019-07-15T13:44:40Z,46.10515000,12.54613333,1503.00,61.593
6283,2,4228,4982.809629394832,1866.039976536856,2019-07-15T13:44:41Z,46.10506667,12.54603333,1502.00,61.581
6284,2,4229,4983.809629394832,1867.039976536856,2019-07-15T13:44:42Z,46.10496667,12.54593333,1500.00,61.568
6285,2,4230,4984.809629394832,1868.039976536856,2019-07-15T13:44:43Z,46.10486667,12.54583333,1499.00,61.554
6286,2,4231,4985.809629394832,1869.039976536856,2019-07-15T13:44:44Z,46.10476667,12.54571667,1496.00,61.54
6287,2,4232,4986.809629394832,1870.039976536856,2019-07-15T13:44:45Z,46.10465000,12.54561667,1494.00,61.525
6288,2,4233,4987.809629394832,1871.039976536856,2019-07-15T13:44:46Z,46.10453333,12.54553333,1493.00,61.511
6289,2,4234,4988.809629394832,1872.039976536856,2019-07-15T13:44:47Z,46.10441667,12.54545000,1493.00,61.497
6290,2,4235,4989.809629394832,1873.039976536856,2019-07-15T13:44:48Z,46.10430000,12.54538333,1491.00,61.484
6291,2,4236,4990.809629394832,1874.039976536856,2019-07-15T13:44:49Z,46.10418333,12.54531667,1491.00,61.47
6292,2,4237,4991.809629394832,1875.039976536856,2019-07-15T13:44:50Z,46.10406667,12.54525000,1493.00,61.457
6293,2,4238,4992.809629394832,1876.039976536856,2019-07-15T13:44:51Z,46.10396667,12.54518333,1494.00,61.446
6294,2,4239,4993.809629394832,1877.039976536856,2019-07-15T13:44:52Z,46.10386667,12.54513333,1496.00,61.435
6295,2,4240,4994.809629394832,1878.039976536856,2019-07-15T13:44:53Z,46.10376667,12.54508333,1497.00,61.424
6296,2,4241,4995.809629394832,1879.039976536856,2019-07-15T13:44:54Z,46.10366667,12.54503333,1499.00,61.413
6297,2,4242,4996.809629394832,1880.039976536856,2019-07-15T13:44:55Z,46.10355000,12.54501667,1498.00,61.402
6298,2,4243,4997.809629394832,1881.039976536856,2019-07-15T13:44:56Z,46.10341667,12.54500000,1497.00,61.39
6299,2,4244,4998.809629394832,1882.039976536856,2019-07-15T13:44:57Z,46.10330000,12.54500000,1496.00,61.38
6300,2,4245,4999.809629394832,1883.039976536856,2019-07-15T13:44:58Z,46.10318333,12.54503333,1495.00,61.372
6301,2,4246,5000.809629394832,1884.039976536856,2019-07-15T13:44:59Z,46.10308333,12.54506667,1496.00,61.366
6302,2,4247,5001.809629394832,1885.039976536856,2019-07-15T13:45:00Z,46.10296667,12.54511667,1495.00,61.358
6303,2,4248,5002.809629394832,1886.039976536856,2019-07-15T13:45:01Z,46.10286667,12.54518333,1495.00,61.353
6304,2,4249,5003.809629394832,1887.039976536856,2019-07-15T13:45:02Z,46.10275000,12.54525000,1493.00,61.347
6305,2,4250,5004.809629394832,1888.039976536856,2019-07-15T13:45:03Z,46.10265000,12.54531667,1492.00,61.342
6306,2,4251,5005.809629394832,1889.039976536856,2019-07-15T13:45:04Z,46.10253333,12.54540000,1492.00,61.337
6307,2,4252,5006.809629394832,1890.039976536856,2019-07-15T13:45:05Z,46.10241667,12.54546667,1493.00,61.331
6308,2,4253,5007.809629394832,1891.039976536856,2019-07-15T13:45:06Z,46.10230000,12.54555000,1494.00,61.325
6309,2,4254,5008.809629394832,1892.039976536856,2019-07-15T13:45:07Z,46.10220000,12.54563333,1495.00,61.321
6310,2,4255,5009.809629394832,1893.039976536856,2019-07-15T13:45:08Z,46.10210000,12.54575000,1495.00,61.319
6311,2,4256,5010.809629394832,1894.039976536856,2019-07-15T13:45:09Z,46.10203333,12.54591667,1495.00,61.322
6312,2,4257,5011.809629394832,1895.039976536856,2019-07-15T13:45:10Z,46.10198333,12.54611667,1494.00,61.329
6313,2,4258,5012.809629394832,1896.039976536856,2019-07-15T13:45:11Z,46.10198333,12.54631667,1494.00,61.339
6314,2,4259,5013.809629394832,1897.039976536856,2019-07-15T13:45:12Z,46.10201667,12.54653333,1493.00,61.353
6315,2,4260,5014.809629394832,1898.039976536856,2019-07-15T13:45:13Z,46.10205000,12.54673333,1492.00,61.366
6316,2,4261,5015.809629394832,1899.039976536856,2019-07-15T13:45:14Z,46.10206667,12.54695000,1490.00,61.379
6317,2,4262,5016.809629394832,1900.039976536856,2019-07-15T13:45:15Z,46.10208333,12.54715000,1489.00,61.391
6318,2,4263,5017.809629394832,1901.039976536856,2019-07-15T13:45:16Z,46.10206667,12.54735000,1488.00,61.4
6319,2,4264,5018.809629394832,1902.039976536856,2019-07-15T13:45:17Z,46.10201667,12.54751667,1487.00,61.405
6320,2,4265,5019.809629394832,1903.039976536856,2019-07-15T13:45:18Z,46.10193333,12.54765000,1486.00,61.405
6321,2,4266,5020.809629394832,1904.039976536856,2019-07-15T13:45:19Z,46.10183333,12.54771667,1485.00,61.401
6322,2,4267,5021.809629394832,1905.039976536856,2019-07-15T13:45:20Z,46.10170000,12.54773333,1483.00,61.391
6323,2,4268,5022.809629394832,1906.039976536856,2019-07-15T13:45:21Z,46.10158333,12.54770000,1481.00,61.38
6324,2,4269,5023.809629394832,1907.039976536856,2019-07-15T13:45:22Z,46.10146667,12.54761667,1480.00,61.366
6325,2,4270,5024.809629394832,1908.039976536856,2019-07-15T13:45:23Z,46.10136667,12.54751667,1480.00,61.353
6326,2,4271,5025.809629394832,1909.039976536856,2019-07-15T13:45:24Z,46.10126667,12.54738333,1478.00,61.338
6327,2,4272,5026.809629394832,1910.039976536856,2019-07-15T13:45:25Z,46.10118333,12.54721667,1479.00,61.322
6328,2,4273,5027.809629394832,1911.039976536856,2019-07-15T13:45:26Z,46.10113333,12.54705000,1478.00,61.309
6329,2,4274,5028.809629394832,1912.039976536856,2019-07-15T13:45:27Z,46.10106667,12.54688333,1478.00,61.295
6330,2,4275,5029.809629394832,1913.039976536856,2019-07-15T13:45:28Z,46.10101667,12.54670000,1478.00,61.281
6331,2,4276,5030.809629394832,1914.039976536856,2019-07-15T13:45:29Z,46.10095000,12.54653333,1474.00,61.267
6332,2,4277,5031.809629394832,1915.039976536856,2019-07-15T13:45:30Z,46.10088333,12.54638333,1474.00,61.253
6333,2,4278,5032.809629394832,1916.039976536856,2019-07-15T13:45:31Z,46.10080000,12.54625000,1477.00,61.24
6334,2,4279,5033.809629394832,1917.039976536856,2019-07-15T13:45:32Z,46.10071667,12.54613333,1478.00,61.227
6335,2,4280,5034.809629394832,1918.039976536856,2019-07-15T13:45:33Z,46.10063333,12.54601667,1477.00,61.214
6336,2,4281,5035.809629394832,1919.039976536856,2019-07-15T13:45:34Z,46.10053333,12.54591667,1477.00,61.2
6337,2,4282,5036.809629394832,1920.039976536856,2019-07-15T13:45:35Z,46.10045000,12.54581667,1476.00,61.188
6338,2,4283,5037.809629394832,1921.039976536856,2019-07-15T13:45:36Z,46.10035000,12.54571667,1474.00,61.175
6339,2,4284,5038.809629394832,1922.039976536856,2019-07-15T13:45:37Z,46.10026667,12.54560000,1473.00,61.162
6340,2,4285,5039.809629394832,1923.039976536856,2019-07-15T13:45:38Z,46.10018333,12.54546667,1472.00,61.148
6341,2,4286,5040.809629394832,1924.039976536856,2019-07-15T13:45:39Z,46.10010000,12.54533333,1471.00,61.135
6342,2,4287,5041.809629394832,1925.039976536856,2019-07-15T13:45:40Z,46.10001667,12.54518333,1469.00,61.12
6343,2,4288,5042.809629394832,1926.039976536856,2019-07-15T13:45:41Z,46.09993333,12.54503333,1467.00,61.105
6344,2,4289,5043.809629394832,1927.039976536856,2019-07-15T13:45:42Z,46.09985000,12.54488333,1465.00,61.091
6345,2,4290,5044.809629394832,1928.039976536856,2019-07-15T13:45:43Z,46.09976667,12.54473333,1463.00,61.076
6346,2,4291,5045.809629394832,1929.039976536856,2019-07-15T13:45:44Z,46.09968333,12.54460000,1464.00,61.062
6347,2,4292,5046.809629394832,1930.039976536856,2019-07-15T13:45:45Z,46.09960000,12.54448333,1464.00,61.049
6348,2,4293,5047.809629394832,1931.039976536856,2019-07-15T13:45:46Z,46.09950000,12.54435000,1464.00,61.034
6349,2,4294,5048.809629394832,1932.039976536856,2019-07-15T13:45:47Z,46.09940000,12.54423333,1463.00,61.02
6350,2,4295,5049.809629394832,1933.039976536856,2019-07-15T13:45:48Z,46.09930000,12.54411667,1462.00,61.005
6351,2,4296,5050.809629394832,1934.039976536856,2019-07-15T13:45:49Z,46.09918333,12.54400000,1461.00,60.99
6352,2,4297,5051.809629394832,1935.039976536856,2019-07-15T13:45:50Z,46.09906667,12.54390000,1460.00,60.975
6353,2,4298,5052.809629394832,1936.039976536856,2019-07-15T13:45:51Z,46.09895000,12.54378333,1460.00,60.96
6354,2,4299,5053.809629394832,1937.039976536856,2019-07-15T13:45:52Z,46.09883333,12.54366667,1460.00,60.944
6355,2,4300,5054.809629394832,1938.039976536856,2019-07-15T13:45:53Z,46.09873333,12.54355000,1461.00,60.93
6356,2,4301,5055.809629394832,1939.039976536856,2019-07-15T13:45:54Z,46.09863333,12.54341667,1461.00,60.915
6357,2,4302,5056.809629394832,1940.039976536856,2019-07-15T13:45:55Z,46.09855000,12.54328333,1461.00,60.901
6358,2,4303,5057.809629394832,1941.039976536856,2019-07-15T13:45:56Z,46.09848333,12.54313333,1461.00,60.887
6359,2,4304,5058.809629394832,1942.039976536856,2019-07-15T13:45:57Z,46.09840000,12.54296667,1460.00,60.872
6360,2,4305,5059.809629394832,1943.039976536856,2019-07-15T13:45:58Z,46.09833333,12.54278333,1459.00,60.857
6361,2,4306,5060.809629394832,1944.039976536856,2019-07-15T13:45:59Z,46.09826667,12.54260000,1457.00,60.842
6362,2,4307,5061.809629394832,1945.039976536856,2019-07-15T13:46:00Z,46.09820000,12.54241667,1455.00,60.827
6363,2,4308,5062.809629394832,1946.039976536856,2019-07-15T13:46:01Z,46.09813333,12.54223333,1454.00,60.811
6364,2,4309,5063.809629394832,1947.039976536856,2019-07-15T13:46:02Z,46.09806667,12.54205000,1454.00,60.796
6365,2,4310,5064.809629394832,1948.039976536856,2019-07-15T13:46:03Z,46.09800000,12.54188333,1455.00,60.782
6366,2,4311,5065.809629394832,1949.039976536856,2019-07-15T13:46:04Z,46.09791667,12.54173333,1455.00,60.767
6367,2,4312,5066.809629394832,1950.039976536856,2019-07-15T13:46:05Z,46.09785000,12.54156667,1455.00,60.753
6368,2,4313,5067.809629394832,1951.039976536856,2019-07-15T13:46:06Z,46.09776667,12.54141667,1454.00,60.739
6369,2,4314,5068.809629394832,1952.039976536856,2019-07-15T13:46:07Z,46.09768333,12.54128333,1452.00,60.725
6370,2,4315,5069.809629394832,1953.039976536856,2019-07-15T13:46:08Z,46.09760000,12.54113333,1449.00,60.71
6371,2,4316,5070.809629394832,1954.039976536856,2019-07-15T13:46:09Z,46.09751667,12.54100000,1448.00,60.696
6372,2,4317,5071.809629394832,1955.039976536856,2019-07-15T13:46:10Z,46.09741667,12.54086667,1447.00,60.681
6373,2,4318,5072.809629394832,1956.039976536856,2019-07-15T13:46:11Z,46.09731667,12.54071667,1445.00,60.665
6374,2,4319,5073.809629394832,1957.039976536856,2019-07-15T13:46:12Z,46.09721667,12.54058333,1443.00,60.65
6375,2,4320,5074.809629394832,1958.039976536856,2019-07-15T13:46:13Z,46.09710000,12.54045000,1442.00,60.634
6376,2,4321,5075.809629394832,1959.039976536856,2019-07-15T13:46:14Z,46.09700000,12.54031667,1441.00,60.618
6377,2,4322,5076.809629394832,1960.039976536856,2019-07-15T13:46:15Z,46.09688333,12.54020000,1440.00,60.603
6378,2,4323,5077.809629394832,1961.039976536856,2019-07-15T13:46:16Z,46.09678333,12.54006667,1441.00,60.588
6379,2,4324,5078.809629394832,1962.039976536856,2019-07-15T13:46:17Z,46.09666667,12.53993333,1438.00,60.571
6380,2,4325,5079.809629394832,1963.039976536856,2019-07-15T13:46:18Z,46.09655000,12.53980000,1435.00,60.555
6381,2,4326,5080.809629394832,1964.039976536856,2019-07-15T13:46:19Z,46.09643333,12.53966667,1434.00,60.538
6382,2,4327,5081.809629394832,1965.039976536856,2019-07-15T13:46:20Z,46.09631667,12.53953333,1433.00,60.522
6383,2,4328,5082.809629394832,1966.039976536856,2019-07-15T13:46:21Z,46.09621667,12.53941667,1432.00,60.507
6384,2,4329,5083.809629394832,1967.039976536856,2019-07-15T13:46:22Z,46.09611667,12.53928333,1429.00,60.492
6385,2,4330,5084.809629394832,1968.039976536856,2019-07-15T13:46:23Z,46.09601667,12.53915000,1430.00,60.477
6386,2,4331,5085.809629394832,1969.039976536856,2019-07-15T13:46:24Z,46.09593333,12.53901667,1430.00,60.463
6387,2,4332,5086.809629394832,1970.039976536856,2019-07-15T13:46:25Z,46.09585000,12.53888333,1429.00,60.45
6388,2,4333,5087.809629394832,1971.039976536856,2019-07-15T13:46:26Z,46.09576667,12.53873333,1427.00,60.435
6389,2,4334,5088.809629394832,1972.039976536856,2019-07-15T13:46:27Z,46.09568333,12.53860000,1426.00,60.421
6390,2,4335,5089.809629394832,1973.039976536856,2019-07-15T13:46:28Z,46.09560000,12.53845000,1427.00,60.406
6391,2,4336,5090.809629394832,1974.039976536856,2019-07-15T13:46:29Z,46.09551667,12.53830000,1426.00,60.392
6392,2,4337,5091.809629394832,1975.039976536856,2019-07-15T13:46:30Z,46.09543333,12.53815000,1426.00,60.377
6393,2,4338,5092.809629394832,1976.039976536856,2019-07-15T13:46:31Z,46.09535000,12.53798333,1427.00,60.361
6394,2,4339,5093.809629394832,1977.039976536856,2019-07-15T13:46:32Z,46.09526667,12.53781667,1426.00,60.346
6395,2,4340,5094.809629394832,1978.039976536856,2019-07-15T13:46:33Z,46.09518333,12.53766667,1425.00,60.331
6396,2,4341,5095.809629394832,1979.039976536856,2019-07-15T13:46:34Z,46.09510000,12.53750000,1423.00,60.316
6397,2,4342,5096.809629394832,1980.039976536856,2019-07-15T13:46:35Z,46.09501667,12.53733333,1421.00,60.3
6398,2,4343,5097.809629394832,1981.039976536856,2019-07-15T13:46:36Z,46.09495000,12.53718333,1419.00,60.287
6399,2,4344,5098.809629394832,1982.039976536856,2019-07-15T13:46:37Z,46.09486667,12.53700000,1418.00,60.27
6400,2,4345,5099.809629394832,1983.039976536856,2019-07-15T13:46:38Z,46.09480000,12.53683333,1418.00,60.256
6401,2,4346,5100.809629394832,1984.039976536856,2019-07-15T13:46:39Z,46.09473333,12.53666667,1417.00,60.242
6402,2,4347,5101.809629394832,1985.039976536856,2019-07-15T13:46:40Z,46.09468333,12.53648333,1416.00,60.228
6403,2,4348,5102.809629394832,1986.039976536856,2019-07-15T13:46:41Z,46.09461667,12.53628333,1414.00,60.213
6404,2,4349,5103.809629394832,1987.039976536856,2019-07-15T13:46:42Z,46.09456667,12.53610000,1412.00,60.199
6405,2,4350,5104.809629394832,1988.039976536856,2019-07-15T13:46:43Z,46.09450000,12.53591667,1410.00,60.184
6406,2,4351,5105.809629394832,1989.039976536856,2019-07-15T13:46:44Z,46.09443333,12.53573333,1408.00,60.169
6407,2,4352,5106.809629394832,1990.039976536856,2019-07-15T13:46:45Z,46.09435000,12.53558333,1408.00,60.154
6408,2,4353,5107.809629394832,1991.039976536856,2019-07-15T13:46:46Z,46.09426667,12.53543333,1408.00,60.14
6409,2,4354,5108.809629394832,1992.039976536856,2019-07-15T13:46:47Z,46.09418333,12.53530000,1408.00,60.126
6410,2,4355,5109.809629394832,1993.039976536856,2019-07-15T13:46:48Z,46.09410000,12.53516667,1407.00,60.112
6411,2,4356,5110.809629394832,1994.039976536856,2019-07-15T13:46:49Z,46.09400000,12.53505000,1407.00,60.098
6412,2,4357,5111.809629394832,1995.039976536856,2019-07-15T13:46:50Z,46.09390000,12.53491667,1405.00,60.083
6413,2,4358,5112.809629394832,1996.039976536856,2019-07-15T13:46:51Z,46.09380000,12.53480000,1404.00,60.068
6414,2,4359,5113.809629394832,1997.039976536856,2019-07-15T13:46:52Z,46.09370000,12.53468333,1402.00,60.054
6415,2,4360,5114.809629394832,1998.039976536856,2019-07-15T13:46:53Z,46.09360000,12.53456667,1400.00,60.04
6416,2,4361,5115.809629394832,1999.039976536856,2019-07-15T13:46:54Z,46.09348333,12.53445000,1399.00,60.024
6417,2,4362,5116.809629394832,2000.039976536856,2019-07-15T13:46:55Z,46.09340000,12.53431667,1397.00,60.01
6418,2,4363,5117.809629394832,2001.039976536856,2019-07-15T13:46:56Z,46.09330000,12.53418333,1395.00,59.995
6419,2,4364,5118.809629394832,2002.039976536856,2019-07-15T13:46:57Z,46.09320000,12.53401667,1392.00,59.978
6420,2,4365,5119.809629394832,2003.039976536856,2019-07-15T13:46:58Z,46.09311667,12.53385000,1389.00,59.963
6421,2,4366,5120.809629394832,2004.039976536856,2019-07-15T13:46:59Z,46.09303333,12.53370000,1390.00,59.948
6422,2,4367,5121.809629394832,2005.039976536856,2019-07-15T13:47:00Z,46.09296667,12.53353333,1390.00,59.934
6423,2,4368,5122.809629394832,2006.039976536856,2019-07-15T13:47:01Z,46.09290000,12.53336667,1389.00,59.92
6424,2,4369,5123.809629394832,2007.039976536856,2019-07-15T13:47:02Z,46.09283333,12.53321667,1390.00,59.907
6425,2,4370,5124.809629394832,2008.039976536856,2019-07-15T13:47:03Z,46.09276667,12.53306667,1389.00,59.893
6426,2,4371,5125.809629394832,2009.039976536856,2019-07-15T13:47:04Z,46.09270000,12.53293333,1389.00,59.881
6427,2,4372,5126.809629394832,2010.039976536856,2019-07-15T13:47:05Z,46.09261667,12.53281667,1389.00,59.868
6428,2,4373,5127.809629394832,2011.039976536856,2019-07-15T13:47:06Z,46.09253333,12.53270000,1389.00,59.855
6429,2,4374,5128.809629394832,2012.039976536856,2019-07-15T13:47:07Z,46.09245000,12.53258333,1390.00,59.842
6430,2,4375,5129.809629394832,2013.039976536856,2019-07-15T13:47:08Z,46.09238333,12.53246667,1390.00,59.831
6431,2,4376,5130.809629394832,2014.039976536856,2019-07-15T13:47:09Z,46.09230000,12.53233333,1390.00,59.817
6432,2,4377,5131.809629394832,2015.039976536856,2019-07-15T13:47:10Z,46.09221667,12.53220000,1388.00,59.803
6433,2,4378,5132.809629394832,2016.039976536856,2019-07-15T13:47:11Z,46.09213333,12.53205000,1385.00,59.789
6434,2,4379,5133.809629394832,2017.039976536856,2019-07-15T13:47:12Z,46.09205000,12.53190000,1382.00,59.774
6435,2,4380,5134.809629394832,2018.039976536856,2019-07-15T13:47:13Z,46.09196667,12.53176667,1381.00,59.76
6436,2,4381,5135.809629394832,2019.039976536856,2019-07-15T13:47:14Z,46.09186667,12.53165000,1382.00,59.746
6437,2,4382,5136.809629394832,2020.039976536856,2019-07-15T13:47:15Z,46.09178333,12.53155000,1380.00,59.734
6438,2,4383,5137.809629394832,2021.039976536856,2019-07-15T13:47:16Z,46.09168333,12.53145000,1378.00,59.721
6439,2,4384,5138.809629394832,2022.039976536856,2019-07-15T13:47:17Z,46.09158333,12.53136667,1375.00,59.708
6440,2,4385,5139.809629394832,2023.039976536856,2019-07-15T13:47:18Z,46.09148333,12.53128333,1373.00,59.695
6441,2,4386,5140.809629394832,2024.039976536856,2019-07-15T13:47:19Z,46.09136667,12.53120000,1371.00,59.681
6442,2,4387,5141.809629394832,2025.039976536856,2019-07-15T13:47:20Z,46.09126667,12.53111667,1369.00,59.669
6443,2,4388,5142.809629394832,2026.039976536856,2019-07-15T13:47:21Z,46.09115000,12.53101667,1367.00,59.654
6444,2,4389,5143.809629394832,2027.039976536856,2019-07-15T13:47:22Z,46.09103333,12.53093333,1365.00,59.64
6445,2,4390,5144.809629394832,2028.039976536856,2019-07-15T13:47:23Z,46.09091667,12.53083333,1363.00,59.625
6446,2,4391,5145.809629394832,2029.039976536856,2019-07-15T13:47:24Z,46.09083333,12.53071667,1362.00,59.612
6447,2,4392,5146.809629394832,2030.039976536856,2019-07-15T13:47:25Z,46.09073333,12.53061667,1363.00,59.599
6448,2,4393,5147.809629394832,2031.039976536856,2019-07-15T13:47:26Z,46.09065000,12.53051667,1363.00,59.587
6449,2,4394,5148.809629394832,2032.039976536856,2019-07-15T13:47:27Z,46.09056667,12.53038333,1362.00,59.573
6450,2,4395,5149.809629394832,2033.039976536856,2019-07-15T13:47:28Z,46.09048333,12.53026667,1361.00,59.56
6451,2,4396,5150.809629394832,2034.039976536856,2019-07-15T13:47:29Z,46.09038333,12.53013333,1360.00,59.545
6452,2,4397,5151.809629394832,2035.039976536856,2019-07-15T13:47:30Z,46.09028333,12.53003333,1359.00,59.532
6453,2,4398,5152.809629394832,2036.039976536856,2019-07-15T13:47:31Z,46.09018333,12.52993333,1360.00,59.518
6454,2,4399,5153.809629394832,2037.039976536856,2019-07-15T13:47:32Z,46.09006667,12.52985000,1361.00,59.504
6455,2,4400,5154.809629394832,2038.039976536856,2019-07-15T13:47:33Z,46.08996667,12.52978333,1363.00,59.493
6456,2,4401,5155.809629394832,2039.039976536856,2019-07-15T13:47:34Z,46.08986667,12.52973333,1363.00,59.482
6457,2,4402,5156.809629394832,2040.039976536856,2019-07-15T13:47:35Z,46.08975000,12.52970000,1362.00,59.471
6458,2,4403,5157.809629394832,2041.039976536856,2019-07-15T13:47:36Z,46.08963333,12.52968333,1360.00,59.46
6459,2,4404,5158.809629394832,2042.039976536856,2019-07-15T13:47:37Z,46.08950000,12.52968333,1360.00,59.449
6460,2,4405,5159.809629394832,2043.039976536856,2019-07-15T13:47:38Z,46.08938333,12.52970000,1359.00,59.441
6461,2,4406,5160.809629394832,2044.039976536856,2019-07-15T13:47:39Z,46.08925000,12.52973333,1359.00,59.432
6462,2,4407,5161.809629394832,2045.039976536856,2019-07-15T13:47:40Z,46.08911667,12.52976667,1358.00,59.422
6463,2,4408,5162.809629394832,2046.039976536856,2019-07-15T13:47:41Z,46.08900000,12.52980000,1358.00,59.415
6464,2,4409,5163.809629394832,2047.039976536856,2019-07-15T13:47:42Z,46.08888333,12.52981667,1358.00,59.406
6465,2,4410,5164.809629394832,2048.039976536856,2019-07-15T13:47:43Z,46.08876667,12.52981667,1357.00,59.397
6466,2,4411,5165.809629394832,2049.039976536856,2019-07-15T13:47:44Z,46.08865000,12.52980000,1355.00,59.387
6467,2,4412,5166.809629394832,2050.039976536856,2019-07-15T13:47:45Z,46.08853333,12.52975000,1352.00,59.375
6468,2,4413,5167.809629394832,2051.039976536856,2019-07-15T13:47:46Z,46.08843333,12.52968333,1354.00,59.363
6469,2,4414,5168.809629394832,2052.039976536856,2019-07-15T13:47:47Z,46.08833333,12.52958333,1354.00,59.35
6470,2,4415,5169.809629394832,2053.039976536856,2019-07-15T13:47:48Z,46.08823333,12.52946667,1352.00,59.335
6471,2,4416,5170.809629394832,2054.039976536856,2019-07-15T13:47:49Z,46.08815000,12.52930000,1352.00,59.32
6472,2,4417,5171.809629394832,2055.039976536856,2019-07-15T13:47:50Z,46.08808333,12.52913333,1351.00,59.305
6473,2,4418,5172.809629394832,2056.039976536856,2019-07-15T13:47:51Z,46.08801667,12.52896667,1351.00,59.291
6474,2,4419,5173.809629394832,2057.039976536856,2019-07-15T13:47:52Z,46.08795000,12.52880000,1351.00,59.277
6475,2,4420,5174.809629394832,2058.039976536856,2019-07-15T13:47:53Z,46.08788333,12.52865000,1350.00,59.264
6476,2,4421,5175.809629394832,2059.039976536856,2019-07-15T13:47:54Z,46.08781667,12.52851667,1350.00,59.251
6477,2,4422,5176.809629394832,2060.039976536856,2019-07-15T13:47:55Z,46.08773333,12.52838333,1350.00,59.237
6478,2,4423,5177.809629394832,2061.039976536856,2019-07-15T13:47:56Z,46.08763333,12.52826667,1350.00,59.223
6479,2,4424,5178.809629394832,2062.039976536856,2019-07-15T13:47:57Z,46.08755000,12.52813333,1348.00,59.209
6480,2,4425,5179.809629394832,2063.039976536856,2019-07-15T13:47:58Z,46.08746667,12.52801667,1348.00,59.196
6481,2,4426,5180.809629394832,2064.039976536856,2019-07-15T13:47:59Z,46.08738333,12.52790000,1346.00,59.184
6482,2,4427,5181.809629394832,2065.039976536856,2019-07-15T13:48:00Z,46.08730000,12.52776667,1344.00,59.17
6483,2,4428,5182.809629394832,2066.039976536856,2019-07-15T13:48:01Z,46.08723333,12.52763333,1343.00,59.157
6484,2,4429,5183.809629394832,2067.039976536856,2019-07-15T13:48:02Z,46.08715000,12.52748333,1341.00,59.143
6485,2,4430,5184.809629394832,2068.039976536856,2019-07-15T13:48:03Z,46.08708333,12.52731667,1340.00,59.128
6486,2,4431,5185.809629394832,2069.039976536856,2019-07-15T13:48:04Z,46.08701667,12.52715000,1338.00,59.114
6487,2,4432,5186.809629394832,2070.039976536856,2019-07-15T13:48:05Z,46.08696667,12.52696667,1337.00,59.1
6488,2,4433,5187.809629394832,2071.039976536856,2019-07-15T13:48:06Z,46.08691667,12.52678333,1336.00,59.087
6489,2,4434,5188.809629394832,2072.039976536856,2019-07-15T13:48:07Z,46.08686667,12.52661667,1336.00,59.074
6490,2,4435,5189.809629394832,2073.039976536856,2019-07-15T13:48:08Z,46.08681667,12.52643333,1337.00,59.06
6491,2,4436,5190.809629394832,2074.039976536856,2019-07-15T13:48:09Z,46.08680000,12.52626667,1338.00,59.05
6492,2,4437,5191.809629394832,2075.039976536856,2019-07-15T13:48:10Z,46.08678333,12.52608333,1337.00,59.039
6493,2,4438,5192.809629394832,2076.039976536856,2019-07-15T13:48:11Z,46.08676667,12.52588333,1335.00,59.027
6494,2,4439,5193.809629394832,2077.039976536856,2019-07-15T13:48:12Z,46.08675000,12.52566667,1334.00,59.015
6495,2,4440,5194.809629394832,2078.039976536856,2019-07-15T13:48:13Z,46.08676667,12.52543333,1332.00,59.004
6496,2,4441,5195.809629394832,2079.039976536856,2019-07-15T13:48:14Z,46.08676667,12.52520000,1328.00,58.992
6497,2,4442,5196.809629394832,2080.039976536856,2019-07-15T13:48:15Z,46.08676667,12.52495000,1326.00,58.979
6498,2,4443,5197.809629394832,2081.039976536856,2019-07-15T13:48:16Z,46.08675000,12.52473333,1324.00,58.966
6499,2,4444,5198.809629394832,2082.039976536856,2019-07-15T13:48:17Z,46.08673333,12.52451667,1323.00,58.954
6500,2,4445,5199.809629394832,2083.039976536856,2019-07-15T13:48:18Z,46.08670000,12.52431667,1322.00,58.941
6501,2,4446,5200.809629394832,2084.039976536856,2019-07-15T13:48:19Z,46.08666667,12.52411667,1320.00,58.928
6502,2,4447,5201.809629394832,2085.039976536856,2019-07-15T13:48:20Z,46.08661667,12.52393333,1320.00,58.914
6503,2,4448,5202.809629394832,2086.039976536856,2019-07-15T13:48:21Z,46.08656667,12.52375000,1320.00,58.901
6504,2,4449,5203.809629394832,2087.039976536856,2019-07-15T13:48:22Z,46.08651667,12.52356667,1320.00,58.888
6505,2,4450,5204.809629394832,2088.039976536856,2019-07-15T13:48:23Z,46.08645000,12.52340000,1320.00,58.874
6506,2,4451,5205.809629394832,2089.039976536856,2019-07-15T13:48:24Z,46.08640000,12.52325000,1320.00,58.862
6507,2,4452,5206.809629394832,2090.039976536856,2019-07-15T13:48:25Z,46.08631667,12.52310000,1320.00,58.847
6508,2,4453,5207.809629394832,2091.039976536856,2019-07-15T13:48:26Z,46.08626667,12.52295000,1319.00,58.835
6509,2,4454,5208.809629394832,2092.039976536856,2019-07-15T13:48:27Z,46.08620000,12.52280000,1318.00,58.822
6510,2,4455,5209.809629394832,2093.039976536856,2019-07-15T13:48:28Z,46.08613333,12.52266667,1318.00,58.81
6511,2,4456,5210.809629394832,2094.039976536856,2019-07-15T13:48:29Z,46.08608333,12.52251667,1317.00,58.798
6512,2,4457,5211.809629394832,2095.039976536856,2019-07-15T13:48:30Z,46.08601667,12.52236667,1315.00,58.785
6513,2,4458,5212.809629394832,2096.039976536856,2019-07-15T13:48:31Z,46.08595000,12.52221667,1313.00,58.772
6514,2,4459,5213.809629394832,2097.039976536856,2019-07-15T13:48:32Z,46.08588333,12.52205000,1311.00,58.758
6515,2,4460,5214.809629394832,2098.039976536856,2019-07-15T13:48:33Z,46.08581667,12.52188333,1310.00,58.744
6516,2,4461,5215.809629394832,2099.039976536856,2019-07-15T13:48:34Z,46.08578333,12.52170000,1309.00,58.732
6517,2,4462,5216.809629394832,2100.039976536856,2019-07-15T13:48:35Z,46.08575000,12.52151667,1308.00,58.72
6518,2,4463,5217.809629394832,2101.039976536856,2019-07-15T13:48:36Z,46.08573333,12.52135000,1308.00,58.711
6519,2,4464,5218.809629394832,2102.039976536856,2019-07-15T13:48:37Z,46.08573333,12.52115000,1308.00,58.701
6520,2,4465,5219.809629394832,2103.039976536856,2019-07-15T13:48:38Z,46.08573333,12.52096667,1308.00,58.692
6521,2,4466,5220.809629394832,2104.039976536856,2019-07-15T13:48:39Z,46.08576667,12.52076667,1308.00,58.685
6522,2,4467,5221.809629394832,2105.039976536856,2019-07-15T13:48:40Z,46.08578333,12.52055000,1307.00,58.676
6523,2,4468,5222.809629394832,2106.039976536856,2019-07-15T13:48:41Z,46.08581667,12.52035000,1305.00,58.669
6524,2,4469,5223.809629394832,2107.039976536856,2019-07-15T13:48:42Z,46.08585000,12.52013333,1303.00,58.662
6525,2,4470,5224.809629394832,2108.039976536856,2019-07-15T13:48:43Z,46.08586667,12.51990000,1300.00,58.652
6526,2,4471,5225.809629394832,2109.039976536856,2019-07-15T13:48:44Z,46.08590000,12.51968333,1298.00,58.645
6527,2,4472,5226.809629394832,2110.039976536856,2019-07-15T13:48:45Z,46.08590000,12.51945000,1297.00,58.634
6528,2,4473,5227.809629394832,2111.039976536856,2019-07-15T13:48:46Z,46.08591667,12.51923333,1296.00,58.625
6529,2,4474,5228.809629394832,2112.039976536856,2019-07-15T13:48:47Z,46.08591667,12.51901667,1296.00,58.615
6530,2,4475,5229.809629394832,2113.039976536856,2019-07-15T13:48:48Z,46.08591667,12.51881667,1297.00,58.605
6531,2,4476,5230.809629394832,2114.039976536856,2019-07-15T13:48:49Z,46.08591667,12.51863333,1297.00,58.597
6532,2,4477,5231.809629394832,2115.039976536856,2019-07-15T13:48:50Z,46.08591667,12.51845000,1296.00,58.588
6533,2,4478,5232.809629394832,2116.039976536856,2019-07-15T13:48:51Z,46.08591667,12.51825000,1294.00,58.579
6534,2,4479,5233.809629394832,2117.039976536856,2019-07-15T13:48:52Z,46.08590000,12.51805000,1291.00,58.569
6535,2,4480,5234.809629394832,2118.039976536856,2019-07-15T13:48:53Z,46.08588333,12.51786667,1290.00,58.559
6536,2,4481,5235.809629394832,2119.039976536856,2019-07-15T13:48:54Z,46.08583333,12.51766667,1288.00,58.545
6537,2,4482,5236.809629394832,2120.039976536856,2019-07-15T13:48:55Z,46.08580000,12.51746667,1287.00,58.533
6538,2,4483,5237.809629394832,2121.039976536856,2019-07-15T13:48:56Z,46.08573333,12.51728333,1286.00,58.519
6539,2,4484,5238.809629394832,2122.039976536856,2019-07-15T13:48:57Z,46.08566667,12.51711667,1285.00,58.506
6540,2,4485,5239.809629394832,2123.039976536856,2019-07-15T13:48:58Z,46.08558333,12.51695000,1284.00,58.491
6541,2,4486,5240.809629394832,2124.039976536856,2019-07-15T13:48:59Z,46.08550000,12.51680000,1282.00,58.476
6542,2,4487,5241.809629394832,2125.039976536856,2019-07-15T13:49:00Z,46.08541667,12.51665000,1281.00,58.462
6543,2,4488,5242.809629394832,2126.039976536856,2019-07-15T13:49:01Z,46.08535000,12.51650000,1281.00,58.449
6544,2,4489,5243.809629394832,2127.039976536856,2019-07-15T13:49:02Z,46.08526667,12.51636667,1282.00,58.436
6545,2,4490,5244.809629394832,2128.039976536856,2019-07-15T13:49:03Z,46.08520000,12.51621667,1278.00,58.423
6546,2,4491,5245.809629394832,2129.039976536856,2019-07-15T13:49:04Z,46.08513333,12.51606667,1279.00,58.41
6547,2,4492,5246.809629394832,2130.039976536856,2019-07-15T13:49:05Z,46.08505000,12.51593333,1281.00,58.397
6548,2,4493,5247.809629394832,2131.039976536856,2019-07-15T13:49:06Z,46.08496667,12.51578333,1281.00,58.383
6549,2,4494,5248.809629394832,2132.039976536856,2019-07-15T13:49:07Z,46.08488333,12.51565000,1279.00,58.369
6550,2,4495,5249.809629394832,2133.039976536856,2019-07-15T13:49:08Z,46.08481667,12.51553333,1277.00,58.358
6551,2,4496,5250.809629394832,2134.039976536856,2019-07-15T13:49:09Z,46.08473333,12.51541667,1276.00,58.345
6552,2,4497,5251.809629394832,2135.039976536856,2019-07-15T13:49:10Z,46.08465000,12.51530000,1276.00,58.333
6553,2,4498,5252.809629394832,2136.039976536856,2019-07-15T13:49:11Z,46.08456667,12.51518333,1274.00,58.32
6554,2,4499,5253.809629394832,2137.039976536856,2019-07-15T13:49:12Z,46.08448333,12.51508333,1272.00,58.308
6555,2,4500,5254.809629394832,2138.039976536856,2019-07-15T13:49:13Z,46.08438333,12.51496667,1270.00,58.294
6556,2,4501,5255.809629394832,2139.039976536856,2019-07-15T13:49:14Z,46.08430000,12.51485000,1269.00,58.281
6557,2,4502,5256.809629394832,2140.039976536856,2019-07-15T13:49:15Z,46.08421667,12.51471667,1267.00,58.267
6558,2,4503,5257.809629394832,2141.039976536856,2019-07-15T13:49:16Z,46.08413333,12.51456667,1266.00,58.253
6559,2,4504,5258.809629394832,2142.039976536856,2019-07-15T13:49:17Z,46.08405000,12.51441667,1265.00,58.239
6560,2,4505,5259.809629394832,2143.039976536856,2019-07-15T13:49:18Z,46.08398333,12.51426667,1264.00,58.226
6561,2,4506,5260.809629394832,2144.039976536856,2019-07-15T13:49:19Z,46.08391667,12.51411667,1264.00,58.214
6562,2,4507,5261.809629394832,2145.039976536856,2019-07-15T13:49:20Z,46.08385000,12.51396667,1262.00,58.201
6563,2,4508,5262.809629394832,2146.039976536856,2019-07-15T13:49:21Z,46.08376667,12.51383333,1261.00,58.188
6564,2,4509,5263.809629394832,2147.039976536856,2019-07-15T13:49:22Z,46.08368333,12.51370000,1260.00,58.174
6565,2,4510,5264.809629394832,2148.039976536856,2019-07-15T13:49:23Z,46.08360000,12.51356667,1259.00,58.161
6566,2,4511,5265.809629394832,2149.039976536856,2019-07-15T13:49:24Z,46.08351667,12.51345000,1258.00,58.148
6567,2,4512,5266.809629394832,2150.039976536856,2019-07-15T13:49:25Z,46.08341667,12.51333333,1257.00,58.134
6568,2,4513,5267.809629394832,2151.039976536856,2019-07-15T13:49:26Z,46.08331667,12.51323333,1257.00,58.12
6569,2,4514,5268.809629394832,2152.039976536856,2019-07-15T13:49:27Z,46.08321667,12.51315000,1256.00,58.108
6570,2,4515,5269.809629394832,2153.039976536856,2019-07-15T13:49:28Z,46.08311667,12.51306667,1256.00,58.095
6571,2,4516,5270.809629394832,2154.039976536856,2019-07-15T13:49:29Z,46.08301667,12.51300000,1256.00,58.083
6572,2,4517,5271.809629394832,2155.039976536856,2019-07-15T13:49:30Z,46.08291667,12.51293333,1255.00,58.071
6573,2,4518,5272.809629394832,2156.039976536856,2019-07-15T13:49:31Z,46.08281667,12.51286667,1254.00,58.058
6574,2,4519,5273.809629394832,2157.039976536856,2019-07-15T13:49:32Z,46.08270000,12.51278333,1253.00,58.044
6575,2,4520,5274.809629394832,2158.039976536856,2019-07-15T13:49:33Z,46.08258333,12.51271667,1252.00,58.03
6576,2,4521,5275.809629394832,2159.039976536856,2019-07-15T13:49:34Z,46.08248333,12.51263333,1252.00,58.018
6577,2,4522,5276.809629394832,2160.039976536856,2019-07-15T13:49:35Z,46.08236667,12.51256667,1252.00,58.004
6578,2,4523,5277.809629394832,2161.039976536856,2019-07-15T13:49:36Z,46.08225000,12.51248333,1252.00,57.99
6579,2,4524,5278.809629394832,2162.039976536856,2019-07-15T13:49:37Z,46.08215000,12.51238333,1252.00,57.976
6580,2,4525,5279.809629394832,2163.039976536856,2019-07-15T13:49:38Z,46.08205000,12.51228333,1252.00,57.963
6581,2,4526,5280.809629394832,2164.039976536856,2019-07-15T13:49:39Z,46.08196667,12.51216667,1251.00,57.95
6582,2,4527,5281.809629394832,2165.039976536856,2019-07-15T13:49:40Z,46.08186667,12.51203333,1251.00,57.935
6583,2,4528,5282.809629394832,2166.039976536856,2019-07-15T13:49:41Z,46.08180000,12.51188333,1250.00,57.922
6584,2,4529,5283.809629394832,2167.039976536856,2019-07-15T13:49:42Z,46.08171667,12.51171667,1249.00,57.907
6585,2,4530,5284.809629394832,2168.039976536856,2019-07-15T13:49:43Z,46.08166667,12.51156667,1249.00,57.896
6586,2,4531,5285.809629394832,2169.039976536856,2019-07-15T13:49:44Z,46.08161667,12.51140000,1249.00,57.885
6587,2,4532,5286.809629394832,2170.039976536856,2019-07-15T13:49:45Z,46.08156667,12.51123333,1249.00,57.873
6588,2,4533,5287.809629394832,2171.039976536856,2019-07-15T13:49:46Z,46.08151667,12.51106667,1249.00,57.861
6589,2,4534,5288.809629394832,2172.039976536856,2019-07-15T13:49:47Z,46.08146667,12.51090000,1247.00,57.85
6590,2,4535,5289.809629394832,2173.039976536856,2019-07-15T13:49:48Z,46.08143333,12.51071667,1245.00,57.839
6591,2,4536,5290.809629394832,2174.039976536856,2019-07-15T13:49:49Z,46.08138333,12.51053333,1243.00,57.827
6592,2,4537,5291.809629394832,2175.039976536856,2019-07-15T13:49:50Z,46.08135000,12.51035000,1243.00,57.816
6593,2,4538,5292.809629394832,2176.039976536856,2019-07-15T13:49:51Z,46.08130000,12.51018333,1243.00,57.804
6594,2,4539,5293.809629394832,2177.039976536856,2019-07-15T13:49:52Z,46.08126667,12.51001667,1244.00,57.794
6595,2,4540,5294.809629394832,2178.039976536856,2019-07-15T13:49:53Z,46.08123333,12.50985000,1245.00,57.784
6596,2,4541,5295.809629394832,2179.039976536856,2019-07-15T13:49:54Z,46.08120000,12.50968333,1246.00,57.775
6597,2,4542,5296.809629394832,2180.039976536856,2019-07-15T13:49:55Z,46.08116667,12.50953333,1245.00,57.765
6598,2,4543,5297.809629394832,2181.039976536856,2019-07-15T13:49:56Z,46.08111667,12.50936667,1245.00,57.754
6599,2,4544,5298.809629394832,2182.039976536856,2019-07-15T13:49:57Z,46.08106667,12.50920000,1243.00,57.743
6600,2,4545,5299.809629394832,2183.039976536856,2019-07-15T13:49:58Z,46.08101667,12.50901667,1242.00,57.731
6601,2,4546,5300.809629394832,2184.039976536856,2019-07-15T13:49:59Z,46.08096667,12.50883333,1241.00,57.719
6602,2,4547,5301.809629394832,2185.039976536856,2019-07-15T13:50:00Z,46.08090000,12.50865000,1240.00,57.705
6603,2,4548,5302.809629394832,2186.039976536856,2019-07-15T13:50:01Z,46.08085000,12.50846667,1238.00,57.692
6604,2,4549,5303.809629394832,2187.039976536856,2019-07-15T13:50:02Z,46.08080000,12.50826667,1238.00,57.677
6605,2,4550,5304.809629394832,2188.039976536856,2019-07-15T13:50:03Z,46.08073333,12.50808333,1238.00,57.662
6606,2,4551,5305.809629394832,2189.039976536856,2019-07-15T13:50:04Z,46.08065000,12.50790000,1237.00,57.646
6607,2,4552,5306.809629394832,2190.039976536856,2019-07-15T13:50:05Z,46.08056667,12.50773333,1236.00,57.631
6608,2,4553,5307.809629394832,2191.039976536856,2019-07-15T13:50:06Z,46.08048333,12.50758333,1237.00,57.616
6609,2,4554,5308.809629394832,2192.039976536856,2019-07-15T13:50:07Z,46.08038333,12.50745000,1237.00,57.601
6610,2,4555,5309.809629394832,2193.039976536856,2019-07-15T13:50:08Z,46.08030000,12.50733333,1236.00,57.588
6611,2,4556,5310.809629394832,2194.039976536856,2019-07-15T13:50:09Z,46.08018333,12.50723333,1236.00,57.573
6612,2,4557,5311.809629394832,2195.039976536856,2019-07-15T13:50:10Z,46.08008333,12.50713333,1236.00,57.56
6613,2,4558,5312.809629394832,2196.039976536856,2019-07-15T13:50:11Z,46.07998333,12.50705000,1236.00,57.547
6614,2,4559,5313.809629394832,2197.039976536856,2019-07-15T13:50:12Z,46.07990000,12.50696667,1235.00,57.536
6615,2,4560,5314.809629394832,2198.039976536856,2019-07-15T13:50:13Z,46.07981667,12.50686667,1235.00,57.524
6616,2,4561,5315.809629394832,2199.039976536856,2019-07-15T13:50:14Z,46.07973333,12.50675000,1234.00,57.511
6617,2,4562,5316.809629394832,2200.039976536856,2019-07-15T13:50:15Z,46.07966667,12.50661667,1233.00,57.499
6618,2,4563,5317.809629394832,2201.039976536856,2019-07-15T13:50:16Z,46.07960000,12.50646667,1231.00,57.485
6619,2,4564,5318.809629394832,2202.039976536856,2019-07-15T13:50:17Z,46.07953333,12.50628333,1230.00,57.47
6620,2,4565,5319.809629394832,2203.039976536856,2019-07-15T13:50:18Z,46.07948333,12.50610000,1230.00,57.457
6621,2,4566,5320.809629394832,2204.039976536856,2019-07-15T13:50:19Z,46.07941667,12.50590000,1230.00,57.441
6622,2,4567,5321.809629394832,2205.039976536856,2019-07-15T13:50:20Z,46.07936667,12.50571667,1230.00,57.428
6623,2,4568,5322.809629394832,2206.039976536856,2019-07-15T13:50:21Z,46.07931667,12.50553333,1231.00,57.414
6624,2,4569,5323.809629394832,2207.039976536856,2019-07-15T13:50:22Z,46.07926667,12.50536667,1233.00,57.402
6625,2,4570,5324.809629394832,2208.039976536856,2019-07-15T13:50:23Z,46.07921667,12.50521667,1233.00,57.39
6626,2,4571,5325.809629394832,2209.039976536856,2019-07-15T13:50:24Z,46.07913333,12.50506667,1233.00,57.375
6627,2,4572,5326.809629394832,2210.039976536856,2019-07-15T13:50:25Z,46.07905000,12.50495000,1235.00,57.363
6628,2,4573,5327.809629394832,2211.039976536856,2019-07-15T13:50:26Z,46.07895000,12.50485000,1234.00,57.349
6629,2,4574,5328.809629394832,2212.039976536856,2019-07-15T13:50:27Z,46.07885000,12.50476667,1233.00,57.336
6630,2,4575,5329.809629394832,2213.039976536856,2019-07-15T13:50:28Z,46.07875000,12.50468333,1232.00,57.324
6631,2,4576,5330.809629394832,2214.039976536856,2019-07-15T13:50:29Z,46.07866667,12.50460000,1231.00,57.313
6632,2,4577,5331.809629394832,2215.039976536856,2019-07-15T13:50:30Z,46.07856667,12.50450000,1231.00,57.299
6633,2,4578,5332.809629394832,2216.039976536856,2019-07-15T13:50:31Z,46.07848333,12.50440000,1229.00,57.287
6634,2,4579,5333.809629394832,2217.039976536856,2019-07-15T13:50:32Z,46.07840000,12.50428333,1229.00,57.274
6635,2,4580,5334.809629394832,2218.039976536856,2019-07-15T13:50:33Z,46.07830000,12.50416667,1228.00,57.26
6636,2,4581,5335.809629394832,2219.039976536856,2019-07-15T13:50:34Z,46.07821667,12.50405000,1228.00,57.247
6637,2,4582,5336.809629394832,2220.039976536856,2019-07-15T13:50:35Z,46.07813333,12.50391667,1227.00,57.233
6638,2,4583,5337.809629394832,2221.039976536856,2019-07-15T13:50:36Z,46.07805000,12.50380000,1225.00,57.22
6639,2,4584,5338.809629394832,2222.039976536856,2019-07-15T13:50:37Z,46.07796667,12.50366667,1227.00,57.207
6640,2,4585,5339.809629394832,2223.039976536856,2019-07-15T13:50:38Z,46.07786667,12.50353333,1225.00,57.191
6641,2,4586,5340.809629394832,2224.039976536856,2019-07-15T13:50:39Z,46.07776667,12.50340000,1222.00,57.176
6642,2,4587,5341.809629394832,2225.039976536856,2019-07-15T13:50:40Z,46.07768333,12.50328333,1225.00,57.163
6643,2,4588,5342.809629394832,2226.039976536856,2019-07-15T13:50:41Z,46.07758333,12.50316667,1225.00,57.149
6644,2,4589,5343.809629394832,2227.039976536856,2019-07-15T13:50:42Z,46.07751667,12.50303333,1225.00,57.137
6645,2,4590,5344.809629394832,2228.039976536856,2019-07-15T13:50:43Z,46.07745000,12.50290000,1224.00,57.125
6646,2,4591,5345.809629394832,2229.039976536856,2019-07-15T13:50:44Z,46.07736667,12.50275000,1223.00,57.11
6647,2,4592,5346.809629394832,2230.039976536856,2019-07-15T13:50:45Z,46.07730000,12.50260000,1222.00,57.097
6648,2,4593,5347.809629394832,2231.039976536856,2019-07-15T13:50:46Z,46.07723333,12.50245000,1221.00,57.084
6649,2,4594,5348.809629394832,2232.039976536856,2019-07-15T13:50:47Z,46.07715000,12.50228333,1219.00,57.068
6650,2,4595,5349.809629394832,2233.039976536856,2019-07-15T13:50:48Z,46.07708333,12.50211667,1218.00,57.055
6651,2,4596,5350.809629394832,2234.039976536856,2019-07-15T13:50:49Z,46.07700000,12.50195000,1217.00,57.039
6652,2,4597,5351.809629394832,2235.039976536856,2019-07-15T13:50:50Z,46.07693333,12.50178333,1216.00,57.025
6653,2,4598,5352.809629394832,2236.039976536856,2019-07-15T13:50:51Z,46.07686667,12.50161667,1216.00,57.011
6654,2,4599,5353.809629394832,2237.039976536856,2019-07-15T13:50:52Z,46.07680000,12.50146667,1213.00,56.998
6655,2,4600,5354.809629394832,2238.039976536856,2019-07-15T13:50:53Z,46.07673333,12.50130000,1211.00,56.985
6656,2,4601,5355.809629394832,2239.039976536856,2019-07-15T13:50:54Z,46.07666667,12.50113333,1212.00,56.971
6657,2,4602,5356.809629394832,2240.039976536856,2019-07-15T13:50:55Z,46.07658333,12.50096667,1210.00,56.956
6658,2,4603,5357.809629394832,2241.039976536856,2019-07-15T13:50:56Z,46.07651667,12.50081667,1210.00,56.943
6659,2,4604,5358.809629394832,2242.039976536856,2019-07-15T13:50:57Z,46.07643333,12.50066667,1209.00,56.928
6660,2,4605,5359.809629394832,2243.039976536856,2019-07-15T13:50:58Z,46.07635000,12.50053333,1210.00,56.914
6661,2,4606,5360.809629394832,2244.039976536856,2019-07-15T13:50:59Z,46.07628333,12.50038333,1210.00,56.902
6662,2,4607,5361.809629394832,2245.039976536856,2019-07-15T13:51:00Z,46.07620000,12.50025000,1209.00,56.888
6663,2,4608,5362.809629394832,2246.039976536856,2019-07-15T13:51:01Z,46.07610000,12.50011667,1209.00,56.873
6664,2,4609,5363.809629394832,2247.039976536856,2019-07-15T13:51:02Z,46.07600000,12.49998333,1208.00,56.858
6665,2,4610,5364.809629394832,2248.039976536856,2019-07-15T13:51:03Z,46.07588333,12.49986667,1208.00,56.842
6666,2,4611,5365.809629394832,2249.039976536856,2019-07-15T13:51:04Z,46.07578333,12.49973333,1208.00,56.827
6667,2,4612,5366.809629394832,2250.039976536856,2019-07-15T13:51:05Z,46.07566667,12.49961667,1207.00,56.811
6668,2,4613,5367.809629394832,2251.039976536856,2019-07-15T13:51:06Z,46.07556667,12.49950000,1205.00,56.797
6669,2,4614,5368.809629394832,2252.039976536856,2019-07-15T13:51:07Z,46.07545000,12.49936667,1203.00,56.78
6670,2,4615,5369.809629394832,2253.039976536856,2019-07-15T13:51:08Z,46.07535000,12.49923333,1202.00,56.765
6671,2,4616,5370.809629394832,2254.039976536856,2019-07-15T13:51:09Z,46.07525000,12.49908333,1201.00,56.749
6672,2,4617,5371.809629394832,2255.039976536856,2019-07-15T13:51:10Z,46.07513333,12.49893333,1199.00,56.732
6673,2,4618,5372.809629394832,2256.039976536856,2019-07-15T13:51:11Z,46.07505000,12.49878333,1197.00,56.718
6674,2,4619,5373.809629394832,2257.039976536856,2019-07-15T13:51:12Z,46.07495000,12.49863333,1195.00,56.702
6675,2,4620,5374.809629394832,2258.039976536856,2019-07-15T13:51:13Z,46.07486667,12.49848333,1194.00,56.687
6676,2,4621,5375.809629394832,2259.039976536856,2019-07-15T13:51:14Z,46.07478333,12.49831667,1194.00,56.672
6677,2,4622,5376.809629394832,2260.039976536856,2019-07-15T13:51:15Z,46.07470000,12.49815000,1192.00,56.657
6678,2,4623,5377.809629394832,2261.039976536856,2019-07-15T13:51:16Z,46.07463333,12.49796667,1191.00,56.643
6679,2,4624,5378.809629394832,2262.039976536856,2019-07-15T13:51:17Z,46.07455000,12.49780000,1189.00,56.628
6680,2,4625,5379.809629394832,2263.039976536856,2019-07-15T13:51:18Z,46.07446667,12.49765000,1189.00,56.613
6681,2,4626,5380.809629394832,2264.039976536856,2019-07-15T13:51:19Z,46.07438333,12.49753333,1189.00,56.6
6682,2,4627,5381.809629394832,2265.039976536856,2019-07-15T13:51:20Z,46.07428333,12.49741667,1189.00,56.586
6683,2,4628,5382.809629394832,2266.039976536856,2019-07-15T13:51:21Z,46.07416667,12.49731667,1188.00,56.571
6684,2,4629,5383.809629394832,2267.039976536856,2019-07-15T13:51:22Z,46.07405000,12.49723333,1186.00,56.557
6685,2,4630,5384.809629394832,2268.039976536856,2019-07-15T13:51:23Z,46.07391667,12.49716667,1185.00,56.542
6686,2,4631,5385.809629394832,2269.039976536856,2019-07-15T13:51:24Z,46.07378333,12.49710000,1184.00,56.527
6687,2,4632,5386.809629394832,2270.039976536856,2019-07-15T13:51:25Z,46.07365000,12.49703333,1183.00,56.512
6688,2,4633,5387.809629394832,2271.039976536856,2019-07-15T13:51:26Z,46.07353333,12.49696667,1182.00,56.498
6689,2,4634,5388.809629394832,2272.039976536856,2019-07-15T13:51:27Z,46.07341667,12.49688333,1181.00,56.484
6690,2,4635,5389.809629394832,2273.039976536856,2019-07-15T13:51:28Z,46.07330000,12.49680000,1181.00,56.47
6691,2,4636,5390.809629394832,2274.039976536856,2019-07-15T13:51:29Z,46.07318333,12.49671667,1181.00,56.456
6692,2,4637,5391.809629394832,2275.039976536856,2019-07-15T13:51:30Z,46.07310000,12.49661667,1181.00,56.444
6693,2,4638,5392.809629394832,2276.039976536856,2019-07-15T13:51:31Z,46.07300000,12.49650000,1182.00,56.429
6694,2,4639,5393.809629394832,2277.039976536856,2019-07-15T13:51:32Z,46.07290000,12.49640000,1182.00,56.416
6695,2,4640,5394.809629394832,2278.039976536856,2019-07-15T13:51:33Z,46.07280000,12.49626667,1182.00,56.401
6696,2,4641,5395.809629394832,2279.039976536856,2019-07-15T13:51:34Z,46.07270000,12.49613333,1181.00,56.386
6697,2,4642,5396.809629394832,2280.039976536856,2019-07-15T13:51:35Z,46.07260000,12.49600000,1181.00,56.371
6698,2,4643,5397.809629394832,2281.039976536856,2019-07-15T13:51:36Z,46.07250000,12.49588333,1182.00,56.356
6699,2,4644,5398.809629394832,2282.039976536856,2019-07-15T13:51:37Z,46.07240000,12.49578333,1183.00,56.343
6700,2,4645,5399.809629394832,2283.039976536856,2019-07-15T13:51:38Z,46.07231667,12.49571667,1185.00,56.332
6701,2,4646,5400.809629394832,2284.039976536856,2019-07-15T13:51:39Z,46.07223333,12.49568333,1186.00,56.323
6702,2,4647,5401.809629394832,2285.039976536856,2019-07-15T13:51:40Z,46.07213333,12.49570000,1187.00,56.315
6703,2,4648,5402.809629394832,2286.039976536856,2019-07-15T13:51:41Z,46.07205000,12.49578333,1184.00,56.312
6704,2,4649,5403.809629394832,2287.039976536856,2019-07-15T13:51:42Z,46.07196667,12.49593333,1183.00,56.312
6705,2,4650,5404.809629394832,2288.039976536856,2019-07-15T13:51:43Z,46.07190000,12.49610000,1180.00,56.315
6706,2,4651,5405.809629394832,2289.039976536856,2019-07-15T13:51:44Z,46.07185000,12.49630000,1179.00,56.32
6707,2,4652,5406.809629394832,2290.039976536856,2019-07-15T13:51:45Z,46.07183333,12.49648333,1177.00,56.328
6708,2,4653,5407.809629394832,2291.039976536856,2019-07-15T13:51:46Z,46.07181667,12.49668333,1175.00,56.337
6709,2,4654,5408.809629394832,2292.039976536856,2019-07-15T13:51:47Z,46.07178333,12.49685000,1173.00,56.343
6710,2,4655,5409.809629394832,2293.039976536856,2019-07-15T13:51:48Z,46.07175000,12.49701667,1172.00,56.349
6711,2,4656,5410.809629394832,2294.039976536856,2019-07-15T13:51:49Z,46.07168333,12.49715000,1170.00,56.351
6712,2,4657,5411.809629394832,2295.039976536856,2019-07-15T13:51:50Z,46.07160000,12.49725000,1167.00,56.35
6713,2,4658,5412.809629394832,2296.039976536856,2019-07-15T13:51:51Z,46.07150000,12.49730000,1164.00,56.344
6714,2,4659,5413.809629394832,2297.039976536856,2019-07-15T13:51:52Z,46.07140000,12.49733333,1162.00,56.338
6715,2,4660,5414.809629394832,2298.039976536856,2019-07-15T13:51:53Z,46.07130000,12.49736667,1160.00,56.333
6716,2,4661,5415.809629394832,2299.039976536856,2019-07-15T13:51:54Z,46.07120000,12.49736667,1158.00,56.325
6717,2,4662,5416.809629394832,2300.039976536856,2019-07-15T13:51:55Z,46.07108333,12.49736667,1156.00,56.316
6718,2,4663,5417.809629394832,2301.039976536856,2019-07-15T13:51:56Z,46.07098333,12.49736667,1154.00,56.308
6719,2,4664,5418.809629394832,2302.039976536856,2019-07-15T13:51:57Z,46.07088333,12.49736667,1152.00,56.301
6720,2,4665,5419.809629394832,2303.039976536856,2019-07-15T13:51:58Z,46.07076667,12.49738333,1151.00,56.293
6721,2,4666,5420.809629394832,2304.039976536856,2019-07-15T13:51:59Z,46.07066667,12.49738333,1148.00,56.286
6722,2,4667,5421.809629394832,2305.039976536856,2019-07-15T13:52:00Z,46.07055000,12.49736667,1147.00,56.276
6723,2,4668,5422.809629394832,2306.039976536856,2019-07-15T13:52:01Z,46.07045000,12.49736667,1146.00,56.269
6724,2,4669,5423.809629394832,2307.039976536856,2019-07-15T13:52:02Z,46.07033333,12.49736667,1143.00,56.261
6725,2,4670,5424.809629394832,2308.039976536856,2019-07-15T13:52:03Z,46.07023333,12.49738333,1142.00,56.253
6726,2,4671,5425.809629394832,2309.039976536856,2019-07-15T13:52:04Z,46.07011667,12.49740000,1140.00,56.241
6727,2,4672,5426.809629394832,2310.039976536856,2019-07-15T13:52:05Z,46.07000000,12.49740000,1138.00,56.229
6728,2,4673,5427.809629394832,2311.039976536856,2019-07-15T13:52:06Z,46.06986667,12.49740000,1137.00,56.216
6729,2,4674,5428.809629394832,2312.039976536856,2019-07-15T13:52:07Z,46.06973333,12.49738333,1134.00,56.202
6730,2,4675,5429.809629394832,2313.039976536856,2019-07-15T13:52:08Z,46.06958333,12.49736667,1133.00,56.186
6731,2,4676,5430.809629394832,2314.039976536856,2019-07-15T13:52:09Z,46.06945000,12.49735000,1135.00,56.172
6732,2,4677,5431.809629394832,2315.039976536856,2019-07-15T13:52:10Z,46.06935000,12.49735000,1134.00,56.162
6733,2,4678,5432.809629394832,2316.039976536856,2019-07-15T13:52:11Z,46.06923333,12.49735000,1135.00,56.15
6734,2,4679,5433.809629394832,2317.039976536856,2019-07-15T13:52:12Z,46.06915000,12.49735000,1135.00,56.141
6735,2,4680,5434.809629394832,2318.039976536856,2019-07-15T13:52:13Z,46.06905000,12.49735000,1134.00,56.131
6736,2,4681,5435.809629394832,2319.039976536856,2019-07-15T13:52:14Z,46.06893333,12.49733333,1132.00,56.119
6737,2,4682,5436.809629394832,2320.039976536856,2019-07-15T13:52:15Z,46.06883333,12.49730000,1131.00,56.108
6738,2,4683,5437.809629394832,2321.039976536856,2019-07-15T13:52:16Z,46.06871667,12.49725000,1128.00,56.095
6739,2,4684,5438.809629394832,2322.039976536856,2019-07-15T13:52:17Z,46.06860000,12.49720000,1126.00,56.081
6740,2,4685,5439.809629394832,2323.039976536856,2019-07-15T13:52:18Z,46.06848333,12.49715000,1125.00,56.068
6741,2,4686,5440.809629394832,2324.039976536856,2019-07-15T13:52:19Z,46.06836667,12.49710000,1124.00,56.054
6742,2,4687,5441.809629394832,2325.039976536856,2019-07-15T13:52:20Z,46.06826667,12.49705000,1123.00,56.043
6743,2,4688,5442.809629394832,2326.039976536856,2019-07-15T13:52:21Z,46.06815000,12.49700000,1122.00,56.029
6744,2,4689,5443.809629394832,2327.039976536856,2019-07-15T13:52:22Z,46.06805000,12.49693333,1120.00,56.017
6745,2,4690,5444.809629394832,2328.039976536856,2019-07-15T13:52:23Z,46.06795000,12.49686667,1118.00,56.005
6746,2,4691,5445.809629394832,2329.039976536856,2019-07-15T13:52:24Z,46.06783333,12.49678333,1116.00,55.99
6747,2,4692,5446.809629394832,2330.039976536856,2019-07-15T13:52:25Z,46.06770000,12.49670000,1115.00,55.974
6748,2,4693,5447.809629394832,2331.039976536856,2019-07-15T13:52:26Z,46.06758333,12.49661667,1114.00,55.96
6749,2,4694,5448.809629394832,2332.039976536856,2019-07-15T13:52:27Z,46.06743333,12.49655000,1114.00,55.943
6750,2,4695,5449.809629394832,2333.039976536856,2019-07-15T13:52:28Z,46.06730000,12.49650000,1114.00,55.928
6751,2,4696,5450.809629394832,2334.039976536856,2019-07-15T13:52:29Z,46.06716667,12.49646667,1114.00,55.913
6752,2,4697,5451.809629394832,2335.039976536856,2019-07-15T13:52:30Z,46.06705000,12.49643333,1116.00,55.901
6753,2,4698,5452.809629394832,2336.039976536856,2019-07-15T13:52:31Z,46.06695000,12.49638333,1117.00,55.889
6754,2,4699,5453.809629394832,2337.039976536856,2019-07-15T13:52:32Z,46.06686667,12.49635000,1119.00,55.88
6755,2,4700,5454.809629394832,2338.039976536856,2019-07-15T13:52:33Z,46.06678333,12.49630000,1119.00,55.87
6756,2,4701,5455.809629394832,2339.039976536856,2019-07-15T13:52:34Z,46.06670000,12.49625000,1119.00,55.86
6757,2,4702,5456.809629394832,2340.039976536856,2019-07-15T13:52:35Z,46.06661667,12.49618333,1118.00,55.849
6758,2,4703,5457.809629394832,2341.039976536856,2019-07-15T13:52:36Z,46.06651667,12.49610000,1118.00,55.836
6759,2,4704,5458.809629394832,2342.039976536856,2019-07-15T13:52:37Z,46.06641667,12.49600000,1117.00,55.823
6760,2,4705,5459.809629394832,2343.039976536856,2019-07-15T13:52:38Z,46.06631667,12.49590000,1116.00,55.809
6761,2,4706,5460.809629394832,2344.039976536856,2019-07-15T13:52:39Z,46.06621667,12.49581667,1115.00,55.796
6762,2,4707,5461.809629394832,2345.039976536856,2019-07-15T13:52:40Z,46.06613333,12.49571667,1115.00,55.785
6763,2,4708,5462.809629394832,2346.039976536856,2019-07-15T13:52:41Z,46.06605000,12.49563333,1117.00,55.774
6764,2,4709,5463.809629394832,2347.039976536856,2019-07-15T13:52:42Z,46.06596667,12.49555000,1117.00,55.762
6765,2,4710,5464.809629394832,2348.039976536856,2019-07-15T13:52:43Z,46.06588333,12.49546667,1116.00,55.751
6766,2,4711,5465.809629394832,2349.039976536856,2019-07-15T13:52:44Z,46.06580000,12.49538333,1115.00,55.74
6767,2,4712,5466.809629394832,2350.039976536856,2019-07-15T13:52:45Z,46.06571667,12.49528333,1113.00,55.728
6768,2,4713,5467.809629394832,2351.039976536856,2019-07-15T13:52:46Z,46.06563333,12.49520000,1112.00,55.717
6769,2,4714,5468.809629394832,2352.039976536856,2019-07-15T13:52:47Z,46.06555000,12.49510000,1112.00,55.705
6770,2,4715,5469.809629394832,2353.039976536856,2019-07-15T13:52:48Z,46.06546667,12.49500000,1111.00,55.694
6771,2,4716,5470.809629394832,2354.039976536856,2019-07-15T13:52:49Z,46.06538333,12.49490000,1110.00,55.682
6772,2,4717,5471.809629394832,2355.039976536856,2019-07-15T13:52:50Z,46.06530000,12.49478333,1109.00,55.67
6773,2,4718,5472.809629394832,2356.039976536856,2019-07-15T13:52:51Z,46.06521667,12.49466667,1108.00,55.657
6774,2,4719,5473.809629394832,2357.039976536856,2019-07-15T13:52:52Z,46.06511667,12.49455000,1109.00,55.644
6775,2,4720,5474.809629394832,2358.039976536856,2019-07-15T13:52:53Z,46.06503333,12.49445000,1110.00,55.632
6776,2,4721,5475.809629394832,2359.039976536856,2019-07-15T13:52:54Z,46.06496667,12.49435000,1111.00,55.622
6777,2,4722,5476.809629394832,2360.039976536856,2019-07-15T13:52:55Z,46.06488333,12.49426667,1113.00,55.611
6778,2,4723,5477.809629394832,2361.039976536856,2019-07-15T13:52:56Z,46.06481667,12.49418333,1114.00,55.602
6779,2,4724,5478.809629394832,2362.039976536856,2019-07-15T13:52:57Z,46.06475000,12.49410000,1115.00,55.592
6780,2,4725,5479.809629394832,2363.039976536856,2019-07-15T13:52:58Z,46.06468333,12.49400000,1115.00,55.583
6781,2,4726,5480.809629394832,2364.039976536856,2019-07-15T13:52:59Z,46.06461667,12.49390000,1114.00,55.573
6782,2,4727,5481.809629394832,2365.039976536856,2019-07-15T13:53:00Z,46.06455000,12.49378333,1114.00,55.563
6783,2,4728,5482.809629394832,2366.039976536856,2019-07-15T13:53:01Z,46.06448333,12.49366667,1114.00,55.553
6784,2,4729,5483.809629394832,2367.039976536856,2019-07-15T13:53:02Z,46.06441667,12.49356667,1114.00,55.543
6785,2,4730,5484.809629394832,2368.039976536856,2019-07-15T13:53:03Z,46.06435000,12.49345000,1114.00,55.534
6786,2,4731,5485.809629394832,2369.039976536856,2019-07-15T13:53:04Z,46.06428333,12.49333333,1114.00,55.524
6787,2,4732,5486.809629394832,2370.039976536856,2019-07-15T13:53:05Z,46.06421667,12.49318333,1114.00,55.514
6788,2,4733,5487.809629394832,2371.039976536856,2019-07-15T13:53:06Z,46.06415000,12.49305000,1113.00,55.504
6789,2,4734,5488.809629394832,2372.039976536856,2019-07-15T13:53:07Z,46.06408333,12.49290000,1112.00,55.494
6790,2,4735,5489.809629394832,2373.039976536856,2019-07-15T13:53:08Z,46.06403333,12.49276667,1111.00,55.486
6791,2,4736,5490.809629394832,2374.039976536856,2019-07-15T13:53:09Z,46.06396667,12.49263333,1110.00,55.477
6792,2,4737,5491.809629394832,2375.039976536856,2019-07-15T13:53:10Z,46.06391667,12.49248333,1109.00,55.47
6793,2,4738,5492.809629394832,2376.039976536856,2019-07-15T13:53:11Z,46.06385000,12.49233333,1108.00,55.462
6794,2,4739,5493.809629394832,2377.039976536856,2019-07-15T13:53:12Z,46.06378333,12.49220000,1107.00,55.454
6795,2,4740,5494.809629394832,2378.039976536856,2019-07-15T13:53:13Z,46.06371667,12.49206667,1107.00,55.446
6796,2,4741,5495.809629394832,2379.039976536856,2019-07-15T13:53:14Z,46.06363333,12.49195000,1106.00,55.437
6797,2,4742,5496.809629394832,2380.039976536856,2019-07-15T13:53:15Z,46.06355000,12.49185000,1106.00,55.427
6798,2,4743,5497.809629394832,2381.039976536856,2019-07-15T13:53:16Z,46.06345000,12.49175000,1105.00,55.417
6799,2,4744,5498.809629394832,2382.039976536856,2019-07-15T13:53:17Z,46.06336667,12.49166667,1104.00,55.408
6800,2,4745,5499.809629394832,2383.039976536856,2019-07-15T13:53:18Z,46.06326667,12.49156667,1104.00,55.398
6801,2,4746,5500.809629394832,2384.039976536856,2019-07-15T13:53:19Z,46.06316667,12.49148333,1103.00,55.388
6802,2,4747,5501.809629394832,2385.039976536856,2019-07-15T13:53:20Z,46.06308333,12.49140000,1103.00,55.38
6803,2,4748,5502.809629394832,2386.039976536856,2019-07-15T13:53:21Z,46.06298333,12.49130000,1102.00,55.371
6804,2,4749,5503.809629394832,2387.039976536856,2019-07-15T13:53:22Z,46.06288333,12.49120000,1101.00,55.363
6805,2,4750,5504.809629394832,2388.039976536856,2019-07-15T13:53:23Z,46.06278333,12.49108333,1099.00,55.355
6806,2,4751,5505.809629394832,2389.039976536856,2019-07-15T13:53:24Z,46.06268333,12.49098333,1097.00,55.348
6807,2,4752,5506.809629394832,2390.039976536856,2019-07-15T13:53:25Z,46.06258333,12.49085000,1097.00,55.343
6808,2,4753,5507.809629394832,2391.039976536856,2019-07-15T13:53:26Z,46.06248333,12.49071667,1095.00,55.339
6809,2,4754,5508.809629394832,2392.039976536856,2019-07-15T13:53:27Z,46.06240000,12.49058333,1095.00,55.338
6810,2,4755,5509.809629394832,2393.039976536856,2019-07-15T13:53:28Z,46.06231667,12.49045000,1094.00,55.338
6811,3,1,5510.809629394832,2394.039976536856,2019-07-15T13:53:29Z,46.06223333,12.49031667,1094.00,55.187
6812,3,2,5511.809629394832,2395.039976536856,2019-07-15T13:53:30Z,46.06215000,12.49020000,1093.00,55.2
6813,3,3,5512.809629394832,2396.039976536856,2019-07-15T13:53:31Z,46.06205000,12.49008333,1094.00,55.214
6814,3,4,5513.809629394832,2397.039976536856,2019-07-15T13:53:32Z,46.06196667,12.48996667,1093.00,55.226
6815,3,5,5514.809629394832,2398.039976536856,2019-07-15T13:53:33Z,46.06188333,12.48986667,1092.00,55.238
6816,3,6,5515.809629394832,2399.039976536856,2019-07-15T13:53:34Z,46.06178333,12.48976667,1091.00,55.251
6817,3,7,5516.809629394832,2400.039976536856,2019-07-15T13:53:35Z,46.06168333,12.48966667,1090.00,55.264
6818,3,8,5517.809629394832,2401.039976536856,2019-07-15T13:53:36Z,46.06158333,12.48958333,1090.00,55.277
6819,3,9,5518.809629394832,2402.039976536856,2019-07-15T13:53:37Z,46.06146667,12.48950000,1090.00,55.29
6820,3,10,5519.809629394832,2403.039976536856,2019-07-15T13:53:38Z,46.06135000,12.48943333,1089.00,55.302
6821,3,11,5520.809629394832,2404.039976536856,2019-07-15T13:53:39Z,46.06123333,12.48938333,1089.00,55.313
6822,3,12,5521.809629394832,2405.039976536856,2019-07-15T13:53:40Z,46.06111667,12.48935000,1088.00,55.324
6823,3,13,5522.809629394832,2406.039976536856,2019-07-15T13:53:41Z,46.06098333,12.48931667,1087.00,55.335
6824,3,14,5523.809629394832,2407.039976536856,2019-07-15T13:53:42Z,46.06085000,12.48930000,1086.00,55.346
6825,3,15,5524.809629394832,2408.039976536856,2019-07-15T13:53:43Z,46.06073333,12.48926667,1085.00,55.356
6826,3,16,5525.809629394832,2409.039976536856,2019-07-15T13:53:44Z,46.06060000,12.48926667,1084.00,55.366
6827,3,17,5526.809629394832,2410.039976536856,2019-07-15T13:53:45Z,46.06046667,12.48928333,1083.00,55.375
6828,3,18,5527.809629394832,2411.039976536856,2019-07-15T13:53:46Z,46.06035000,12.48931667,1083.00,55.381
6829,3,19,5528.809629394832,2412.039976536856,2019-07-15T13:53:47Z,46.06025000,12.48940000,1083.00,55.383
6830,3,20,5529.809629394832,2413.039976536856,2019-07-15T13:53:48Z,46.06016667,12.48951667,1082.00,55.383
6831,3,21,5530.809629394832,2414.039976536856,2019-07-15T13:53:49Z,46.06011667,12.48968333,1081.00,55.376
6832,3,22,5531.809629394832,2415.039976536856,2019-07-15T13:53:50Z,46.06008333,12.48986667,1080.00,55.368
6833,3,23,5532.809629394832,2416.039976536856,2019-07-15T13:53:51Z,46.06011667,12.49008333,1077.00,55.353
6834,3,24,5533.809629394832,2417.039976536856,2019-07-15T13:53:52Z,46.06016667,12.49026667,1075.00,55.339
6835,3,25,5534.809629394832,2418.039976536856,2019-07-15T13:53:53Z,46.06025000,12.49045000,1076.00,55.322
6836,3,26,5535.809629394832,2419.039976536856,2019-07-15T13:53:54Z,46.06035000,12.49060000,1077.00,55.306
6837,3,27,5536.809629394832,2420.039976536856,2019-07-15T13:53:55Z,46.06046667,12.49068333,1077.00,55.293
6838,3,28,5537.809629394832,2421.039976536856,2019-07-15T13:53:56Z,46.06060000,12.49073333,1077.00,55.28
6839,3,29,5538.809629394832,2422.039976536856,2019-07-15T13:53:57Z,46.06075000,12.49073333,1077.00,55.269
6840,3,30,5539.809629394832,2423.039976536856,2019-07-15T13:53:58Z,46.06090000,12.49068333,1075.00,55.261
6841,3,31,5540.809629394832,2424.039976536856,2019-07-15T13:53:59Z,46.06103333,12.49058333,1074.00,55.257
6842,3,32,5541.809629394832,2425.039976536856,2019-07-15T13:54:00Z,46.06118333,12.49048333,1073.00,55.252
6843,3,33,5542.809629394832,2426.039976536856,2019-07-15T13:54:01Z,46.06130000,12.49040000,1074.00,55.249
6844,3,34,5543.809629394832,2427.039976536856,2019-07-15T13:54:02Z,46.06141667,12.49036667,1076.00,55.242
6845,3,35,5544.809629394832,2428.039976536856,2019-07-15T13:54:03Z,46.06155000,12.49036667,1077.00,55.233
6846,3,36,5545.809629394832,2429.039976536856,2019-07-15T13:54:04Z,46.06165000,12.49045000,1077.00,55.221
6847,3,37,5546.809629394832,2430.039976536856,2019-07-15T13:54:05Z,46.06175000,12.49060000,1073.00,55.205
6848,3,38,5547.809629394832,2431.039976536856,2019-07-15T13:54:06Z,46.06180000,12.49081667,1069.00,55.188
6849,3,39,5548.809629394832,2432.039976536856,2019-07-15T13:54:07Z,46.06183333,12.49105000,1065.00,55.172
6850,3,40,5549.809629394832,2433.039976536856,2019-07-15T13:54:08Z,46.06185000,12.49128333,1064.00,55.157
6851,3,41,5550.809629394832,2434.039976536856,2019-07-15T13:54:09Z,46.06188333,12.49148333,1063.00,55.143
6852,3,42,5551.809629394832,2435.039976536856,2019-07-15T13:54:10Z,46.06191667,12.49166667,1065.00,55.13
6853,3,43,5552.809629394832,2436.039976536856,2019-07-15T13:54:11Z,46.06195000,12.49183333,1068.00,55.118
6854,3,44,5553.809629394832,2437.039976536856,2019-07-15T13:54:12Z,46.06201667,12.49198333,1069.00,55.104
6855,3,45,5554.809629394832,2438.039976536856,2019-07-15T13:54:13Z,46.06208333,12.49215000,1069.00,55.09
6856,3,46,5555.809629394832,2439.039976536856,2019-07-15T13:54:14Z,46.06216667,12.49230000,1068.00,55.075
6857,3,47,5556.809629394832,2440.039976536856,2019-07-15T13:54:15Z,46.06225000,12.49243333,1069.00,55.061
6858,3,48,5557.809629394832,2441.039976536856,2019-07-15T13:54:16Z,46.06236667,12.49256667,1068.00,55.045
6859,3,49,5558.809629394832,2442.039976536856,2019-07-15T13:54:17Z,46.06248333,12.49268333,1067.00,55.029
6860,3,50,5559.809629394832,2443.039976536856,2019-07-15T13:54:18Z,46.06261667,12.49281667,1066.00,55.012
6861,3,51,5560.809629394832,2444.039976536856,2019-07-15T13:54:19Z,46.06273333,12.49291667,1065.00,54.998
6862,3,52,5561.809629394832,2445.039976536856,2019-07-15T13:54:20Z,46.06286667,12.49305000,1065.00,54.98
6863,3,53,5562.809629394832,2446.039976536856,2019-07-15T13:54:21Z,46.06300000,12.49318333,1064.00,54.963
6864,3,54,5563.809629394832,2447.039976536856,2019-07-15T13:54:22Z,46.06311667,12.49331667,1064.00,54.947
6865,3,55,5564.809629394832,2448.039976536856,2019-07-15T13:54:23Z,46.06321667,12.49346667,1064.00,54.931
6866,3,56,5565.809629394832,2449.039976536856,2019-07-15T13:54:24Z,46.06331667,12.49365000,1063.00,54.913
6867,3,57,5566.809629394832,2450.039976536856,2019-07-15T13:54:25Z,46.06340000,12.49381667,1062.00,54.897
6868,3,58,5567.809629394832,2451.039976536856,2019-07-15T13:54:26Z,46.06348333,12.49400000,1061.00,54.88
6869,3,59,5568.809629394832,2452.039976536856,2019-07-15T13:54:27Z,46.06356667,12.49416667,1061.00,54.864
6870,3,60,5569.809629394832,2453.039976536856,2019-07-15T13:54:28Z,46.06365000,12.49435000,1060.00,54.847
6871,3,61,5570.809629394832,2454.039976536856,2019-07-15T13:54:29Z,46.06373333,12.49451667,1059.00,54.832
6872,3,62,5571.809629394832,2455.039976536856,2019-07-15T13:54:30Z,46.06383333,12.49468333,1059.00,54.815
6873,3,63,5572.809629394832,2456.039976536856,2019-07-15T13:54:31Z,46.06391667,12.49483333,1059.00,54.8
6874,3,64,5573.809629394832,2457.039976536856,2019-07-15T13:54:32Z,46.06401667,12.49498333,1058.00,54.784
6875,3,65,5574.809629394832,2458.039976536856,2019-07-15T13:54:33Z,46.06413333,12.49511667,1057.00,54.768
6876,3,66,5575.809629394832,2459.039976536856,2019-07-15T13:54:34Z,46.06425000,12.49525000,1056.00,54.751
6877,3,67,5576.809629394832,2460.039976536856,2019-07-15T13:54:35Z,46.06436667,12.49538333,1056.00,54.735
6878,3,68,5577.809629394832,2461.039976536856,2019-07-15T13:54:36Z,46.06448333,12.49553333,1055.00,54.718
6879,3,69,5578.809629394832,2462.039976536856,2019-07-15T13:54:37Z,46.06460000,12.49568333,1054.00,54.701
6880,3,70,5579.809629394832,2463.039976536856,2019-07-15T13:54:38Z,46.06470000,12.49583333,1053.00,54.685
6881,3,71,5580.809629394832,2464.039976536856,2019-07-15T13:54:39Z,46.06478333,12.49598333,1053.00,54.67
6882,3,72,5581.809629394832,2465.039976536856,2019-07-15T13:54:40Z,46.06488333,12.49615000,1053.00,54.653
6883,3,73,5582.809629394832,2466.039976536856,2019-07-15T13:54:41Z,46.06495000,12.49631667,1054.00,54.638
6884,3,74,5583.809629394832,2467.039976536856,2019-07-15T13:54:42Z,46.06503333,12.49648333,1054.00,54.622
6885,3,75,5584.809629394832,2468.039976536856,2019-07-15T13:54:43Z,46.06510000,12.49665000,1054.00,54.608
6886,3,76,5585.809629394832,2469.039976536856,2019-07-15T13:54:44Z,46.06516667,12.49681667,1053.00,54.593
6887,3,77,5586.809629394832,2470.039976536856,2019-07-15T13:54:45Z,46.06523333,12.49701667,1052.00,54.577
6888,3,78,5587.809629394832,2471.039976536856,2019-07-15T13:54:46Z,46.06530000,12.49720000,1051.00,54.561
6889,3,79,5588.809629394832,2472.039976536856,2019-07-15T13:54:47Z,46.06536667,12.49741667,1050.00,54.544
6890,3,80,5589.809629394832,2473.039976536856,2019-07-15T13:54:48Z,46.06543333,12.49761667,1048.00,54.527
6891,3,81,5590.809629394832,2474.039976536856,2019-07-15T13:54:49Z,46.06550000,12.49781667,1047.00,54.51
6892,3,82,5591.809629394832,2475.039976536856,2019-07-15T13:54:50Z,46.06558333,12.49800000,1046.00,54.494
6893,3,83,5592.809629394832,2476.039976536856,2019-07-15T13:54:51Z,46.06565000,12.49820000,1045.00,54.477
6894,3,84,5593.809629394832,2477.039976536856,2019-07-15T13:54:52Z,46.06573333,12.49838333,1044.00,54.46
6895,3,85,5594.809629394832,2478.039976536856,2019-07-15T13:54:53Z,46.06581667,12.49858333,1042.00,54.443
6896,3,86,5595.809629394832,2479.039976536856,2019-07-15T13:54:54Z,46.06590000,12.49878333,1040.00,54.425
6897,3,87,5596.809629394832,2480.039976536856,2019-07-15T13:54:55Z,46.06598333,12.49898333,1038.00,54.407
6898,3,88,5597.809629394832,2481.039976536856,2019-07-15T13:54:56Z,46.06606667,12.49918333,1036.00,54.389
6899,3,89,5598.809629394832,2482.039976536856,2019-07-15T13:54:57Z,46.06615000,12.49938333,1034.00,54.372
6900,3,90,5599.809629394832,2483.039976536856,2019-07-15T13:54:58Z,46.06623333,12.49958333,1033.00,54.354
6901,3,91,5600.809629394832,2484.039976536856,2019-07-15T13:54:59Z,46.06631667,12.49980000,1031.00,54.335
6902,3,92,5601.809629394832,2485.039976536856,2019-07-15T13:55:00Z,46.06638333,12.50000000,1028.00,54.319
6903,3,93,5602.809629394832,2486.039976536856,2019-07-15T13:55:01Z,46.06646667,12.50021667,1025.00,54.3
6904,3,94,5603.809629394832,2487.039976536856,2019-07-15T13:55:02Z,46.06653333,12.50041667,1023.00,54.283
6905,3,95,5604.809629394832,2488.039976536856,2019-07-15T13:55:03Z,46.06660000,12.50063333,1021.00,54.266
6906,3,96,5605.809629394832,2489.039976536856,2019-07-15T13:55:04Z,46.06666667,12.50083333,1019.00,54.249
6907,3,97,5606.809629394832,2490.039976536856,2019-07-15T13:55:05Z,46.06673333,12.50105000,1017.00,54.232
6908,3,98,5607.809629394832,2491.039976536856,2019-07-15T13:55:06Z,46.06680000,12.50126667,1015.00,54.214
6909,3,99,5608.809629394832,2492.039976536856,2019-07-15T13:55:07Z,46.06686667,12.50148333,1012.00,54.197
6910,3,100,5609.809629394832,2493.039976536856,2019-07-15T13:55:08Z,46.06693333,12.50170000,1009.00,54.179
6911,3,101,5610.809629394832,2494.039976536856,2019-07-15T13:55:09Z,46.06700000,12.50193333,1005.00,54.161
6912,3,102,5611.809629394832,2495.039976536856,2019-07-15T13:55:10Z,46.06705000,12.50216667,1002.00,54.144
6913,3,103,5612.809629394832,2496.039976536856,2019-07-15T13:55:11Z,46.06711667,12.50240000,1000.00,54.125
6914,3,104,5613.809629394832,2497.039976536856,2019-07-15T13:55:12Z,46.06718333,12.50263333,998.00,54.107
6915,3,105,5614.809629394832,2498.039976536856,2019-07-15T13:55:13Z,46.06725000,12.50286667,995.00,54.088
6916,3,106,5615.809629394832,2499.039976536856,2019-07-15T13:55:14Z,46.06733333,12.50308333,993.00,54.069
6917,3,107,5616.809629394832,2500.039976536856,2019-07-15T13:55:15Z,46.06740000,12.50330000,996.00,54.052
6918,3,108,5617.809629394832,2501.039976536856,2019-07-15T13:55:16Z,46.06748333,12.50350000,994.00,54.034
6919,3,109,5618.809629394832,2502.039976536856,2019-07-15T13:55:17Z,46.06756667,12.50370000,993.00,54.016
6920,3,110,5619.809629394832,2503.039976536856,2019-07-15T13:55:18Z,46.06765000,12.50388333,992.00,54.0
6921,3,111,5620.809629394832,2504.039976536856,2019-07-15T13:55:19Z,46.06775000,12.50408333,990.00,53.981
6922,3,112,5621.809629394832,2505.039976536856,2019-07-15T13:55:20Z,46.06785000,12.50428333,988.00,53.962
6923,3,113,5622.809629394832,2506.039976536856,2019-07-15T13:55:21Z,46.06795000,12.50450000,986.00,53.942
6924,3,114,5623.809629394832,2507.039976536856,2019-07-15T13:55:22Z,46.06806667,12.50470000,984.00,53.922
6925,3,115,5624.809629394832,2508.039976536856,2019-07-15T13:55:23Z,46.06816667,12.50491667,982.00,53.902
6926,3,116,5625.809629394832,2509.039976536856,2019-07-15T13:55:24Z,46.06828333,12.50511667,981.00,53.882
6927,3,117,5626.809629394832,2510.039976536856,2019-07-15T13:55:25Z,46.06838333,12.50531667,980.00,53.863
6928,3,118,5627.809629394832,2511.039976536856,2019-07-15T13:55:26Z,46.06846667,12.50550000,981.00,53.846
6929,3,119,5628.809629394832,2512.039976536856,2019-07-15T13:55:27Z,46.06856667,12.50570000,980.00,53.827
6930,3,120,5629.809629394832,2513.039976536856,2019-07-15T13:55:28Z,46.06865000,12.50590000,980.00,53.809
6931,3,121,5630.809629394832,2514.039976536856,2019-07-15T13:55:29Z,46.06873333,12.50610000,979.00,53.792
6932,3,122,5631.809629394832,2515.039976536856,2019-07-15T13:55:30Z,46.06881667,12.50630000,978.00,53.774
6933,3,123,5632.809629394832,2516.039976536856,2019-07-15T13:55:31Z,46.06890000,12.50650000,975.00,53.756
6934,3,124,5633.809629394832,2517.039976536856,2019-07-15T13:55:32Z,46.06898333,12.50670000,973.00,53.738
6935,3,125,5634.809629394832,2518.039976536856,2019-07-15T13:55:33Z,46.06908333,12.50691667,970.00,53.719
6936,3,126,5635.809629394832,2519.039976536856,2019-07-15T13:55:34Z,46.06916667,12.50713333,967.00,53.7
6937,3,127,5636.809629394832,2520.039976536856,2019-07-15T13:55:35Z,46.06925000,12.50735000,966.00,53.681
6938,3,128,5637.809629394832,2521.039976536856,2019-07-15T13:55:36Z,46.06933333,12.50756667,965.00,53.662
6939,3,129,5638.809629394832,2522.039976536856,2019-07-15T13:55:37Z,46.06943333,12.50778333,963.00,53.643
6940,3,130,5639.809629394832,2523.039976536856,2019-07-15T13:55:38Z,46.06951667,12.50798333,962.00,53.625
6941,3,131,5640.809629394832,2524.039976536856,2019-07-15T13:55:39Z,46.06960000,12.50818333,962.00,53.607
6942,3,132,5641.809629394832,2525.039976536856,2019-07-15T13:55:40Z,46.06968333,12.50838333,962.00,53.589
6943,3,133,5642.809629394832,2526.039976536856,2019-07-15T13:55:41Z,46.06975000,12.50860000,959.00,53.572
6944,3,134,5643.809629394832,2527.039976536856,2019-07-15T13:55:42Z,46.06983333,12.50880000,959.00,53.554
6945,3,135,5644.809629394832,2528.039976536856,2019-07-15T13:55:43Z,46.06991667,12.50901667,957.00,53.536
6946,3,136,5645.809629394832,2529.039976536856,2019-07-15T13:55:44Z,46.06998333,12.50923333,955.00,53.518
6947,3,137,5646.809629394832,2530.039976536856,2019-07-15T13:55:45Z,46.07006667,12.50945000,953.00,53.499
6948,3,138,5647.809629394832,2531.039976536856,2019-07-15T13:55:46Z,46.07015000,12.50968333,950.00,53.48
6949,3,139,5648.809629394832,2532.039976536856,2019-07-15T13:55:47Z,46.07021667,12.50991667,948.00,53.461
6950,3,140,5649.809629394832,2533.039976536856,2019-07-15T13:55:48Z,46.07030000,12.51013333,946.00,53.443
6951,3,141,5650.809629394832,2534.039976536856,2019-07-15T13:55:49Z,46.07038333,12.51036667,946.00,53.423
6952,3,142,5651.809629394832,2535.039976536856,2019-07-15T13:55:50Z,46.07045000,12.51058333,946.00,53.406
6953,3,143,5652.809629394832,2536.039976536856,2019-07-15T13:55:51Z,46.07051667,12.51080000,946.00,53.388
6954,3,144,5653.809629394832,2537.039976536856,2019-07-15T13:55:52Z,46.07056667,12.51100000,946.00,53.373
6955,3,145,5654.809629394832,2538.039976536856,2019-07-15T13:55:53Z,46.07061667,12.51121667,943.00,53.357
6956,3,146,5655.809629394832,2539.039976536856,2019-07-15T13:55:54Z,46.07068333,12.51141667,941.00,53.34
6957,3,147,5656.809629394832,2540.039976536856,2019-07-15T13:55:55Z,46.07073333,12.51161667,941.00,53.325
6958,3,148,5657.809629394832,2541.039976536856,2019-07-15T13:55:56Z,46.07080000,12.51181667,941.00,53.308
6959,3,149,5658.809629394832,2542.039976536856,2019-07-15T13:55:57Z,46.07086667,12.51201667,941.00,53.292
6960,3,150,5659.809629394832,2543.039976536856,2019-07-15T13:55:58Z,46.07095000,12.51221667,938.00,53.274
6961,3,151,5660.809629394832,2544.039976536856,2019-07-15T13:55:59Z,46.07105000,12.51240000,937.00,53.256
6962,3,152,5661.809629394832,2545.039976536856,2019-07-15T13:56:00Z,46.07115000,12.51260000,936.00,53.237
6963,3,153,5662.809629394832,2546.039976536856,2019-07-15T13:56:01Z,46.07125000,12.51276667,935.00,53.22
6964,3,154,5663.809629394832,2547.039976536856,2019-07-15T13:56:02Z,46.07138333,12.51293333,934.00,53.201
6965,3,155,5664.809629394832,2548.039976536856,2019-07-15T13:56:03Z,46.07150000,12.51310000,932.00,53.183
6966,3,156,5665.809629394832,2549.039976536856,2019-07-15T13:56:04Z,46.07163333,12.51325000,932.00,53.164
6967,3,157,5666.809629394832,2550.039976536856,2019-07-15T13:56:05Z,46.07175000,12.51338333,931.00,53.148
6968,3,158,5667.809629394832,2551.039976536856,2019-07-15T13:56:06Z,46.07186667,12.51353333,930.00,53.131
6969,3,159,5668.809629394832,2552.039976536856,2019-07-15T13:56:07Z,46.07198333,12.51370000,931.00,53.112
6970,3,160,5669.809629394832,2553.039976536856,2019-07-15T13:56:08Z,46.07208333,12.51385000,930.00,53.096
6971,3,161,5670.809629394832,2554.039976536856,2019-07-15T13:56:09Z,46.07218333,12.51401667,929.00,53.079
6972,3,162,5671.809629394832,2555.039976536856,2019-07-15T13:56:10Z,46.07228333,12.51418333,930.00,53.062
6973,3,163,5672.809629394832,2556.039976536856,2019-07-15T13:56:11Z,46.07238333,12.51435000,931.00,53.045
6974,3,164,5673.809629394832,2557.039976536856,2019-07-15T13:56:12Z,46.07246667,12.51451667,930.00,53.03
6975,3,165,5674.809629394832,2558.039976536856,2019-07-15T13:56:13Z,46.07256667,12.51468333,931.00,53.013
6976,3,166,5675.809629394832,2559.039976536856,2019-07-15T13:56:14Z,46.07266667,12.51485000,931.00,52.996
6977,3,167,5676.809629394832,2560.039976536856,2019-07-15T13:56:15Z,46.07276667,12.51500000,931.00,52.98
6978,3,168,5677.809629394832,2561.039976536856,2019-07-15T13:56:16Z,46.07286667,12.51515000,930.00,52.964
6979,3,169,5678.809629394832,2562.039976536856,2019-07-15T13:56:17Z,46.07298333,12.51530000,930.00,52.946
6980,3,170,5679.809629394832,2563.039976536856,2019-07-15T13:56:18Z,46.07310000,12.51545000,931.00,52.929
6981,3,171,5680.809629394832,2564.039976536856,2019-07-15T13:56:19Z,46.07323333,12.51558333,930.00,52.911
6982,3,172,5681.809629394832,2565.039976536856,2019-07-15T13:56:20Z,46.07335000,12.51573333,928.00,52.894
6983,3,173,5682.809629394832,2566.039976536856,2019-07-15T13:56:21Z,46.07348333,12.51586667,926.00,52.877
6984,3,174,5683.809629394832,2567.039976536856,2019-07-15T13:56:22Z,46.07360000,12.51601667,925.00,52.859
6985,3,175,5684.809629394832,2568.039976536856,2019-07-15T13:56:23Z,46.07373333,12.51616667,923.00,52.841
6986,3,176,5685.809629394832,2569.039976536856,2019-07-15T13:56:24Z,46.07385000,12.51633333,921.00,52.823
6987,3,177,5686.809629394832,2570.039976536856,2019-07-15T13:56:25Z,46.07396667,12.51651667,919.00,52.804
6988,3,178,5687.809629394832,2571.039976536856,2019-07-15T13:56:26Z,46.07406667,12.51671667,919.00,52.785
6989,3,179,5688.809629394832,2572.039976536856,2019-07-15T13:56:27Z,46.07416667,12.51690000,919.00,52.767
6990,3,180,5689.809629394832,2573.039976536856,2019-07-15T13:56:28Z,46.07426667,12.51710000,920.00,52.748
6991,3,181,5690.809629394832,2574.039976536856,2019-07-15T13:56:29Z,46.07435000,12.51728333,921.00,52.731
6992,3,182,5691.809629394832,2575.039976536856,2019-07-15T13:56:30Z,46.07445000,12.51745000,922.00,52.714
6993,3,183,5692.809629394832,2576.039976536856,2019-07-15T13:56:31Z,46.07453333,12.51763333,922.00,52.697
6994,3,184,5693.809629394832,2577.039976536856,2019-07-15T13:56:32Z,46.07463333,12.51778333,923.00,52.681
6995,3,185,5694.809629394832,2578.039976536856,2019-07-15T13:56:33Z,46.07473333,12.51795000,923.00,52.664
6996,3,186,5695.809629394832,2579.039976536856,2019-07-15T13:56:34Z,46.07485000,12.51811667,923.00,52.646
6997,3,187,5696.809629394832,2580.039976536856,2019-07-15T13:56:35Z,46.07496667,12.51828333,921.00,52.628
6998,3,188,5697.809629394832,2581.039976536856,2019-07-15T13:56:36Z,46.07508333,12.51845000,920.00,52.61
6999,3,189,5698.809629394832,2582.039976536856,2019-07-15T13:56:37Z,46.07520000,12.51860000,920.00,52.592
7000,3,190,5699.809629394832,2583.039976536856,2019-07-15T13:56:38Z,46.07531667,12.51878333,921.00,52.573
7001,3,191,5700.809629394832,2584.039976536856,2019-07-15T13:56:39Z,46.07541667,12.51896667,921.00,52.555
7002,3,192,5701.809629394832,2585.039976536856,2019-07-15T13:56:40Z,46.07551667,12.51915000,921.00,52.537
7003,3,193,5702.809629394832,2586.039976536856,2019-07-15T13:56:41Z,46.07560000,12.51933333,920.00,52.52
7004,3,194,5703.809629394832,2587.039976536856,2019-07-15T13:56:42Z,46.07566667,12.51953333,920.00,52.504
7005,3,195,5704.809629394832,2588.039976536856,2019-07-15T13:56:43Z,46.07573333,12.51973333,921.00,52.488
7006,3,196,5705.809629394832,2589.039976536856,2019-07-15T13:56:44Z,46.07580000,12.51993333,920.00,52.471
7007,3,197,5706.809629394832,2590.039976536856,2019-07-15T13:56:45Z,46.07586667,12.52013333,919.00,52.455
7008,3,198,5707.809629394832,2591.039976536856,2019-07-15T13:56:46Z,46.07593333,12.52033333,920.00,52.438
7009,3,199,5708.809629394832,2592.039976536856,2019-07-15T13:56:47Z,46.07600000,12.52051667,920.00,52.423
7010,3,200,5709.809629394832,2593.039976536856,2019-07-15T13:56:48Z,46.07606667,12.52070000,919.00,52.407
7011,3,201,5710.809629394832,2594.039976536856,2019-07-15T13:56:49Z,46.07613333,12.52090000,920.00,52.391
7012,3,202,5711.809629394832,2595.039976536856,2019-07-15T13:56:50Z,46.07618333,12.52110000,919.00,52.375
7013,3,203,5712.809629394832,2596.039976536856,2019-07-15T13:56:51Z,46.07625000,12.52130000,919.00,52.359
7014,3,204,5713.809629394832,2597.039976536856,2019-07-15T13:56:52Z,46.07628333,12.52150000,920.00,52.345
7015,3,205,5714.809629394832,2598.039976536856,2019-07-15T13:56:53Z,46.07633333,12.52170000,920.00,52.33
7016,3,206,5715.809629394832,2599.039976536856,2019-07-15T13:56:54Z,46.07636667,12.52191667,920.00,52.315
7017,3,207,5716.809629394832,2600.039976536856,2019-07-15T13:56:55Z,46.07638333,12.52211667,920.00,52.302
7018,3,208,5717.809629394832,2601.039976536856,2019-07-15T13:56:56Z,46.07640000,12.52231667,921.00,52.289
7019,3,209,5718.809629394832,2602.039976536856,2019-07-15T13:56:57Z,46.07641667,12.52253333,922.00,52.275
7020,3,210,5719.809629394832,2603.039976536856,2019-07-15T13:56:58Z,46.07643333,12.52273333,922.00,52.263
7021,3,211,5720.809629394832,2604.039976536856,2019-07-15T13:56:59Z,46.07645000,12.52293333,923.00,52.25
7022,3,212,5721.809629394832,2605.039976536856,2019-07-15T13:57:00Z,46.07646667,12.52311667,925.00,52.238
7023,3,213,5722.809629394832,2606.039976536856,2019-07-15T13:57:01Z,46.07650000,12.52330000,926.00,52.225
7024,3,214,5723.809629394832,2607.039976536856,2019-07-15T13:57:02Z,46.07655000,12.52350000,926.00,52.21
7025,3,215,5724.809629394832,2608.039976536856,2019-07-15T13:57:03Z,46.07660000,12.52368333,924.00,52.196
7026,3,216,5725.809629394832,2609.039976536856,2019-07-15T13:57:04Z,46.07666667,12.52388333,924.00,52.179
7027,3,217,5726.809629394832,2610.039976536856,2019-07-15T13:57:05Z,46.07673333,12.52408333,924.00,52.163
7028,3,218,5727.809629394832,2611.039976536856,2019-07-15T13:57:06Z,46.07680000,12.52430000,924.00,52.145
7029,3,219,5728.809629394832,2612.039976536856,2019-07-15T13:57:07Z,46.07686667,12.52450000,924.00,52.129
7030,3,220,5729.809629394832,2613.039976536856,2019-07-15T13:57:08Z,46.07693333,12.52470000,925.00,52.113
7031,3,221,5730.809629394832,2614.039976536856,2019-07-15T13:57:09Z,46.07701667,12.52488333,926.00,52.096
7032,3,222,5731.809629394832,2615.039976536856,2019-07-15T13:57:10Z,46.07708333,12.52506667,927.00,52.08
7033,3,223,5732.809629394832,2616.039976536856,2019-07-15T13:57:11Z,46.07716667,12.52523333,928.00,52.065
7034,3,224,5733.809629394832,2617.039976536856,2019-07-15T13:57:12Z,46.07725000,12.52541667,928.00,52.048
7035,3,225,5734.809629394832,2618.039976536856,2019-07-15T13:57:13Z,46.07735000,12.52558333,927.00,52.031
7036,3,226,5735.809629394832,2619.039976536856,2019-07-15T13:57:14Z,46.07746667,12.52575000,926.00,52.013
7037,3,227,5736.809629394832,2620.039976536856,2019-07-15T13:57:15Z,46.07758333,12.52591667,926.00,51.994
7038,3,228,5737.809629394832,2621.039976536856,2019-07-15T13:57:16Z,46.07770000,12.52606667,926.00,51.977
7039,3,229,5738.809629394832,2622.039976536856,2019-07-15T13:57:17Z,46.07780000,12.52623333,923.00,51.96
7040,3,230,5739.809629394832,2623.039976536856,2019-07-15T13:57:18Z,46.07791667,12.52638333,922.00,51.943
7041,3,231,5740.809629394832,2624.039976536856,2019-07-15T13:57:19Z,46.07803333,12.52656667,921.00,51.924
7042,3,232,5741.809629394832,2625.039976536856,2019-07-15T13:57:20Z,46.07815000,12.52673333,922.00,51.906
7043,3,233,5742.809629394832,2626.039976536856,2019-07-15T13:57:21Z,46.07826667,12.52691667,919.00,51.886
7044,3,234,5743.809629394832,2627.039976536856,2019-07-15T13:57:22Z,46.07838333,12.52708333,920.00,51.868
7045,3,235,5744.809629394832,2628.039976536856,2019-07-15T13:57:23Z,46.07848333,12.52725000,921.00,51.851
7046,3,236,5745.809629394832,2629.039976536856,2019-07-15T13:57:24Z,46.07858333,12.52743333,920.00,51.833
7047,3,237,5746.809629394832,2630.039976536856,2019-07-15T13:57:25Z,46.07868333,12.52761667,919.00,51.815
7048,3,238,5747.809629394832,2631.039976536856,2019-07-15T13:57:26Z,46.07875000,12.52780000,918.00,51.8
7049,3,239,5748.809629394832,2632.039976536856,2019-07-15T13:57:27Z,46.07881667,12.52801667,917.00,51.782
7050,3,240,5749.809629394832,2633.039976536856,2019-07-15T13:57:28Z,46.07888333,12.52823333,916.00,51.765
7051,3,241,5750.809629394832,2634.039976536856,2019-07-15T13:57:29Z,46.07893333,12.52845000,916.00,51.749
7052,3,242,5751.809629394832,2635.039976536856,2019-07-15T13:57:30Z,46.07896667,12.52865000,916.00,51.735
7053,3,243,5752.809629394832,2636.039976536856,2019-07-15T13:57:31Z,46.07901667,12.52885000,917.00,51.72
7054,3,244,5753.809629394832,2637.039976536856,2019-07-15T13:57:32Z,46.07908333,12.52903333,917.00,51.704
7055,3,245,5754.809629394832,2638.039976536856,2019-07-15T13:57:33Z,46.07915000,12.52921667,918.00,51.689
7056,3,246,5755.809629394832,2639.039976536856,2019-07-15T13:57:34Z,46.07923333,12.52940000,918.00,51.672
7057,3,247,5756.809629394832,2640.039976536856,2019-07-15T13:57:35Z,46.07933333,12.52956667,918.00,51.655
7058,3,248,5757.809629394832,2641.039976536856,2019-07-15T13:57:36Z,46.07946667,12.52973333,917.00,51.636
7059,3,249,5758.809629394832,2642.039976536856,2019-07-15T13:57:37Z,46.07958333,12.52990000,916.00,51.617
7060,3,250,5759.809629394832,2643.039976536856,2019-07-15T13:57:38Z,46.07973333,12.53003333,916.00,51.599
7061,3,251,5760.809629394832,2644.039976536856,2019-07-15T13:57:39Z,46.07986667,12.53016667,915.00,51.581
7062,3,252,5761.809629394832,2645.039976536856,2019-07-15T13:57:40Z,46.08001667,12.53030000,914.00,51.562
7063,3,253,5762.809629394832,2646.039976536856,2019-07-15T13:57:41Z,46.08015000,12.53043333,914.00,51.545
7064,3,254,5763.809629394832,2647.039976536856,2019-07-15T13:57:42Z,46.08028333,12.53058333,914.00,51.526
7065,3,255,5764.809629394832,2648.039976536856,2019-07-15T13:57:43Z,46.08041667,12.53075000,912.00,51.507
7066,3,256,5765.809629394832,2649.039976536856,2019-07-15T13:57:44Z,46.08051667,12.53095000,911.00,51.488
7067,3,257,5766.809629394832,2650.039976536856,2019-07-15T13:57:45Z,46.08060000,12.53116667,912.00,51.469
7068,3,258,5767.809629394832,2651.039976536856,2019-07-15T13:57:46Z,46.08066667,12.53138333,913.00,51.452
7069,3,259,5768.809629394832,2652.039976536856,2019-07-15T13:57:47Z,46.08071667,12.53158333,913.00,51.437
7070,3,260,5769.809629394832,2653.039976536856,2019-07-15T13:57:48Z,46.08073333,12.53180000,912.00,51.423
7071,3,261,5770.809629394832,2654.039976536856,2019-07-15T13:57:49Z,46.08073333,12.53203333,910.00,51.41
7072,3,262,5771.809629394832,2655.039976536856,2019-07-15T13:57:50Z,46.08070000,12.53223333,909.00,51.401
7073,3,263,5772.809629394832,2656.039976536856,2019-07-15T13:57:51Z,46.08068333,12.53243333,908.00,51.391
7074,3,264,5773.809629394832,2657.039976536856,2019-07-15T13:57:52Z,46.08065000,12.53261667,908.00,51.383
7075,3,265,5774.809629394832,2658.039976536856,2019-07-15T13:57:53Z,46.08065000,12.53278333,908.00,51.373
7076,3,266,5775.809629394832,2659.039976536856,2019-07-15T13:57:54Z,46.08065000,12.53296667,908.00,51.363
7077,3,267,5776.809629394832,2660.039976536856,2019-07-15T13:57:55Z,46.08065000,12.53315000,908.00,51.352
7078,3,268,5777.809629394832,2661.039976536856,2019-07-15T13:57:56Z,46.08068333,12.53333333,907.00,51.339
7079,3,269,5778.809629394832,2662.039976536856,2019-07-15T13:57:57Z,46.08073333,12.53353333,905.00,51.324
7080,3,270,5779.809629394832,2663.039976536856,2019-07-15T13:57:58Z,46.08078333,12.53375000,904.00,51.308
7081,3,271,5780.809629394832,2664.039976536856,2019-07-15T13:57:59Z,46.08085000,12.53396667,903.00,51.291
7082,3,272,5781.809629394832,2665.039976536856,2019-07-15T13:58:00Z,46.08090000,12.53416667,902.00,51.276
7083,3,273,5782.809629394832,2666.039976536856,2019-07-15T13:58:01Z,46.08095000,12.53435000,903.00,51.261
7084,3,274,5783.809629394832,2667.039976536856,2019-07-15T13:58:02Z,46.08100000,12.53455000,903.00,51.246
7085,3,275,5784.809629394832,2668.039976536856,2019-07-15T13:58:03Z,46.08105000,12.53475000,902.00,51.231
7086,3,276,5785.809629394832,2669.039976536856,2019-07-15T13:58:04Z,46.08110000,12.53496667,901.00,51.215
7087,3,277,5786.809629394832,2670.039976536856,2019-07-15T13:58:05Z,46.08115000,12.53518333,899.00,51.199
7088,3,278,5787.809629394832,2671.039976536856,2019-07-15T13:58:06Z,46.08120000,12.53540000,897.00,51.183
7089,3,279,5788.809629394832,2672.039976536856,2019-07-15T13:58:07Z,46.08126667,12.53561667,897.00,51.166
7090,3,280,5789.809629394832,2673.039976536856,2019-07-15T13:58:08Z,46.08131667,12.53583333,898.00,51.15
7091,3,281,5790.809629394832,2674.039976536856,2019-07-15T13:58:09Z,46.08135000,12.53605000,898.00,51.135
7092,3,282,5791.809629394832,2675.039976536856,2019-07-15T13:58:10Z,46.08140000,12.53626667,897.00,51.119
7093,3,283,5792.809629394832,2676.039976536856,2019-07-15T13:58:11Z,46.08141667,12.53648333,896.00,51.106
7094,3,284,5793.809629394832,2677.039976536856,2019-07-15T13:58:12Z,46.08143333,12.53671667,895.00,51.091
7095,3,285,5794.809629394832,2678.039976536856,2019-07-15T13:58:13Z,46.08145000,12.53693333,893.00,51.078
7096,3,286,5795.809629394832,2679.039976536856,2019-07-15T13:58:14Z,46.08145000,12.53715000,891.00,51.065
7097,3,287,5796.809629394832,2680.039976536856,2019-07-15T13:58:15Z,46.08148333,12.53738333,889.00,51.05
7098,3,288,5797.809629394832,2681.039976536856,2019-07-15T13:58:16Z,46.08151667,12.53760000,889.00,51.035
7099,3,289,5798.809629394832,2682.039976536856,2019-07-15T13:58:17Z,46.08155000,12.53781667,888.00,51.02
7100,3,290,5799.809629394832,2683.039976536856,2019-07-15T13:58:18Z,46.08158333,12.53803333,886.00,51.006
7101,3,291,5800.809629394832,2684.039976536856,2019-07-15T13:58:19Z,46.08163333,12.53825000,885.00,50.99
7102,3,292,5801.809629394832,2685.039976536856,2019-07-15T13:58:20Z,46.08170000,12.53848333,884.00,50.971
7103,3,293,5802.809629394832,2686.039976536856,2019-07-15T13:58:21Z,46.08175000,12.53870000,882.00,50.956
7104,3,294,5803.809629394832,2687.039976536856,2019-07-15T13:58:22Z,46.08181667,12.53891667,881.00,50.938
7105,3,295,5804.809629394832,2688.039976536856,2019-07-15T13:58:23Z,46.08188333,12.53913333,881.00,50.921
7106,3,296,5805.809629394832,2689.039976536856,2019-07-15T13:58:24Z,46.08195000,12.53933333,881.00,50.905
7107,3,297,5806.809629394832,2690.039976536856,2019-07-15T13:58:25Z,46.08205000,12.53951667,879.00,50.887
7108,3,298,5807.809629394832,2691.039976536856,2019-07-15T13:58:26Z,46.08216667,12.53968333,878.00,50.869
7109,3,299,5808.809629394832,2692.039976536856,2019-07-15T13:58:27Z,46.08230000,12.53985000,876.00,50.849
7110,3,300,5809.809629394832,2693.039976536856,2019-07-15T13:58:28Z,46.08243333,12.54001667,875.00,50.83
7111,3,301,5810.809629394832,2694.039976536856,2019-07-15T13:58:29Z,46.08256667,12.54018333,873.00,50.81
7112,3,302,5811.809629394832,2695.039976536856,2019-07-15T13:58:30Z,46.08268333,12.54036667,872.00,50.791
7113,3,303,5812.809629394832,2696.039976536856,2019-07-15T13:58:31Z,46.08280000,12.54055000,872.00,50.772
7114,3,304,5813.809629394832,2697.039976536856,2019-07-15T13:58:32Z,46.08290000,12.54073333,871.00,50.754
7115,3,305,5814.809629394832,2698.039976536856,2019-07-15T13:58:33Z,46.08298333,12.54091667,871.00,50.737
7116,3,306,5815.809629394832,2699.039976536856,2019-07-15T13:58:34Z,46.08308333,12.54111667,871.00,50.718
7117,3,307,5816.809629394832,2700.039976536856,2019-07-15T13:58:35Z,46.08316667,12.54133333,871.00,50.7
7118,3,308,5817.809629394832,2701.039976536856,2019-07-15T13:58:36Z,46.08325000,12.54153333,871.00,50.682
7119,3,309,5818.809629394832,2702.039976536856,2019-07-15T13:58:37Z,46.08333333,12.54175000,870.00,50.664
7120,3,310,5819.809629394832,2703.039976536856,2019-07-15T13:58:38Z,46.08343333,12.54195000,870.00,50.645
7121,3,311,5820.809629394832,2704.039976536856,2019-07-15T13:58:39Z,46.08351667,12.54215000,869.00,50.627
7122,3,312,5821.809629394832,2705.039976536856,2019-07-15T13:58:40Z,46.08360000,12.54236667,867.00,50.609
7123,3,313,5822.809629394832,2706.039976536856,2019-07-15T13:58:41Z,46.08368333,12.54256667,865.00,50.591
7124,3,314,5823.809629394832,2707.039976536856,2019-07-15T13:58:42Z,46.08375000,12.54278333,863.00,50.574
7125,3,315,5824.809629394832,2708.039976536856,2019-07-15T13:58:43Z,46.08381667,12.54300000,862.00,50.557
7126,3,316,5825.809629394832,2709.039976536856,2019-07-15T13:58:44Z,46.08388333,12.54321667,862.00,50.54
7127,3,317,5826.809629394832,2710.039976536856,2019-07-15T13:58:45Z,46.08393333,12.54345000,861.00,50.523
7128,3,318,5827.809629394832,2711.039976536856,2019-07-15T13:58:46Z,46.08400000,12.54365000,860.00,50.506
7129,3,319,5828.809629394832,2712.039976536856,2019-07-15T13:58:47Z,46.08405000,12.54385000,861.00,50.491
7130,3,320,5829.809629394832,2713.039976536856,2019-07-15T13:58:48Z,46.08411667,12.54405000,861.00,50.475
7131,3,321,5830.809629394832,2714.039976536856,2019-07-15T13:58:49Z,46.08418333,12.54423333,862.00,50.46
7132,3,322,5831.809629394832,2715.039976536856,2019-07-15T13:58:50Z,46.08425000,12.54441667,862.00,50.445
7133,3,323,5832.809629394832,2716.039976536856,2019-07-15T13:58:51Z,46.08433333,12.54461667,861.00,50.427
7134,3,324,5833.809629394832,2717.039976536856,2019-07-15T13:58:52Z,46.08440000,12.54481667,860.00,50.411
7135,3,325,5834.809629394832,2718.039976536856,2019-07-15T13:58:53Z,46.08448333,12.54501667,859.00,50.393
7136,3,326,5835.809629394832,2719.039976536856,2019-07-15T13:58:54Z,46.08458333,12.54520000,858.00,50.375
7137,3,327,5836.809629394832,2720.039976536856,2019-07-15T13:58:55Z,46.08468333,12.54538333,856.00,50.357
7138,3,328,5837.809629394832,2721.039976536856,2019-07-15T13:58:56Z,46.08478333,12.54556667,855.00,50.34
7139,3,329,5838.809629394832,2722.039976536856,2019-07-15T13:58:57Z,46.08490000,12.54576667,853.00,50.319
7140,3,330,5839.809629394832,2723.039976536856,2019-07-15T13:58:58Z,46.08498333,12.54596667,851.00,50.302
7141,3,331,5840.809629394832,2724.039976536856,2019-07-15T13:58:59Z,46.08508333,12.54616667,850.00,50.283
7142,3,332,5841.809629394832,2725.039976536856,2019-07-15T13:59:00Z,46.08516667,12.54638333,849.00,50.265
7143,3,333,5842.809629394832,2726.039976536856,2019-07-15T13:59:01Z,46.08523333,12.54660000,848.00,50.247
7144,3,334,5843.809629394832,2727.039976536856,2019-07-15T13:59:02Z,46.08530000,12.54681667,850.00,50.23
7145,3,335,5844.809629394832,2728.039976536856,2019-07-15T13:59:03Z,46.08535000,12.54701667,851.00,50.215
7146,3,336,5845.809629394832,2729.039976536856,2019-07-15T13:59:04Z,46.08541667,12.54721667,851.00,50.199
7147,3,337,5846.809629394832,2730.039976536856,2019-07-15T13:59:05Z,46.08548333,12.54740000,852.00,50.184
7148,3,338,5847.809629394832,2731.039976536856,2019-07-15T13:59:06Z,46.08555000,12.54758333,851.00,50.168
7149,3,339,5848.809629394832,2732.039976536856,2019-07-15T13:59:07Z,46.08563333,12.54775000,851.00,50.153
7150,3,340,5849.809629394832,2733.039976536856,2019-07-15T13:59:08Z,46.08573333,12.54791667,851.00,50.136
7151,3,341,5850.809629394832,2734.039976536856,2019-07-15T13:59:09Z,46.08583333,12.54806667,851.00,50.12
7152,3,342,5851.809629394832,2735.039976536856,2019-07-15T13:59:10Z,46.08595000,12.54820000,851.00,50.103
7153,3,343,5852.809629394832,2736.039976536856,2019-07-15T13:59:11Z,46.08606667,12.54833333,850.00,50.087
7154,3,344,5853.809629394832,2737.039976536856,2019-07-15T13:59:12Z,46.08618333,12.54846667,849.00,50.071
7155,3,345,5854.809629394832,2738.039976536856,2019-07-15T13:59:13Z,46.08630000,12.54860000,847.00,50.054
7156,3,346,5855.809629394832,2739.039976536856,2019-07-15T13:59:14Z,46.08643333,12.54873333,846.00,50.036
7157,3,347,5856.809629394832,2740.039976536856,2019-07-15T13:59:15Z,46.08656667,12.54886667,845.00,50.019
7158,3,348,5857.809629394832,2741.039976536856,2019-07-15T13:59:16Z,46.08670000,12.54900000,844.00,50.001
7159,3,349,5858.809629394832,2742.039976536856,2019-07-15T13:59:17Z,46.08681667,12.54915000,844.00,49.984
7160,3,350,5859.809629394832,2743.039976536856,2019-07-15T13:59:18Z,46.08693333,12.54928333,844.00,49.967
7161,3,351,5860.809629394832,2744.039976536856,2019-07-15T13:59:19Z,46.08703333,12.54943333,844.00,49.951
7162,3,352,5861.809629394832,2745.039976536856,2019-07-15T13:59:20Z,46.08713333,12.54960000,842.00,49.934
7163,3,353,5862.809629394832,2746.039976536856,2019-07-15T13:59:21Z,46.08723333,12.54978333,841.00,49.916
7164,3,354,5863.809629394832,2747.039976536856,2019-07-15T13:59:22Z,46.08733333,12.54998333,840.00,49.898
7165,3,355,5864.809629394832,2748.039976536856,2019-07-15T13:59:23Z,46.08741667,12.55020000,839.00,49.879
7166,3,356,5865.809629394832,2749.039976536856,2019-07-15T13:59:24Z,46.08751667,12.55040000,838.00,49.86
7167,3,357,5866.809629394832,2750.039976536856,2019-07-15T13:59:25Z,46.08761667,12.55061667,837.00,49.841
7168,3,358,5867.809629394832,2751.039976536856,2019-07-15T13:59:26Z,46.08770000,12.55080000,836.00,49.824
7169,3,359,5868.809629394832,2752.039976536856,2019-07-15T13:59:27Z,46.08780000,12.55098333,835.00,49.806
7170,3,360,5869.809629394832,2753.039976536856,2019-07-15T13:59:28Z,46.08790000,12.55115000,834.00,49.789
7171,3,361,5870.809629394832,2754.039976536856,2019-07-15T13:59:29Z,46.08800000,12.55131667,833.00,49.772
7172,3,362,5871.809629394832,2755.039976536856,2019-07-15T13:59:30Z,46.08808333,12.55148333,832.00,49.756
7173,3,363,5872.809629394832,2756.039976536856,2019-07-15T13:59:31Z,46.08818333,12.55165000,830.00,49.739
7174,3,364,5873.809629394832,2757.039976536856,2019-07-15T13:59:32Z,46.08828333,12.55183333,827.00,49.722
7175,3,365,5874.809629394832,2758.039976536856,2019-07-15T13:59:33Z,46.08838333,12.55201667,825.00,49.704
7176,3,366,5875.809629394832,2759.039976536856,2019-07-15T13:59:34Z,46.08848333,12.55221667,822.00,49.685
7177,3,367,5876.809629394832,2760.039976536856,2019-07-15T13:59:35Z,46.08860000,12.55240000,819.00,49.666
7178,3,368,5877.809629394832,2761.039976536856,2019-07-15T13:59:36Z,46.08873333,12.55258333,818.00,49.645
7179,3,369,5878.809629394832,2762.039976536856,2019-07-15T13:59:37Z,46.08885000,12.55275000,818.00,49.627
7180,3,370,5879.809629394832,2763.039976536856,2019-07-15T13:59:38Z,46.08898333,12.55290000,817.00,49.608
7181,3,371,5880.809629394832,2764.039976536856,2019-07-15T13:59:39Z,46.08911667,12.55305000,817.00,49.59
7182,3,372,5881.809629394832,2765.039976536856,2019-07-15T13:59:40Z,46.08926667,12.55316667,816.00,49.572
7183,3,373,5882.809629394832,2766.039976536856,2019-07-15T13:59:41Z,46.08941667,12.55328333,814.00,49.554
7184,3,374,5883.809629394832,2767.039976536856,2019-07-15T13:59:42Z,46.08958333,12.55338333,813.00,49.535
7185,3,375,5884.809629394832,2768.039976536856,2019-07-15T13:59:43Z,46.08973333,12.55350000,812.00,49.517
7186,3,376,5885.809629394832,2769.039976536856,2019-07-15T13:59:44Z,46.08986667,12.55363333,812.00,49.499
7187,3,377,5886.809629394832,2770.039976536856,2019-07-15T13:59:45Z,46.09000000,12.55376667,811.00,49.482
7188,3,378,5887.809629394832,2771.039976536856,2019-07-15T13:59:46Z,46.09013333,12.55393333,810.00,49.462
7189,3,379,5888.809629394832,2772.039976536856,2019-07-15T13:59:47Z,46.09026667,12.55411667,809.00,49.442
7190,3,380,5889.809629394832,2773.039976536856,2019-07-15T13:59:48Z,46.09038333,12.55431667,808.00,49.422
7191,3,381,5890.809629394832,2774.039976536856,2019-07-15T13:59:49Z,46.09050000,12.55451667,807.00,49.401
7192,3,382,5891.809629394832,2775.039976536856,2019-07-15T13:59:50Z,46.09060000,12.55471667,807.00,49.383
7193,3,383,5892.809629394832,2776.039976536856,2019-07-15T13:59:51Z,46.09071667,12.55493333,807.00,49.362
7194,3,384,5893.809629394832,2777.039976536856,2019-07-15T13:59:52Z,46.09081667,12.55513333,807.00,49.343
7195,3,385,5894.809629394832,2778.039976536856,2019-07-15T13:59:53Z,46.09093333,12.55533333,807.00,49.323
7196,3,386,5895.809629394832,2779.039976536856,2019-07-15T13:59:54Z,46.09106667,12.55553333,805.00,49.301
7197,3,387,5896.809629394832,2780.039976536856,2019-07-15T13:59:55Z,46.09118333,12.55575000,805.00,49.28
7198,3,388,5897.809629394832,2781.039976536856,2019-07-15T13:59:56Z,46.09130000,12.55593333,804.00,49.261
7199,3,389,5898.809629394832,2782.039976536856,2019-07-15T13:59:57Z,46.09140000,12.55613333,804.00,49.242
7200,3,390,5899.809629394832,2783.039976536856,2019-07-15T13:59:58Z,46.09150000,12.55631667,804.00,49.224
7201,3,391,5900.809629394832,2784.039976536856,2019-07-15T13:59:59Z,46.09160000,12.55650000,803.00,49.206
7202,3,392,5901.809629394832,2785.039976536856,2019-07-15T14:00:00Z,46.09170000,12.55668333,802.00,49.189
7203,3,393,5902.809629394832,2786.039976536856,2019-07-15T14:00:01Z,46.09180000,12.55688333,800.00,49.17
7204,3,394,5903.809629394832,2787.039976536856,2019-07-15T14:00:02Z,46.09188333,12.55708333,800.00,49.152
7205,3,395,5904.809629394832,2788.039976536856,2019-07-15T14:00:03Z,46.09198333,12.55726667,798.00,49.134
7206,3,396,5905.809629394832,2789.039976536856,2019-07-15T14:00:04Z,46.09206667,12.55746667,797.00,49.117
7207,3,397,5906.809629394832,2790.039976536856,2019-07-15T14:00:05Z,46.09216667,12.55765000,795.00,49.099
7208,3,398,5907.809629394832,2791.039976536856,2019-07-15T14:00:06Z,46.09226667,12.55785000,792.00,49.08
7209,3,399,5908.809629394832,2792.039976536856,2019-07-15T14:00:07Z,46.09236667,12.55805000,788.00,49.061
7210,3,400,5909.809629394832,2793.039976536856,2019-07-15T14:00:08Z,46.09245000,12.55826667,786.00,49.043
7211,3,401,5910.809629394832,2794.039976536856,2019-07-15T14:00:09Z,46.09253333,12.55848333,786.00,49.024
7212,3,402,5911.809629394832,2795.039976536856,2019-07-15T14:00:10Z,46.09261667,12.55868333,783.00,49.007
7213,3,403,5912.809629394832,2796.039976536856,2019-07-15T14:00:11Z,46.09266667,12.55888333,782.00,48.992
7214,3,404,5913.809629394832,2797.039976536856,2019-07-15T14:00:12Z,46.09273333,12.55908333,781.00,48.976
7215,3,405,5914.809629394832,2798.039976536856,2019-07-15T14:00:13Z,46.09280000,12.55928333,780.00,48.96
7216,3,406,5915.809629394832,2799.039976536856,2019-07-15T14:00:14Z,46.09285000,12.55948333,779.00,48.945
7217,3,407,5916.809629394832,2800.039976536856,2019-07-15T14:00:15Z,46.09291667,12.55970000,778.00,48.928
7218,3,408,5917.809629394832,2801.039976536856,2019-07-15T14:00:16Z,46.09296667,12.55991667,776.00,48.912
7219,3,409,5918.809629394832,2802.039976536856,2019-07-15T14:00:17Z,46.09301667,12.56016667,774.00,48.894
7220,3,410,5919.809629394832,2803.039976536856,2019-07-15T14:00:18Z,46.09306667,12.56040000,772.00,48.877
7221,3,411,5920.809629394832,2804.039976536856,2019-07-15T14:00:19Z,46.09310000,12.56063333,771.00,48.862
7222,3,412,5921.809629394832,2805.039976536856,2019-07-15T14:00:20Z,46.09315000,12.56086667,770.00,48.845
7223,3,413,5922.809629394832,2806.039976536856,2019-07-15T14:00:21Z,46.09318333,12.56108333,769.00,48.831
7224,3,414,5923.809629394832,2807.039976536856,2019-07-15T14:00:22Z,46.09323333,12.56130000,767.00,48.815
7225,3,415,5924.809629394832,2808.039976536856,2019-07-15T14:00:23Z,46.09328333,12.56151667,765.00,48.799
7226,3,416,5925.809629394832,2809.039976536856,2019-07-15T14:00:24Z,46.09333333,12.56173333,762.00,48.784
7227,3,417,5926.809629394832,2810.039976536856,2019-07-15T14:00:25Z,46.09340000,12.56193333,759.00,48.767
7228,3,418,5927.809629394832,2811.039976536856,2019-07-15T14:00:26Z,46.09346667,12.56213333,756.00,48.751
7229,3,419,5928.809629394832,2812.039976536856,2019-07-15T14:00:27Z,46.09353333,12.56233333,754.00,48.735
7230,3,420,5929.809629394832,2813.039976536856,2019-07-15T14:00:28Z,46.09360000,12.56253333,752.00,48.719
7231,3,421,5930.809629394832,2814.039976536856,2019-07-15T14:00:29Z,46.09365000,12.56273333,751.00,48.704
7232,3,422,5931.809629394832,2815.039976536856,2019-07-15T14:00:30Z,46.09371667,12.56293333,750.00,48.688
7233,3,423,5932.809629394832,2816.039976536856,2019-07-15T14:00:31Z,46.09378333,12.56311667,749.00,48.673
7234,3,424,5933.809629394832,2817.039976536856,2019-07-15T14:00:32Z,46.09383333,12.56330000,748.00,48.659
7235,3,425,5934.809629394832,2818.039976536856,2019-07-15T14:00:33Z,46.09390000,12.56348333,747.00,48.644
7236,3,426,5935.809629394832,2819.039976536856,2019-07-15T14:00:34Z,46.09396667,12.56366667,746.00,48.628
7237,3,427,5936.809629394832,2820.039976536856,2019-07-15T14:00:35Z,46.09403333,12.56385000,745.00,48.613
7238,3,428,5937.809629394832,2821.039976536856,2019-07-15T14:00:36Z,46.09411667,12.56405000,742.00,48.596
7239,3,429,5938.809629394832,2822.039976536856,2019-07-15T14:00:37Z,46.09418333,12.56425000,740.00,48.58
7240,3,430,5939.809629394832,2823.039976536856,2019-07-15T14:00:38Z,46.09426667,12.56446667,737.00,48.561
7241,3,431,5940.809629394832,2824.039976536856,2019-07-15T14:00:39Z,46.09435000,12.56466667,736.00,48.544
7242,3,432,5941.809629394832,2825.039976536856,2019-07-15T14:00:40Z,46.09443333,12.56486667,734.00,48.526
7243,3,433,5942.809629394832,2826.039976536856,2019-07-15T14:00:41Z,46.09453333,12.56508333,732.00,48.507
7244,3,434,5943.809629394832,2827.039976536856,2019-07-15T14:00:42Z,46.09461667,12.56528333,730.00,48.489
7245,3,435,5944.809629394832,2828.039976536856,2019-07-15T14:00:43Z,46.09470000,12.56550000,729.00,48.471
7246,3,436,5945.809629394832,2829.039976536856,2019-07-15T14:00:44Z,46.09478333,12.56571667,729.00,48.453
7247,3,437,5946.809629394832,2830.039976536856,2019-07-15T14:00:45Z,46.09486667,12.56593333,730.00,48.434
7248,3,438,5947.809629394832,2831.039976536856,2019-07-15T14:00:46Z,46.09493333,12.56613333,729.00,48.418
7249,3,439,5948.809629394832,2832.039976536856,2019-07-15T14:00:47Z,46.09500000,12.56635000,730.00,48.401
7250,3,440,5949.809629394832,2833.039976536856,2019-07-15T14:00:48Z,46.09505000,12.56658333,728.00,48.385
7251,3,441,5950.809629394832,2834.039976536856,2019-07-15T14:00:49Z,46.09511667,12.56681667,727.00,48.367
7252,3,442,5951.809629394832,2835.039976536856,2019-07-15T14:00:50Z,46.09516667,12.56706667,726.00,48.349
7253,3,443,5952.809629394832,2836.039976536856,2019-07-15T14:00:51Z,46.09523333,12.56730000,725.00,48.331
7254,3,444,5953.809629394832,2837.039976536856,2019-07-15T14:00:52Z,46.09530000,12.56753333,724.00,48.314
7255,3,445,5954.809629394832,2838.039976536856,2019-07-15T14:00:53Z,46.09538333,12.56775000,722.00,48.295
7256,3,446,5955.809629394832,2839.039976536856,2019-07-15T14:00:54Z,46.09546667,12.56795000,722.00,48.278
7257,3,447,5956.809629394832,2840.039976536856,2019-07-15T14:00:55Z,46.09555000,12.56813333,722.00,48.261
7258,3,448,5957.809629394832,2841.039976536856,2019-07-15T14:00:56Z,46.09563333,12.56833333,721.00,48.244
7259,3,449,5958.809629394832,2842.039976536856,2019-07-15T14:00:57Z,46.09573333,12.56853333,719.00,48.225
7260,3,450,5959.809629394832,2843.039976536856,2019-07-15T14:00:58Z,46.09583333,12.56871667,717.00,48.207
7261,3,451,5960.809629394832,2844.039976536856,2019-07-15T14:00:59Z,46.09595000,12.56891667,716.00,48.187
7262,3,452,5961.809629394832,2845.039976536856,2019-07-15T14:01:00Z,46.09606667,12.56911667,716.00,48.167
7263,3,453,5962.809629394832,2846.039976536856,2019-07-15T14:01:01Z,46.09618333,12.56930000,715.00,48.148
7264,3,454,5963.809629394832,2847.039976536856,2019-07-15T14:01:02Z,46.09631667,12.56948333,715.00,48.128
7265,3,455,5964.809629394832,2848.039976536856,2019-07-15T14:01:03Z,46.09643333,12.56965000,716.00,48.109
7266,3,456,5965.809629394832,2849.039976536856,2019-07-15T14:01:04Z,46.09656667,12.56981667,717.00,48.09
7267,3,457,5966.809629394832,2850.039976536856,2019-07-15T14:01:05Z,46.09670000,12.56996667,718.00,48.071
7268,3,458,5967.809629394832,2851.039976536856,2019-07-15T14:01:06Z,46.09683333,12.57011667,719.00,48.052
7269,3,459,5968.809629394832,2852.039976536856,2019-07-15T14:01:07Z,46.09696667,12.57028333,718.00,48.033
7270,3,460,5969.809629394832,2853.039976536856,2019-07-15T14:01:08Z,46.09710000,12.57043333,718.00,48.014
7271,3,461,5970.809629394832,2854.039976536856,2019-07-15T14:01:09Z,46.09725000,12.57060000,717.00,47.993
7272,3,462,5971.809629394832,2855.039976536856,2019-07-15T14:01:10Z,46.09738333,12.57078333,717.00,47.973
7273,3,463,5972.809629394832,2856.039976536856,2019-07-15T14:01:11Z,46.09751667,12.57096667,717.00,47.952
7274,3,464,5973.809629394832,2857.039976536856,2019-07-15T14:01:12Z,46.09765000,12.57115000,717.00,47.932
7275,3,465,5974.809629394832,2858.039976536856,2019-07-15T14:01:13Z,46.09778333,12.57133333,718.00,47.911
7276,3,466,5975.809629394832,2859.039976536856,2019-07-15T14:01:14Z,46.09790000,12.57153333,717.00,47.891
7277,3,467,5976.809629394832,2860.039976536856,2019-07-15T14:01:15Z,46.09800000,12.57173333,716.00,47.873
7278,3,468,5977.809629394832,2861.039976536856,2019-07-15T14:01:16Z,46.09811667,12.57195000,715.00,47.852
7279,3,469,5978.809629394832,2862.039976536856,2019-07-15T14:01:17Z,46.09821667,12.57215000,714.00,47.833
7280,3,470,5979.809629394832,2863.039976536856,2019-07-15T14:01:18Z,46.09833333,12.57238333,712.00,47.811
7281,3,471,5980.809629394832,2864.039976536856,2019-07-15T14:01:19Z,46.09845000,12.57261667,711.00,47.789
7282,3,472,5981.809629394832,2865.039976536856,2019-07-15T14:01:20Z,46.09858333,12.57285000,708.00,47.766
7283,3,473,5982.809629394832,2866.039976536856,2019-07-15T14:01:21Z,46.09870000,12.57308333,706.00,47.744
7284,3,474,5983.809629394832,2867.039976536856,2019-07-15T14:01:22Z,46.09883333,12.57331667,704.00,47.721
7285,3,475,5984.809629394832,2868.039976536856,2019-07-15T14:01:23Z,46.09896667,12.57353333,704.00,47.699
7286,3,476,5985.809629394832,2869.039976536856,2019-07-15T14:01:24Z,46.09910000,12.57373333,703.00,47.677
7287,3,477,5986.809629394832,2870.039976536856,2019-07-15T14:01:25Z,46.09923333,12.57390000,703.00,47.658
7288,3,478,5987.809629394832,2871.039976536856,2019-07-15T14:01:26Z,46.09936667,12.57406667,703.00,47.638
7289,3,479,5988.809629394832,2872.039976536856,2019-07-15T14:01:27Z,46.09950000,12.57421667,703.00,47.62
7290,3,480,5989.809629394832,2873.039976536856,2019-07-15T14:01:28Z,46.09965000,12.57435000,702.00,47.6
7291,3,481,5990.809629394832,2874.039976536856,2019-07-15T14:01:29Z,46.09980000,12.57448333,701.00,47.581
7292,3,482,5991.809629394832,2875.039976536856,2019-07-15T14:01:30Z,46.09995000,12.57460000,698.00,47.563
7293,3,483,5992.809629394832,2876.039976536856,2019-07-15T14:01:31Z,46.10010000,12.57473333,696.00,47.544
7294,3,484,5993.809629394832,2877.039976536856,2019-07-15T14:01:32Z,46.10025000,12.57485000,694.00,47.526
7295,3,485,5994.809629394832,2878.039976536856,2019-07-15T14:01:33Z,46.10041667,12.57498333,693.00,47.505
7296,3,486,5995.809629394832,2879.039976536856,2019-07-15T14:01:34Z,46.10056667,12.57513333,691.00,47.485
7297,3,487,5996.809629394832,2880.039976536856,2019-07-15T14:01:35Z,46.10071667,12.57526667,690.00,47.466
7298,3,488,5997.809629394832,2881.039976536856,2019-07-15T14:01:36Z,46.10088333,12.57543333,687.00,47.444
7299,3,489,5998.809629394832,2882.039976536856,2019-07-15T14:01:37Z,46.10103333,12.57561667,685.00,47.422
7300,3,490,5999.809629394832,2883.039976536856,2019-07-15T14:01:38Z,46.10120000,12.57580000,683.00,47.399
7301,3,491,6000.809629394832,2884.039976536856,2019-07-15T14:01:39Z,46.10135000,12.57600000,681.00,47.376
7302,3,492,6001.809629394832,2885.039976536856,2019-07-15T14:01:40Z,46.10150000,12.57618333,678.00,47.354
7303,3,493,6002.809629394832,2886.039976536856,2019-07-15T14:01:41Z,46.10163333,12.57636667,678.00,47.334
7304,3,494,6003.809629394832,2887.039976536856,2019-07-15T14:01:42Z,46.10175000,12.57655000,676.00,47.315
7305,3,495,6004.809629394832,2888.039976536856,2019-07-15T14:01:43Z,46.10188333,12.57673333,675.00,47.294
7306,3,496,6005.809629394832,2889.039976536856,2019-07-15T14:01:44Z,46.10198333,12.57690000,674.00,47.277
7307,3,497,6006.809629394832,2890.039976536856,2019-07-15T14:01:45Z,46.10208333,12.57708333,673.00,47.259
7308,3,498,6007.809629394832,2891.039976536856,2019-07-15T14:01:46Z,46.10216667,12.57726667,671.00,47.243
7309,3,499,6008.809629394832,2892.039976536856,2019-07-15T14:01:47Z,46.10226667,12.57745000,669.00,47.225
7310,3,500,6009.809629394832,2893.039976536856,2019-07-15T14:01:48Z,46.10236667,12.57765000,667.00,47.206
7311,3,501,6010.809629394832,2894.039976536856,2019-07-15T14:01:49Z,46.10246667,12.57783333,664.00,47.189
7312,3,502,6011.809629394832,2895.039976536856,2019-07-15T14:01:50Z,46.10256667,12.57803333,663.00,47.17
7313,3,503,6012.809629394832,2896.039976536856,2019-07-15T14:01:51Z,46.10268333,12.57821667,661.00,47.151
7314,3,504,6013.809629394832,2897.039976536856,2019-07-15T14:01:52Z,46.10278333,12.57838333,660.00,47.134
7315,3,505,6014.809629394832,2898.039976536856,2019-07-15T14:01:53Z,46.10290000,12.57856667,659.00,47.115
7316,3,506,6015.809629394832,2899.039976536856,2019-07-15T14:01:54Z,46.10301667,12.57871667,659.00,47.097
7317,3,507,6016.809629394832,2900.039976536856,2019-07-15T14:01:55Z,46.10313333,12.57888333,659.00,47.079
7318,3,508,6017.809629394832,2901.039976536856,2019-07-15T14:01:56Z,46.10323333,12.57905000,658.00,47.062
7319,3,509,6018.809629394832,2902.039976536856,2019-07-15T14:01:57Z,46.10333333,12.57921667,656.00,47.045
7320,3,510,6019.809629394832,2903.039976536856,2019-07-15T14:01:58Z,46.10345000,12.57940000,655.00,47.026
7321,3,511,6020.809629394832,2904.039976536856,2019-07-15T14:01:59Z,46.10355000,12.57960000,652.00,47.007
7322,3,512,6021.809629394832,2905.039976536856,2019-07-15T14:02:00Z,46.10365000,12.57981667,650.00,46.988
7323,3,513,6022.809629394832,2906.039976536856,2019-07-15T14:02:01Z,46.10376667,12.58003333,647.00,46.967
7324,3,514,6023.809629394832,2907.039976536856,2019-07-15T14:02:02Z,46.10386667,12.58023333,646.00,46.948
7325,3,515,6024.809629394832,2908.039976536856,2019-07-15T14:02:03Z,46.10396667,12.58045000,645.00,46.928
7326,3,516,6025.809629394832,2909.039976536856,2019-07-15T14:02:04Z,46.10405000,12.58063333,644.00,46.912
7327,3,517,6026.809629394832,2910.039976536856,2019-07-15T14:02:05Z,46.10411667,12.58083333,644.00,46.896
7328,3,518,6027.809629394832,2911.039976536856,2019-07-15T14:02:06Z,46.10418333,12.58103333,644.00,46.88
7329,3,519,6028.809629394832,2912.039976536856,2019-07-15T14:02:07Z,46.10425000,12.58125000,643.00,46.863
7330,3,520,6029.809629394832,2913.039976536856,2019-07-15T14:02:08Z,46.10431667,12.58146667,640.00,46.846
7331,3,521,6030.809629394832,2914.039976536856,2019-07-15T14:02:09Z,46.10438333,12.58168333,638.00,46.829
7332,3,522,6031.809629394832,2915.039976536856,2019-07-15T14:02:10Z,46.10445000,12.58188333,636.00,46.813
7333,3,523,6032.809629394832,2916.039976536856,2019-07-15T14:02:11Z,46.10455000,12.58208333,635.00,46.794
7334,3,524,6033.809629394832,2917.039976536856,2019-07-15T14:02:12Z,46.10463333,12.58226667,633.00,46.778
7335,3,525,6034.809629394832,2918.039976536856,2019-07-15T14:02:13Z,46.10475000,12.58245000,632.00,46.759
7336,3,526,6035.809629394832,2919.039976536856,2019-07-15T14:02:14Z,46.10488333,12.58261667,630.00,46.739
7337,3,527,6036.809629394832,2920.039976536856,2019-07-15T14:02:15Z,46.10500000,12.58280000,628.00,46.72
7338,3,528,6037.809629394832,2921.039976536856,2019-07-15T14:02:16Z,46.10513333,12.58296667,626.00,46.7
7339,3,529,6038.809629394832,2922.039976536856,2019-07-15T14:02:17Z,46.10526667,12.58313333,624.00,46.681
7340,3,530,6039.809629394832,2923.039976536856,2019-07-15T14:02:18Z,46.10540000,12.58331667,621.00,46.66
7341,3,531,6040.809629394832,2924.039976536856,2019-07-15T14:02:19Z,46.10553333,12.58348333,618.00,46.641
7342,3,532,6041.809629394832,2925.039976536856,2019-07-15T14:02:20Z,46.10565000,12.58366667,617.00,46.622
7343,3,533,6042.809629394832,2926.039976536856,2019-07-15T14:02:21Z,46.10575000,12.58386667,615.00,46.603
7344,3,534,6043.809629394832,2927.039976536856,2019-07-15T14:02:22Z,46.10585000,12.58405000,613.00,46.585
7345,3,535,6044.809629394832,2928.039976536856,2019-07-15T14:02:23Z,46.10595000,12.58426667,611.00,46.566
7346,3,536,6045.809629394832,2929.039976536856,2019-07-15T14:02:24Z,46.10605000,12.58448333,608.00,46.546
7347,3,537,6046.809629394832,2930.039976536856,2019-07-15T14:02:25Z,46.10615000,12.58470000,605.00,46.526
7348,3,538,6047.809629394832,2931.039976536856,2019-07-15T14:02:26Z,46.10626667,12.58493333,602.00,46.505
7349,3,539,6048.809629394832,2932.039976536856,2019-07-15T14:02:27Z,46.10636667,12.58513333,601.00,46.486
7350,3,540,6049.809629394832,2933.039976536856,2019-07-15T14:02:28Z,46.10648333,12.58533333,600.00,46.466
7351,3,541,6050.809629394832,2934.039976536856,2019-07-15T14:02:29Z,46.10660000,12.58550000,598.00,46.448
7352,3,542,6051.809629394832,2935.039976536856,2019-07-15T14:02:30Z,46.10671667,12.58565000,598.00,46.43
7353,3,543,6052.809629394832,2936.039976536856,2019-07-15T14:02:31Z,46.10683333,12.58581667,597.00,46.412
7354,3,544,6053.809629394832,2937.039976536856,2019-07-15T14:02:32Z,46.10696667,12.58596667,594.00,46.393
7355,3,545,6054.809629394832,2938.039976536856,2019-07-15T14:02:33Z,46.10708333,12.58613333,591.00,46.375
7356,3,546,6055.809629394832,2939.039976536856,2019-07-15T14:02:34Z,46.10723333,12.58630000,588.00,46.354
7357,3,547,6056.809629394832,2940.039976536856,2019-07-15T14:02:35Z,46.10736667,12.58648333,584.00,46.334
7358,3,548,6057.809629394832,2941.039976536856,2019-07-15T14:02:36Z,46.10751667,12.58666667,582.00,46.312
7359,3,549,6058.809629394832,2942.039976536856,2019-07-15T14:02:37Z,46.10765000,12.58685000,579.00,46.291
7360,3,550,6059.809629394832,2943.039976536856,2019-07-15T14:02:38Z,46.10778333,12.58701667,577.00,46.272
7361,3,551,6060.809629394832,2944.039976536856,2019-07-15T14:02:39Z,46.10791667,12.58720000,576.00,46.251
7362,3,552,6061.809629394832,2945.039976536856,2019-07-15T14:02:40Z,46.10805000,12.58738333,573.00,46.231
7363,3,553,6062.809629394832,2946.039976536856,2019-07-15T14:02:41Z,46.10820000,12.58756667,570.00,46.209
7364,3,554,6063.809629394832,2947.039976536856,2019-07-15T14:02:42Z,46.10835000,12.58775000,569.00,46.187
7365,3,555,6064.809629394832,2948.039976536856,2019-07-15T14:02:43Z,46.10848333,12.58793333,567.00,46.167
7366,3,556,6065.809629394832,2949.039976536856,2019-07-15T14:02:44Z,46.10861667,12.58810000,566.00,46.147
7367,3,557,6066.809629394832,2950.039976536856,2019-07-15T14:02:45Z,46.10875000,12.58826667,565.00,46.127
7368,3,558,6067.809629394832,2951.039976536856,2019-07-15T14:02:46Z,46.10886667,12.58843333,564.00,46.109
7369,3,559,6068.809629394832,2952.039976536856,2019-07-15T14:02:47Z,46.10896667,12.58860000,563.00,46.092
7370,3,560,6069.809629394832,2953.039976536856,2019-07-15T14:02:48Z,46.10908333,12.58876667,563.00,46.074
7371,3,561,6070.809629394832,2954.039976536856,2019-07-15T14:02:49Z,46.10918333,12.58895000,562.00,46.056
7372,3,562,6071.809629394832,2955.039976536856,2019-07-15T14:02:50Z,46.10928333,12.58915000,560.00,46.038
7373,3,563,6072.809629394832,2956.039976536856,2019-07-15T14:02:51Z,46.10938333,12.58936667,557.00,46.018
7374,3,564,6073.809629394832,2957.039976536856,2019-07-15T14:02:52Z,46.10948333,12.58960000,555.00,45.998
7375,3,565,6074.809629394832,2958.039976536856,2019-07-15T14:02:53Z,46.10958333,12.58985000,552.00,45.976
7376,3,566,6075.809629394832,2959.039976536856,2019-07-15T14:02:54Z,46.10968333,12.59010000,548.00,45.955
7377,3,567,6076.809629394832,2960.039976536856,2019-07-15T14:02:55Z,46.10978333,12.59035000,545.00,45.934
7378,3,568,6077.809629394832,2961.039976536856,2019-07-15T14:02:56Z,46.10988333,12.59060000,543.00,45.912
7379,3,569,6078.809629394832,2962.039976536856,2019-07-15T14:02:57Z,46.11000000,12.59085000,542.00,45.89
7380,3,570,6079.809629394832,2963.039976536856,2019-07-15T14:02:58Z,46.11010000,12.59106667,544.00,45.87
7381,3,571,6080.809629394832,2964.039976536856,2019-07-15T14:02:59Z,46.11020000,12.59130000,543.00,45.85
7382,3,572,6081.809629394832,2965.039976536856,2019-07-15T14:03:00Z,46.11030000,12.59151667,541.00,45.83
7383,3,573,6082.809629394832,2966.039976536856,2019-07-15T14:03:01Z,46.11040000,12.59175000,540.00,45.81
7384,3,574,6083.809629394832,2967.039976536856,2019-07-15T14:03:02Z,46.11051667,12.59198333,537.00,45.788
7385,3,575,6084.809629394832,2968.039976536856,2019-07-15T14:03:03Z,46.11061667,12.59223333,534.00,45.767
7386,3,576,6085.809629394832,2969.039976536856,2019-07-15T14:03:04Z,46.11071667,12.59248333,532.00,45.746
7387,3,577,6086.809629394832,2970.039976536856,2019-07-15T14:03:05Z,46.11080000,12.59271667,531.00,45.726
7388,3,578,6087.809629394832,2971.039976536856,2019-07-15T14:03:06Z,46.11090000,12.59293333,530.00,45.707
7389,3,579,6088.809629394832,2972.039976536856,2019-07-15T14:03:07Z,46.11098333,12.59316667,529.00,45.688
7390,3,580,6089.809629394832,2973.039976536856,2019-07-15T14:03:08Z,46.11106667,12.59338333,529.00,45.67
7391,3,581,6090.809629394832,2974.039976536856,2019-07-15T14:03:09Z,46.11113333,12.59360000,528.00,45.653
7392,3,582,6091.809629394832,2975.039976536856,2019-07-15T14:03:10Z,46.11121667,12.59383333,526.00,45.634
7393,3,583,6092.809629394832,2976.039976536856,2019-07-15T14:03:11Z,46.11130000,12.59406667,524.00,45.615
7394,3,584,6093.809629394832,2977.039976536856,2019-07-15T14:03:12Z,46.11136667,12.59431667,521.00,45.597
7395,3,585,6094.809629394832,2978.039976536856,2019-07-15T14:03:13Z,46.11145000,12.59456667,518.00,45.577
7396,3,586,6095.809629394832,2979.039976536856,2019-07-15T14:03:14Z,46.11155000,12.59481667,515.00,45.556
7397,3,587,6096.809629394832,2980.039976536856,2019-07-15T14:03:15Z,46.11163333,12.59506667,513.00,45.536
7398,3,588,6097.809629394832,2981.039976536856,2019-07-15T14:03:16Z,46.11171667,12.59530000,511.00,45.517
7399,3,589,6098.809629394832,2982.039976536856,2019-07-15T14:03:17Z,46.11181667,12.59553333,510.00,45.496
7400,3,590,6099.809629394832,2983.039976536856,2019-07-15T14:03:18Z,46.11191667,12.59576667,509.00,45.476
7401,3,591,6100.809629394832,2984.039976536856,2019-07-15T14:03:19Z,46.11200000,12.59600000,507.00,45.457
7402,3,592,6101.809629394832,2985.039976536856,2019-07-15T14:03:20Z,46.11210000,12.59623333,505.00,45.437
7403,3,593,6102.809629394832,2986.039976536856,2019-07-15T14:03:21Z,46.11218333,12.59646667,503.00,45.418
7404,3,594,6103.809629394832,2987.039976536856,2019-07-15T14:03:22Z,46.11225000,12.59670000,501.00,45.4
7405,3,595,6104.809629394832,2988.039976536856,2019-07-15T14:03:23Z,46.11233333,12.59695000,501.00,45.381
7406,3,596,6105.809629394832,2989.039976536856,2019-07-15T14:03:24Z,46.11240000,12.59718333,499.00,45.363
7407,3,597,6106.809629394832,2990.039976536856,2019-07-15T14:03:25Z,46.11246667,12.59745000,496.00,45.344
7408,3,598,6107.809629394832,2991.039976536856,2019-07-15T14:03:26Z,46.11251667,12.59771667,493.00,45.326
7409,3,599,6108.809629394832,2992.039976536856,2019-07-15T14:03:27Z,46.11256667,12.59798333,491.00,45.308
7410,3,600,6109.809629394832,2993.039976536856,2019-07-15T14:03:28Z,46.11260000,12.59825000,489.00,45.292
7411,3,601,6110.809629394832,2994.039976536856,2019-07-15T14:03:29Z,46.11263333,12.59851667,489.00,45.275
7412,3,602,6111.809629394832,2995.039976536856,2019-07-15T14:03:30Z,46.11265000,12.59878333,488.00,45.26
7413,3,603,6112.809629394832,2996.039976536856,2019-07-15T14:03:31Z,46.11265000,12.59903333,487.00,45.248
7414,3,604,6113.809629394832,2997.039976536856,2019-07-15T14:03:32Z,46.11266667,12.59928333,486.00,45.234
7415,3,605,6114.809629394832,2998.039976536856,2019-07-15T14:03:33Z,46.11266667,12.59953333,484.00,45.221
7416,3,606,6115.809629394832,2999.039976536856,2019-07-15T14:03:34Z,46.11268333,12.59978333,481.00,45.207
7417,3,607,6116.809629394832,3000.039976536856,2019-07-15T14:03:35Z,46.11270000,12.60003333,480.00,45.193
7418,3,608,6117.809629394832,3001.039976536856,2019-07-15T14:03:36Z,46.11271667,12.60030000,479.00,45.178
7419,3,609,6118.809629394832,3002.039976536856,2019-07-15T14:03:37Z,46.11273333,12.60055000,477.00,45.164
7420,3,610,6119.809629394832,3003.039976536856,2019-07-15T14:03:38Z,46.11276667,12.60080000,475.00,45.149
7421,3,611,6120.809629394832,3004.039976536856,2019-07-15T14:03:39Z,46.11280000,12.60103333,474.00,45.134
7422,3,612,6121.809629394832,3005.039976536856,2019-07-15T14:03:40Z,46.11283333,12.60126667,474.00,45.12
7423,3,613,6122.809629394832,3006.039976536856,2019-07-15T14:03:41Z,46.11290000,12.60150000,474.00,45.103
7424,3,614,6123.809629394832,3007.039976536856,2019-07-15T14:03:42Z,46.11295000,12.60171667,472.00,45.088
7425,3,615,6124.809629394832,3008.039976536856,2019-07-15T14:03:43Z,46.11300000,12.60193333,470.00,45.072
7426,3,616,6125.809629394832,3009.039976536856,2019-07-15T14:03:44Z,46.11306667,12.60215000,467.00,45.056
7427,3,617,6126.809629394832,3010.039976536856,2019-07-15T14:03:45Z,46.11311667,12.60240000,465.00,45.039
7428,3,618,6127.809629394832,3011.039976536856,2019-07-15T14:03:46Z,46.11318333,12.60265000,462.00,45.021
7429,3,619,6128.809629394832,3012.039976536856,2019-07-15T14:03:47Z,46.11323333,12.60291667,458.00,45.004
7430,3,620,6129.809629394832,3013.039976536856,2019-07-15T14:03:48Z,46.11328333,12.60318333,457.00,44.987
7431,3,621,6130.809629394832,3014.039976536856,2019-07-15T14:03:49Z,46.11331667,12.60345000,455.00,44.971
7432,3,622,6131.809629394832,3015.039976536856,2019-07-15T14:03:50Z,46.11335000,12.60371667,455.00,44.955
7433,3,623,6132.809629394832,3016.039976536856,2019-07-15T14:03:51Z,46.11338333,12.60400000,454.00,44.938
7434,3,624,6133.809629394832,3017.039976536856,2019-07-15T14:03:52Z,46.11341667,12.60426667,451.00,44.922
7435,3,625,6134.809629394832,3018.039976536856,2019-07-15T14:03:53Z,46.11343333,12.60455000,449.00,44.907
7436,3,626,6135.809629394832,3019.039976536856,2019-07-15T14:03:54Z,46.11346667,12.60483333,447.00,44.89
7437,3,627,6136.809629394832,3020.039976536856,2019-07-15T14:03:55Z,46.11350000,12.60510000,447.00,44.874
7438,3,628,6137.809629394832,3021.039976536856,2019-07-15T14:03:56Z,46.11351667,12.60536667,447.00,44.86
7439,3,629,6138.809629394832,3022.039976536856,2019-07-15T14:03:57Z,46.11355000,12.60563333,449.00,44.844
7440,3,630,6139.809629394832,3023.039976536856,2019-07-15T14:03:58Z,46.11356667,12.60588333,450.00,44.831
7441,3,631,6140.809629394832,3024.039976536856,2019-07-15T14:03:59Z,46.11358333,12.60613333,451.00,44.817
7442,3,632,6141.809629394832,3025.039976536856,2019-07-15T14:04:00Z,46.11358333,12.60638333,452.00,44.805
7443,3,633,6142.809629394832,3026.039976536856,2019-07-15T14:04:01Z,46.11358333,12.60663333,452.00,44.793
7444,3,634,6143.809629394832,3027.039976536856,2019-07-15T14:04:02Z,46.11358333,12.60686667,452.00,44.782
7445,3,635,6144.809629394832,3028.039976536856,2019-07-15T14:04:03Z,46.11360000,12.60710000,453.00,44.77
7446,3,636,6145.809629394832,3029.039976536856,2019-07-15T14:04:04Z,46.11363333,12.60730000,454.00,44.757
7447,3,637,6146.809629394832,3030.039976536856,2019-07-15T14:04:05Z,46.11370000,12.60750000,454.00,44.742
7448,3,638,6147.809629394832,3031.039976536856,2019-07-15T14:04:06Z,46.11381667,12.60770000,453.00,44.722
7449,3,639,6148.809629394832,3032.039976536856,2019-07-15T14:04:07Z,46.11393333,12.60786667,451.00,44.704
7450,3,640,6149.809629394832,3033.039976536856,2019-07-15T14:04:08Z,46.11406667,12.60805000,449.00,44.684
7451,3,641,6150.809629394832,3034.039976536856,2019-07-15T14:04:09Z,46.11418333,12.60821667,449.00,44.666
7452,3,642,6151.809629394832,3035.039976536856,2019-07-15T14:04:10Z,46.11430000,12.60840000,448.00,44.647
7453,3,643,6152.809629394832,3036.039976536856,2019-07-15T14:04:11Z,46.11438333,12.60858333,447.00,44.631
7454,3,644,6153.809629394832,3037.039976536856,2019-07-15T14:04:12Z,46.11446667,12.60876667,447.00,44.615
7455,3,645,6154.809629394832,3038.039976536856,2019-07-15T14:04:13Z,46.11455000,12.60896667,447.00,44.598
7456,3,646,6155.809629394832,3039.039976536856,2019-07-15T14:04:14Z,46.11461667,12.60916667,445.00,44.583
7457,3,647,6156.809629394832,3040.039976536856,2019-07-15T14:04:15Z,46.11466667,12.60940000,444.00,44.568
7458,3,648,6157.809629394832,3041.039976536856,2019-07-15T14:04:16Z,46.11471667,12.60963333,442.00,44.552
7459,3,649,6158.809629394832,3042.039976536856,2019-07-15T14:04:17Z,46.11475000,12.60988333,440.00,44.538
7460,3,650,6159.809629394832,3043.039976536856,2019-07-15T14:04:18Z,46.11476667,12.61011667,439.00,44.525
7461,3,651,6160.809629394832,3044.039976536856,2019-07-15T14:04:19Z,46.11478333,12.61033333,440.00,44.514
7462,3,652,6161.809629394832,3045.039976536856,2019-07-15T14:04:20Z,46.11476667,12.61053333,440.00,44.506
7463,3,653,6162.809629394832,3046.039976536856,2019-07-15T14:04:21Z,46.11473333,12.61073333,437.00,44.5
7464,3,654,6163.809629394832,3047.039976536856,2019-07-15T14:04:22Z,46.11468333,12.61095000,436.00,44.494
7465,3,655,6164.809629394832,3048.039976536856,2019-07-15T14:04:23Z,46.11463333,12.61116667,434.00,44.489
7466,3,656,6165.809629394832,3049.039976536856,2019-07-15T14:04:24Z,46.11456667,12.61138333,432.00,44.485
7467,3,657,6166.809629394832,3050.039976536856,2019-07-15T14:04:25Z,46.11451667,12.61160000,431.00,44.48
7468,3,658,6167.809629394832,3051.039976536856,2019-07-15T14:04:26Z,46.11448333,12.61181667,430.00,44.473
7469,3,659,6168.809629394832,3052.039976536856,2019-07-15T14:04:27Z,46.11445000,12.61201667,430.00,44.467
7470,3,660,6169.809629394832,3053.039976536856,2019-07-15T14:04:28Z,46.11440000,12.61223333,428.00,44.462
7471,3,661,6170.809629394832,3054.039976536856,2019-07-15T14:04:29Z,46.11436667,12.61245000,428.00,44.455
7472,3,662,6171.809629394832,3055.039976536856,2019-07-15T14:04:30Z,46.11433333,12.61268333,427.00,44.447
7473,3,663,6172.809629394832,3056.039976536856,2019-07-15T14:04:31Z,46.11430000,12.61291667,425.00,44.44
7474,3,664,6173.809629394832,3057.039976536856,2019-07-15T14:04:32Z,46.11428333,12.61316667,425.00,44.431
7475,3,665,6174.809629394832,3058.039976536856,2019-07-15T14:04:33Z,46.11428333,12.61340000,423.00,44.42
7476,3,666,6175.809629394832,3059.039976536856,2019-07-15T14:04:34Z,46.11428333,12.61365000,422.00,44.409
7477,3,667,6176.809629394832,3060.039976536856,2019-07-15T14:04:35Z,46.11428333,12.61388333,421.00,44.399
7478,3,668,6177.809629394832,3061.039976536856,2019-07-15T14:04:36Z,46.11428333,12.61411667,420.00,44.389
7479,3,669,6178.809629394832,3062.039976536856,2019-07-15T14:04:37Z,46.11425000,12.61435000,418.00,44.382
7480,3,670,6179.809629394832,3063.039976536856,2019-07-15T14:04:38Z,46.11421667,12.61458333,416.00,44.375
7481,3,671,6180.809629394832,3064.039976536856,2019-07-15T14:04:39Z,46.11418333,12.61480000,415.00,44.368
7482,3,672,6181.809629394832,3065.039976536856,2019-07-15T14:04:40Z,46.11413333,12.61503333,414.00,44.363
7483,3,673,6182.809629394832,3066.039976536856,2019-07-15T14:04:41Z,46.11410000,12.61526667,412.00,44.356
7484,3,674,6183.809629394832,3067.039976536856,2019-07-15T14:04:42Z,46.11405000,12.61550000,412.00,44.35
7485,3,675,6184.809629394832,3068.039976536856,2019-07-15T14:04:43Z,46.11401667,12.61571667,412.00,44.344
7486,3,676,6185.809629394832,3069.039976536856,2019-07-15T14:04:44Z,46.11398333,12.61591667,413.00,44.339
7487,3,677,6186.809629394832,3070.039976536856,2019-07-15T14:04:45Z,46.11395000,12.61611667,414.00,44.333
7488,3,678,6187.809629394832,3071.039976536856,2019-07-15T14:04:46Z,46.11391667,12.61630000,414.00,44.329
7489,3,679,6188.809629394832,3072.039976536856,2019-07-15T14:04:47Z,46.11388333,12.61648333,414.00,44.324
7490,3,680,6189.809629394832,3073.039976536856,2019-07-15T14:04:48Z,46.11385000,12.61668333,414.00,44.319
7491,3,681,6190.809629394832,3074.039976536856,2019-07-15T14:04:49Z,46.11381667,12.61686667,415.00,44.314
7492,3,682,6191.809629394832,3075.039976536856,2019-07-15T14:04:50Z,46.11380000,12.61706667,415.00,44.307
7493,3,683,6192.809629394832,3076.039976536856,2019-07-15T14:04:51Z,46.11378333,12.61728333,416.00,44.3
7494,3,684,6193.809629394832,3077.039976536856,2019-07-15T14:04:52Z,46.11376667,12.61750000,414.00,44.293
7495,3,685,6194.809629394832,3078.039976536856,2019-07-15T14:04:53Z,46.11375000,12.61771667,412.00,44.285
7496,3,686,6195.809629394832,3079.039976536856,2019-07-15T14:04:54Z,46.11371667,12.61793333,411.00,44.279
7497,3,687,6196.809629394832,3080.039976536856,2019-07-15T14:04:55Z,46.11368333,12.61813333,411.00,44.274
7498,3,688,6197.809629394832,3081.039976536856,2019-07-15T14:04:56Z,46.11365000,12.61833333,411.00,44.269
7499,3,689,6198.809629394832,3082.039976536856,2019-07-15T14:04:57Z,46.11363333,12.61853333,412.00,44.263
7500,3,690,6199.809629394832,3083.039976536856,2019-07-15T14:04:58Z,46.11361667,12.61875000,412.00,44.255
7501,3,691,6200.809629394832,3084.039976536856,2019-07-15T14:04:59Z,46.11358333,12.61895000,411.00,44.251
7502,3,692,6201.809629394832,3085.039976536856,2019-07-15T14:05:00Z,46.11353333,12.61915000,411.00,44.247
7503,3,693,6202.809629394832,3086.039976536856,2019-07-15T14:05:01Z,46.11350000,12.61935000,410.00,44.242
7504,3,694,6203.809629394832,3087.039976536856,2019-07-15T14:05:02Z,46.11345000,12.61956667,410.00,44.238
7505,3,695,6204.809629394832,3088.039976536856,2019-07-15T14:05:03Z,46.11340000,12.61975000,409.00,44.236
7506,3,696,6205.809629394832,3089.039976536856,2019-07-15T14:05:04Z,46.11336667,12.61995000,408.00,44.231
7507,3,697,6206.809629394832,3090.039976536856,2019-07-15T14:05:05Z,46.11333333,12.62015000,408.00,44.226
7508,3,698,6207.809629394832,3091.039976536856,2019-07-15T14:05:06Z,46.11330000,12.62036667,408.00,44.221
7509,3,699,6208.809629394832,3092.039976536856,2019-07-15T14:05:07Z,46.11326667,12.62056667,407.00,44.217
7510,3,700,6209.809629394832,3093.039976536856,2019-07-15T14:05:08Z,46.11325000,12.62078333,406.00,44.21
7511,3,701,6210.809629394832,3094.039976536856,2019-07-15T14:05:09Z,46.11325000,12.62098333,406.00,44.202
7512,3,702,6211.809629394832,3095.039976536856,2019-07-15T14:05:10Z,46.11323333,12.62118333,405.00,44.196
7513,3,703,6212.809629394832,3096.039976536856,2019-07-15T14:05:11Z,46.11323333,12.62140000,404.00,44.187
7514,3,704,6213.809629394832,3097.039976536856,2019-07-15T14:05:12Z,46.11323333,12.62161667,403.00,44.179
7515,3,705,6214.809629394832,3098.039976536856,2019-07-15T14:05:13Z,46.11323333,12.62185000,400.00,44.17
7516,3,706,6215.809629394832,3099.039976536856,2019-07-15T14:05:14Z,46.11323333,12.62210000,399.00,44.161
7517,3,707,6216.809629394832,3100.039976536856,2019-07-15T14:05:15Z,46.11323333,12.62235000,397.00,44.151
7518,3,708,6217.809629394832,3101.039976536856,2019-07-15T14:05:16Z,46.11323333,12.62260000,396.00,44.142
7519,3,709,6218.809629394832,3102.039976536856,2019-07-15T14:05:17Z,46.11325000,12.62283333,397.00,44.131
7520,3,710,6219.809629394832,3103.039976536856,2019-07-15T14:05:18Z,46.11328333,12.62305000,397.00,44.12
7521,3,711,6220.809629394832,3104.039976536856,2019-07-15T14:05:19Z,46.11331667,12.62326667,398.00,44.109
7522,3,712,6221.809629394832,3105.039976536856,2019-07-15T14:05:20Z,46.11336667,12.62346667,397.00,44.097
7523,3,713,6222.809629394832,3106.039976536856,2019-07-15T14:05:21Z,46.11343333,12.62366667,396.00,44.083
7524,3,714,6223.809629394832,3107.039976536856,2019-07-15T14:05:22Z,46.11351667,12.62388333,393.00,44.067
7525,3,715,6224.809629394832,3108.039976536856,2019-07-15T14:05:23Z,46.11361667,12.62411667,390.00,44.048
7526,3,716,6225.809629394832,3109.039976536856,2019-07-15T14:05:24Z,46.11371667,12.62433333,387.00,44.03
7527,3,717,6226.809629394832,3110.039976536856,2019-07-15T14:05:25Z,46.11383333,12.62455000,385.00,44.011
7528,3,718,6227.809629394832,3111.039976536856,2019-07-15T14:05:26Z,46.11393333,12.62476667,385.00,43.993
7529,3,719,6228.809629394832,3112.039976536856,2019-07-15T14:05:27Z,46.11405000,12.62496667,386.00,43.975
7530,3,720,6229.809629394832,3113.039976536856,2019-07-15T14:05:28Z,46.11413333,12.62516667,386.00,43.959
7531,3,721,6230.809629394832,3114.039976536856,2019-07-15T14:05:29Z,46.11421667,12.62536667,386.00,43.944
7532,3,722,6231.809629394832,3115.039976536856,2019-07-15T14:05:30Z,46.11430000,12.62558333,386.00,43.928
7533,3,723,6232.809629394832,3116.039976536856,2019-07-15T14:05:31Z,46.11438333,12.62578333,386.00,43.912
7534,3,724,6233.809629394832,3117.039976536856,2019-07-15T14:05:32Z,46.11445000,12.62598333,385.00,43.899
7535,3,725,6234.809629394832,3118.039976536856,2019-07-15T14:05:33Z,46.11453333,12.62620000,385.00,43.883
7536,3,726,6235.809629394832,3119.039976536856,2019-07-15T14:05:34Z,46.11461667,12.62643333,383.00,43.866
7537,3,727,6236.809629394832,3120.039976536856,2019-07-15T14:05:35Z,46.11471667,12.62665000,382.00,43.849
7538,3,728,6237.809629394832,3121.039976536856,2019-07-15T14:05:36Z,46.11481667,12.62686667,380.00,43.831
7539,3,729,6238.809629394832,3122.039976536856,2019-07-15T14:05:37Z,46.11491667,12.62706667,378.00,43.814
7540,3,730,6239.809629394832,3123.039976536856,2019-07-15T14:05:38Z,46.11500000,12.62726667,377.00,43.799
7541,3,731,6240.809629394832,3124.039976536856,2019-07-15T14:05:39Z,46.11510000,12.62746667,376.00,43.782
7542,3,732,6241.809629394832,3125.039976536856,2019-07-15T14:05:40Z,46.11518333,12.62765000,375.00,43.767
7543,3,733,6242.809629394832,3126.039976536856,2019-07-15T14:05:41Z,46.11528333,12.62785000,374.00,43.751
7544,3,734,6243.809629394832,3127.039976536856,2019-07-15T14:05:42Z,46.11538333,12.62805000,372.00,43.734
7545,3,735,6244.809629394832,3128.039976536856,2019-07-15T14:05:43Z,46.11548333,12.62826667,370.00,43.716
7546,3,736,6245.809629394832,3129.039976536856,2019-07-15T14:05:44Z,46.11558333,12.62848333,367.00,43.699
7547,3,737,6246.809629394832,3130.039976536856,2019-07-15T14:05:45Z,46.11570000,12.62871667,365.00,43.679
7548,3,738,6247.809629394832,3131.039976536856,2019-07-15T14:05:46Z,46.11580000,12.62893333,363.00,43.662
7549,3,739,6248.809629394832,3132.039976536856,2019-07-15T14:05:47Z,46.11590000,12.62915000,362.00,43.644
7550,3,740,6249.809629394832,3133.039976536856,2019-07-15T14:05:48Z,46.11601667,12.62935000,362.00,43.626
7551,3,741,6250.809629394832,3134.039976536856,2019-07-15T14:05:49Z,46.11611667,12.62955000,361.00,43.609
7552,3,742,6251.809629394832,3135.039976536856,2019-07-15T14:05:50Z,46.11621667,12.62973333,360.00,43.593
7553,3,743,6252.809629394832,3136.039976536856,2019-07-15T14:05:51Z,46.11633333,12.62993333,357.00,43.575
7554,3,744,6253.809629394832,3137.039976536856,2019-07-15T14:05:52Z,46.11645000,12.63015000,354.00,43.556
7555,3,745,6254.809629394832,3138.039976536856,2019-07-15T14:05:53Z,46.11656667,12.63036667,350.00,43.537
7556,3,746,6255.809629394832,3139.039976536856,2019-07-15T14:05:54Z,46.11668333,12.63060000,348.00,43.517
7557,3,747,6256.809629394832,3140.039976536856,2019-07-15T14:05:55Z,46.11676667,12.63083333,347.00,43.501
7558,3,748,6257.809629394832,3141.039976536856,2019-07-15T14:05:56Z,46.11683333,12.63105000,348.00,43.487
7559,3,749,6258.809629394832,3142.039976536856,2019-07-15T14:05:57Z,46.11688333,12.63126667,349.00,43.475
7560,3,750,6259.809629394832,3143.039976536856,2019-07-15T14:05:58Z,46.11691667,12.63148333,348.00,43.464
7561,3,751,6260.809629394832,3144.039976536856,2019-07-15T14:05:59Z,46.11693333,12.63170000,347.00,43.455
7562,3,752,6261.809629394832,3145.039976536856,2019-07-15T14:06:00Z,46.11695000,12.63191667,346.00,43.447
7563,3,753,6262.809629394832,3146.039976536856,2019-07-15T14:06:01Z,46.11698333,12.63213333,344.00,43.436
7564,3,754,6263.809629394832,3147.039976536856,2019-07-15T14:06:02Z,46.11701667,12.63236667,343.00,43.425
7565,3,755,6264.809629394832,3148.039976536856,2019-07-15T14:06:03Z,46.11708333,12.63258333,341.00,43.412
7566,3,756,6265.809629394832,3149.039976536856,2019-07-15T14:06:04Z,46.11715000,12.63280000,340.00,43.398
7567,3,757,6266.809629394832,3150.039976536856,2019-07-15T14:06:05Z,46.11721667,12.63300000,339.00,43.385
7568,3,758,6267.809629394832,3151.039976536856,2019-07-15T14:06:06Z,46.11730000,12.63321667,339.00,43.369
7569,3,759,6268.809629394832,3152.039976536856,2019-07-15T14:06:07Z,46.11736667,12.63341667,338.00,43.356
7570,3,760,6269.809629394832,3153.039976536856,2019-07-15T14:06:08Z,46.11743333,12.63363333,337.00,43.343
7571,3,761,6270.809629394832,3154.039976536856,2019-07-15T14:06:09Z,46.11750000,12.63385000,335.00,43.329
7572,3,762,6271.809629394832,3155.039976536856,2019-07-15T14:06:10Z,46.11755000,12.63406667,332.00,43.317
7573,3,763,6272.809629394832,3156.039976536856,2019-07-15T14:06:11Z,46.11761667,12.63430000,331.00,43.303
7574,3,764,6273.809629394832,3157.039976536856,2019-07-15T14:06:12Z,46.11768333,12.63451667,329.00,43.29
7575,3,765,6274.809629394832,3158.039976536856,2019-07-15T14:06:13Z,46.11773333,12.63475000,328.00,43.278
7576,3,766,6275.809629394832,3159.039976536856,2019-07-15T14:06:14Z,46.11778333,12.63496667,326.00,43.266
7577,3,767,6276.809629394832,3160.039976536856,2019-07-15T14:06:15Z,46.11785000,12.63516667,327.00,43.253
7578,3,768,6277.809629394832,3161.039976536856,2019-07-15T14:06:16Z,46.11790000,12.63538333,326.00,43.241
7579,3,769,6278.809629394832,3162.039976536856,2019-07-15T14:06:17Z,46.11795000,12.63558333,326.00,43.23
7580,3,770,6279.809629394832,3163.039976536856,2019-07-15T14:06:18Z,46.11800000,12.63576667,327.00,43.22
7581,3,771,6280.809629394832,3164.039976536856,2019-07-15T14:06:19Z,46.11805000,12.63595000,327.00,43.209
7582,3,772,6281.809629394832,3165.039976536856,2019-07-15T14:06:20Z,46.11811667,12.63613333,326.00,43.197
7583,3,773,6282.809629394832,3166.039976536856,2019-07-15T14:06:21Z,46.11816667,12.63631667,325.00,43.186
7584,3,774,6283.809629394832,3167.039976536856,2019-07-15T14:06:22Z,46.11821667,12.63651667,323.00,43.175
7585,3,775,6284.809629394832,3168.039976536856,2019-07-15T14:06:23Z,46.11826667,12.63671667,322.00,43.164
7586,3,776,6285.809629394832,3169.039976536856,2019-07-15T14:06:24Z,46.11831667,12.63693333,321.00,43.153
7587,3,777,6286.809629394832,3170.039976536856,2019-07-15T14:06:25Z,46.11836667,12.63713333,320.00,43.142
7588,3,778,6287.809629394832,3171.039976536856,2019-07-15T14:06:26Z,46.11841667,12.63733333,320.00,43.131
7589,3,779,6288.809629394832,3172.039976536856,2019-07-15T14:06:27Z,46.11846667,12.63753333,320.00,43.12
7590,3,780,6289.809629394832,3173.039976536856,2019-07-15T14:06:28Z,46.11851667,12.63773333,320.00,43.109
7591,3,781,6290.809629394832,3174.039976536856,2019-07-15T14:06:29Z,46.11855000,12.63793333,320.00,43.1
7592,3,782,6291.809629394832,3175.039976536856,2019-07-15T14:06:30Z,46.11858333,12.63811667,320.00,43.092
7593,3,783,6292.809629394832,3176.039976536856,2019-07-15T14:06:31Z,46.11861667,12.63831667,320.00,43.083
7594,3,784,6293.809629394832,3177.039976536856,2019-07-15T14:06:32Z,46.11863333,12.63850000,320.00,43.076
7595,3,785,6294.809629394832,3178.039976536856,2019-07-15T14:06:33Z,46.11865000,12.63870000,319.00,43.069
7596,3,786,6295.809629394832,3179.039976536856,2019-07-15T14:06:34Z,46.11863333,12.63886667,320.00,43.066
7597,3,787,6296.809629394832,3180.039976536856,2019-07-15T14:06:35Z,46.11861667,12.63905000,320.00,43.063
7598,3,788,6297.809629394832,3181.039976536856,2019-07-15T14:06:36Z,46.11856667,12.63920000,319.00,43.064
7599,3,789,6298.809629394832,3182.039976536856,2019-07-15T14:06:37Z,46.11851667,12.63935000,317.00,43.065
7600,3,790,6299.809629394832,3183.039976536856,2019-07-15T14:06:38Z,46.11843333,12.63948333,315.00,43.07
7601,3,791,6300.809629394832,3184.039976536856,2019-07-15T14:06:39Z,46.11836667,12.63960000,313.00,43.074
7602,3,792,6301.809629394832,3185.039976536856,2019-07-15T14:06:40Z,46.11828333,12.63973333,312.00,43.079
7603,3,793,6302.809629394832,3186.039976536856,2019-07-15T14:06:41Z,46.11823333,12.63986667,311.00,43.081
7604,3,794,6303.809629394832,3187.039976536856,2019-07-15T14:06:42Z,46.11820000,12.64001667,309.00,43.081
7605,3,795,6304.809629394832,3188.039976536856,2019-07-15T14:06:43Z,46.11818333,12.64018333,311.00,43.078
7606,3,796,6305.809629394832,3189.039976536856,2019-07-15T14:06:44Z,46.11820000,12.64036667,304.00,43.072
7607,3,797,6306.809629394832,3190.039976536856,2019-07-15T14:06:45Z,46.11825000,12.64056667,306.00,43.062
7608,3,798,6307.809629394832,3191.039976536856,2019-07-15T14:06:46Z,46.11831667,12.64075000,306.00,43.05
7609,3,799,6308.809629394832,3192.039976536856,2019-07-15T14:06:47Z,46.11838333,12.64095000,303.00,43.038
7610,3,800,6309.809629394832,3193.039976536856,2019-07-15T14:06:48Z,46.11845000,12.64113333,302.00,43.026
7611,3,801,6310.809629394832,3194.039976536856,2019-07-15T14:06:49Z,46.11853333,12.64130000,296.00,43.014
7612,3,802,6311.809629394832,3195.039976536856,2019-07-15T14:06:50Z,46.11860000,12.64148333,299.00,43.002
7613,3,803,6312.809629394832,3196.039976536856,2019-07-15T14:06:51Z,46.11868333,12.64165000,300.00,42.989
7614,3,804,6313.809629394832,3197.039976536856,2019-07-15T14:06:52Z,46.11878333,12.64181667,297.00,42.974
7615,3,805,6314.809629394832,3198.039976536856,2019-07-15T14:06:53Z,46.11888333,12.64195000,295.00,42.961
7616,3,806,6315.809629394832,3199.039976536856,2019-07-15T14:06:54Z,46.11898333,12.64208333,297.00,42.947
7617,3,807,6316.809629394832,3200.039976536856,2019-07-15T14:06:55Z,46.11908333,12.64220000,294.00,42.933
7618,3,808,6317.809629394832,3201.039976536856,2019-07-15T14:06:56Z,46.11918333,12.64231667,293.00,42.92
7619,3,809,6318.809629394832,3202.039976536856,2019-07-15T14:06:57Z,46.11930000,12.64245000,296.00,42.904
7620,3,810,6319.809629394832,3203.039976536856,2019-07-15T14:06:58Z,46.11938333,12.64260000,293.00,42.892
7621,3,811,6320.809629394832,3204.039976536856,2019-07-15T14:06:59Z,46.11946667,12.64276667,293.00,42.879
7622,3,812,6321.809629394832,3205.039976536856,2019-07-15T14:07:00Z,46.11951667,12.64296667,295.00,42.869
7623,3,813,6322.809629394832,3206.039976536856,2019-07-15T14:07:01Z,46.11951667,12.64315000,293.00,42.865
7624,3,814,6323.809629394832,3207.039976536856,2019-07-15T14:07:02Z,46.11948333,12.64335000,289.00,42.864
7625,3,815,6324.809629394832,3208.039976536856,2019-07-15T14:07:03Z,46.11941667,12.64351667,286.00,42.867
7626,3,816,6325.809629394832,3209.039976536856,2019-07-15T14:07:04Z,46.11933333,12.64368333,284.00,42.872
7627,3,817,6326.809629394832,3210.039976536856,2019-07-15T14:07:05Z,46.11925000,12.64381667,284.00,42.878
7628,3,818,6327.809629394832,3211.039976536856,2019-07-15T14:07:06Z,46.11918333,12.64393333,284.00,42.882
7629,3,819,6328.809629394832,3212.039976536856,2019-07-15T14:07:07Z,46.11910000,12.64405000,285.00,42.888
7630,3,820,6329.809629394832,3213.039976536856,2019-07-15T14:07:08Z,46.11903333,12.64416667,282.00,42.893
7631,3,821,6330.809629394832,3214.039976536856,2019-07-15T14:07:09Z,46.11895000,12.64426667,283.00,42.899
7632,3,822,6331.809629394832,3215.039976536856,2019-07-15T14:07:10Z,46.11886667,12.64435000,280.00,42.907
7633,3,823,6332.809629394832,3216.039976536856,2019-07-15T14:07:11Z,46.11876667,12.64440000,277.00,42.916
7634,3,824,6333.809629394832,3217.039976536856,2019-07-15T14:07:12Z,46.11866667,12.64440000,276.00,42.927
7635,3,825,6334.809629394832,3218.039976536856,2019-07-15T14:07:13Z,46.11858333,12.64436667,273.00,42.936
7636,3,826,6335.809629394832,3219.039976536856,2019-07-15T14:07:14Z,46.11848333,12.64433333,270.00,42.948
7637,3,827,6336.809629394832,3220.039976536856,2019-07-15T14:07:15Z,46.11838333,12.64426667,269.00,42.96
7638,3,828,6337.809629394832,3221.039976536856,2019-07-15T14:07:16Z,46.11828333,12.64420000,267.00,42.972
7639,3,829,6338.809629394832,3222.039976536856,2019-07-15T14:07:17Z,46.11821667,12.64411667,267.00,42.981
7640,3,830,6339.809629394832,3223.039976536856,2019-07-15T14:07:18Z,46.11818333,12.64398333,266.00,42.987
7641,3,831,6340.809629394832,3224.039976536856,2019-07-15T14:07:19Z,46.11815000,12.64383333,264.00,42.994
7642,3,832,6341.809629394832,3225.039976536856,2019-07-15T14:07:20Z,46.11813333,12.64366667,261.00,43.0
7643,3,833,6342.809629394832,3226.039976536856,2019-07-15T14:07:21Z,46.11808333,12.64351667,259.00,43.008
7644,3,834,6343.809629394832,3227.039976536856,2019-07-15T14:07:22Z,46.11803333,12.64336667,257.00,43.017
7645,3,835,6344.809629394832,3228.039976536856,2019-07-15T14:07:23Z,46.11795000,12.64326667,255.00,43.028
7646,3,836,6345.809629394832,3229.039976536856,2019-07-15T14:07:24Z,46.11788333,12.64318333,254.00,43.037
7647,3,837,6346.809629394832,3230.039976536856,2019-07-15T14:07:25Z,46.11780000,12.64310000,253.00,43.048
7648,3,838,6347.809629394832,3231.039976536856,2019-07-15T14:07:26Z,46.11771667,12.64303333,252.00,43.058
7649,3,839,6348.809629394832,3232.039976536856,2019-07-15T14:07:27Z,46.11763333,12.64298333,250.00,43.068
7650,3,840,6349.809629394832,3233.039976536856,2019-07-15T14:07:28Z,46.11755000,12.64291667,249.00,43.079
7651,3,841,6350.809629394832,3234.039976536856,2019-07-15T14:07:29Z,46.11746667,12.64286667,248.00,43.089
7652,3,842,6351.809629394832,3235.039976536856,2019-07-15T14:07:30Z,46.11738333,12.64281667,247.00,43.099
7653,3,843,6352.809629394832,3236.039976536856,2019-07-15T14:07:31Z,46.11731667,12.64278333,247.00,43.107
7654,3,844,6353.809629394832,3237.039976536856,2019-07-15T14:07:32Z,46.11726667,12.64275000,247.00,43.113
7655,3,845,6354.809629394832,3238.039976536856,2019-07-15T14:07:33Z,46.11723333,12.64273333,248.00,43.117
7656,3,846,6355.809629394832,3239.039976536856,2019-07-15T14:07:34Z,46.11723333,12.64273333,248.00,43.117
7657,3,847,6356.809629394832,3240.039976536856,2019-07-15T14:07:35Z,46.11723333,12.64273333,248.00,43.117
